0.000000000000000000e+00 -9.629845256014494481e+00 1.000000000000000000e+00
3.346912255341548015e+00 -9.612776867924374358e+00 9.982275532330636691e-01
6.693824510683096030e+00 -9.586995828744186099e+00 9.955503514198688064e-01
1.004073676602464360e+01 -9.560014156913160477e+00 9.927484713154949292e-01
1.338764902136619206e+01 -9.532559964638108951e+00 9.898975228791320191e-01
1.673456127670774052e+01 -9.504827207369464404e+00 9.870176471873265411e-01
2.008147353204928720e+01 -9.476925684789081927e+00 9.841202462594189626e-01
2.342838578739083388e+01 -9.448930176859169805e+00 9.812130855329860291e-01
2.677529804273238412e+01 -9.420893122705008338e+00 9.783016104875640329e-01
3.012221029807392725e+01 -9.392851459547188142e+00 9.753896568255562283e-01
3.346912255341548104e+01 -9.364831210667944106e+00 9.724799269042219141e-01
3.681603480875702417e+01 -9.336850693215959396e+00 9.695743228464092089e-01
4.016294706409857440e+01 -9.308922779447126317e+00 9.666741813564522223e-01
4.350985931944012464e+01 -9.281056493758541137e+00 9.637804395622960874e-01
4.685677157478166777e+01 -9.253258141200229048e+00 9.608937522044748158e-01
5.020368383012321800e+01 -9.225532105039944142e+00 9.580145744582936329e-01
5.355059608546476824e+01 -9.197881410462922958e+00 9.551432204705697648e-01
5.689750834080631847e+01 -9.170308122987856692e+00 9.522799047326721000e-01
6.024442059614785450e+01 -9.142813630063903574e+00 9.494247713226330321e-01
6.359133285148940473e+01 -9.115398840101246236e+00 9.465779145732439170e-01
6.693824510683096207e+01 -9.088064323144234180e+00 9.437393936800925198e-01
7.028515736217249810e+01 -9.060810410297849060e+00 9.409092430263877871e-01
7.363206961751404833e+01 -9.033637264001198375e+00 9.380874794804284766e-01
7.697898187285559857e+01 -9.006544927695838254e+00 9.352741075533521631e-01
8.032589412819714880e+01 -8.979533360930476604e+00 9.324691230445417700e-01
8.367280638353869904e+01 -8.952602464172162655e+00 9.296725156181147032e-01
8.701971863888024927e+01 -8.925752096342087327e+00 9.268842706239072138e-01
9.036663089422179951e+01 -8.898982087209152070e+00 9.241043703844702417e-01
9.371354314956333553e+01 -8.872292246149051209e+00 9.213327951046461628e-01
9.706045540490488577e+01 -8.845682368334527368e+00 9.185695235143883641e-01
1.004073676602464360e+02 -8.819152239109982361e+00 9.158145333230376384e-01
1.037542799155879862e+02 -8.792701637082778632e+00 9.130678015403349557e-01
1.071011921709295365e+02 -8.766330336307543547e+00 9.103293047032477991e-01
1.104481044262710725e+02 -8.740038107829416703e+00 9.075990190362267507e-01
1.137950166816126369e+02 -8.713824720774141497e+00 9.048769205644051628e-01
1.171419289369541730e+02 -8.687689943117959501e+00 9.021629851935476507e-01
1.204888411922957090e+02 -8.661633542231109928e+00 8.994571887664892795e-01
1.238357534476372734e+02 -8.635655285261377045e+00 8.967595071029642595e-01
1.271826657029788095e+02 -8.609754939404560048e+00 8.940699160276933677e-01
1.305295779583203455e+02 -8.583932272095006866e+00 8.913883913901686773e-01
1.338764902136619241e+02 -8.558187051139681145e+00 8.887149090785763095e-01
1.372234024690034460e+02 -8.532519044812323372e+00 8.860494450295745006e-01
1.405703147243449962e+02 -8.506928021919362592e+00 8.833919752351374610e-01
1.439172269796865749e+02 -8.481413751845913396e+00 8.807424757473327759e-01
1.472641392350280967e+02 -8.455976004587681061e+00 8.781009226816337554e-01
1.506110514903696469e+02 -8.430614550772892457e+00 8.754672922191972795e-01
1.539579637457111971e+02 -8.405329161677220995e+00 8.728415606084137801e-01
1.573048760010527474e+02 -8.380119609233696920e+00 8.702237041659357519e-01
1.606517882563942976e+02 -8.354985666039148384e+00 8.676136992773472167e-01
1.639987005117358478e+02 -8.329927105358141404e+00 8.650115223975727297e-01
1.673456127670773981e+02 -8.304943701125159450e+00 8.624171500511035315e-01
1.706925250224189483e+02 -8.280035227945566234e+00 8.598305588320975801e-01
1.740394372777604985e+02 -8.255201461095692750e+00 8.572517254043887647e-01
1.773863495331020204e+02 -8.230442176522290154e+00 8.546806265014298409e-01
1.807332617884435990e+02 -8.205757150841586522e+00 8.521172389261948421e-01
1.840801740437851208e+02 -8.181146161337998990e+00 8.495615395510447421e-01
1.874270862991266711e+02 -8.156608985962662928e+00 8.470135053175755768e-01
1.907739985544682213e+02 -8.132145403331804800e+00 8.444731132364484694e-01
1.941209108098097715e+02 -8.107755192724997784e+00 8.419403403872094405e-01
1.974678230651513218e+02 -8.083438134083367643e+00 8.394151639181024471e-01
2.008147353204928720e+02 -8.059194008007725785e+00 8.368975610458755376e-01
2.041616475758344222e+02 -8.035022595756700525e+00 8.343875090555875618e-01
2.075085598311759725e+02 -8.010923679244813300e+00 8.318849853004071093e-01
2.108554720865174943e+02 -7.986897041040565526e+00 8.293899672014152236e-01
2.142023843418590729e+02 -7.962942464364513917e+00 8.269024322474043398e-01
2.175492965972006232e+02 -7.939059733087323600e+00 8.244223579946770020e-01
2.208962088525421450e+02 -7.915248631727850537e+00 8.219497220668461335e-01
2.242431211078836952e+02 -7.891508945451195522e+00 8.194845021546333097e-01
2.275900333632252739e+02 -7.867840460066786612e+00 8.170266760156695840e-01
2.309369456185667957e+02 -7.844242962026442001e+00 8.145762214742939822e-01
2.342838578739083459e+02 -7.820716238422450672e+00 8.121331164213547726e-01
2.376307701292498962e+02 -7.797260076985653932e+00 8.096973388140098482e-01
2.409776823845914180e+02 -7.773874266083542928e+00 8.072688666755292175e-01
2.443245946399329966e+02 -7.750558594718327754e+00 8.048476780950946097e-01
2.476715068952745469e+02 -7.727312852525058062e+00 8.024337512276040751e-01
2.510184191506160687e+02 -7.704136829769709927e+00 8.000270642934735887e-01
2.543653314059576189e+02 -7.681030317347302905e+00 7.976275955784415395e-01
2.577122436612991692e+02 -7.657993106780009995e+00 7.952353234333719989e-01
2.610591559166406910e+02 -7.635024990215277363e+00 7.928502262740602102e-01
2.644060681719822696e+02 -7.612125760423948506e+00 7.904722825810370779e-01
2.677529804273238483e+02 -7.589295210798399083e+00 7.881014708993757667e-01
2.710998926826653701e+02 -7.566533135350667294e+00 7.857377698384978570e-01
2.744468049380068919e+02 -7.543839328710595815e+00 7.833811580719798329e-01
2.777937171933484706e+02 -7.521213586123980832e+00 7.810316143373612352e-01
2.811406294486899924e+02 -7.498655703450731735e+00 7.786891174359535928e-01
2.844875417040315710e+02 -7.476165477163010387e+00 7.763536462326469101e-01
2.878344539593731497e+02 -7.453742704343414793e+00 7.740251796557213737e-01
2.911813662147146147e+02 -7.431387182683137915e+00 7.717036966966556166e-01
2.945282784700561933e+02 -7.409098710480144234e+00 7.693891764099384245e-01
2.978751907253977720e+02 -7.386877086637348988e+00 7.670815979128783324e-01
3.012221029807392938e+02 -7.364722110660807175e+00 7.647809403854165522e-01
3.045690152360808725e+02 -7.342633582657899893e+00 7.624871830699382347e-01
3.079159274914223943e+02 -7.320611303335534004e+00 7.602003052710856190e-01
3.112628397467639161e+02 -7.298655073998346232e+00 7.579202863555714043e-01
3.146097520021054947e+02 -7.276764696546902833e+00 7.556471057519920098e-01
3.179566642574470734e+02 -7.254939973475918791e+00 7.533807429506423903e-01
3.213035765127885952e+02 -7.233180707872477910e+00 7.511211775033315163e-01
3.246504887681301170e+02 -7.211486703414242250e+00 7.488683890231961904e-01
3.279974010234716957e+02 -7.189857764367702408e+00 7.466223571845193030e-01
3.313443132788132743e+02 -7.168293695586392289e+00 7.443830617225447588e-01
3.346912255341547962e+02 -7.146794302509136720e+00 7.421504824332952888e-01
3.380381377894963180e+02 -7.125359391158297306e+00 7.399245991733901517e-01
3.413850500448378966e+02 -7.103988768138020937e+00 7.377053918598636129e-01
3.447319623001794184e+02 -7.082682240632492743e+00 7.354928404699832001e-01
3.480788745555209971e+02 -7.061439616404195263e+00 7.332869250410690709e-01
3.514257868108625189e+02 -7.040260703792181829e+00 7.310876256703148224e-01
3.547726990662040407e+02 -7.019145311710341062e+00 7.288949225146070798e-01
3.581196113215456194e+02 -6.998093249645669367e+00 7.267087957903459738e-01
3.614665235768871980e+02 -6.977104327656558524e+00 7.245292257732679486e-01
3.648134358322287198e+02 -6.956178356371083282e+00 7.223561927982670161e-01
3.681603480875702417e+02 -6.935315146985286283e+00 7.201896772592175644e-01
3.715072603429118203e+02 -6.914514511261477203e+00 7.180296596087971661e-01
3.748541725982533421e+02 -6.893776261526538995e+00 7.158761203583106081e-01
3.782010848535949208e+02 -6.873100210670224364e+00 7.137290400775136989e-01
3.815479971089364426e+02 -6.852486172143476217e+00 7.115883993944379649e-01
3.848949093642779644e+02 -6.831933959956746349e+00 7.094541789952167887e-01
3.882418216196195431e+02 -6.811443388678304345e+00 7.073263596239092177e-01
3.915887338749611217e+02 -6.791014273432579351e+00 7.052049220823282116e-01
3.949356461303026435e+02 -6.770646429898487639e+00 7.030898472298666713e-01
3.982825583856441654e+02 -6.750339674307762827e+00 7.009811159833244654e-01
4.016294706409857440e+02 -6.730093823443302981e+00 6.988787093167360132e-01
4.049763828963272658e+02 -6.709908694637520377e+00 6.967826082611997540e-01
4.083232951516688445e+02 -6.689784105770688605e+00 6.946927939047060629e-01
4.116702074070103663e+02 -6.669719875269301212e+00 6.926092473919668313e-01
4.150171196623519450e+02 -6.649715822104436569e+00 6.905319499242457137e-01
4.183640319176934668e+02 -6.629771765790115623e+00 6.884608827591878200e-01
4.217109441730349886e+02 -6.609887526381682754e+00 6.863960272106509608e-01
4.250578564283766241e+02 -6.590062924474178629e+00 6.843373646485373385e-01
4.284047686837181459e+02 -6.570297781200721943e+00 6.822848764986252368e-01
4.317516809390596109e+02 -6.550591918230894706e+00 6.802385442424013773e-01
4.350985931944012464e+02 -6.530945157769131093e+00 6.781983494168933868e-01
4.384455054497427682e+02 -6.511357322553122273e+00 6.761642736145044852e-01
4.417924177050842900e+02 -6.491828235852204365e+00 6.741362984828458416e-01
4.451393299604258686e+02 -6.472357721465774816e+00 6.721144057245723724e-01
4.484862422157673905e+02 -6.452945603721695456e+00 6.700985770972167632e-01
4.518331544711089123e+02 -6.433591707474710653e+00 6.680887944130249334e-01
4.551800667264505478e+02 -6.414295858104867243e+00 6.660850395387923895e-01
4.585269789817920696e+02 -6.395057881515938902e+00 6.640872943957006891e-01
4.618738912371335914e+02 -6.375877604133856735e+00 6.620955409591536833e-01
4.652208034924751701e+02 -6.356754852905134534e+00 6.601097612586149799e-01
4.685677157478166919e+02 -6.337689455295320684e+00 6.581299373774466277e-01
4.719146280031582137e+02 -6.318681239287431417e+00 6.561560514527462473e-01
4.752615402584997923e+02 -6.299730033380408045e+00 6.541880856751874918e-01
4.786084525138413142e+02 -6.280835666587553767e+00 6.522260222888570658e-01
4.819553647691828360e+02 -6.261997968435010442e+00 6.502698435910967412e-01
4.853022770245244715e+02 -6.243216768960209606e+00 6.483195319323429295e-01
4.886491892798659933e+02 -6.224491898710334148e+00 6.463750697159660330e-01
4.919961015352075151e+02 -6.205823188740803076e+00 6.444364393981142358e-01
4.953430137905490938e+02 -6.187210470613736746e+00 6.425036234875531882e-01
4.986899260458906156e+02 -6.168653576396440741e+00 6.405766045455087987e-01
5.020368383012321374e+02 -6.150152338659891527e+00 6.386553651855103597e-01
5.053837505565737729e+02 -6.131706590477221219e+00 6.367398880732327848e-01
5.087306628119152379e+02 -6.113316165422218340e+00 6.348301559263411775e-01
5.120775750672568165e+02 -6.094980897567824130e+00 6.329261515143344008e-01
5.154244873225983383e+02 -6.076700621484628861e+00 6.310278576583892018e-01
5.187713995779398601e+02 -6.058475172239386808e+00 6.291352572312058911e-01
5.221183118332813820e+02 -6.040304385393527653e+00 6.272483331568537990e-01
5.254652240886230175e+02 -6.022188097001669682e+00 6.253670684106167332e-01
5.288121363439645393e+02 -6.004126143610143629e+00 6.234914460188399898e-01
5.321590485993060611e+02 -5.986118362255512082e+00 6.216214490587762542e-01
5.355059608546476966e+02 -5.968164590463106656e+00 6.197570606584338337e-01
5.388528731099892184e+02 -5.950264666245558054e+00 6.178982639964242241e-01
5.421997853653307402e+02 -5.932418428101335905e+00 6.160450423018102306e-01
5.455466976206722620e+02 -5.914625715013289486e+00 6.141973788539543122e-01
5.488936098760137838e+02 -5.896886366447197325e+00 6.123552569823684788e-01
5.522405221313553056e+02 -5.879200222350317695e+00 6.105186600665629681e-01
5.555874343866969411e+02 -5.861567123149942660e+00 6.086875715358971428e-01
5.589343466420384630e+02 -5.843986909751966330e+00 6.068619748694298321e-01
5.622812588973799848e+02 -5.826459423539438909e+00 6.050418535957696742e-01
5.656281711527216203e+02 -5.808984506371135836e+00 6.032271912929264568e-01
5.689750834080631421e+02 -5.791562000580146474e+00 6.014179715881645683e-01
5.723219956634046639e+02 -5.774191748972429927e+00 5.996141781578528951e-01
5.756689079187462994e+02 -5.756873594825413498e+00 5.978157947273196049e-01
5.790158201740877075e+02 -5.739607381886569826e+00 5.960228050707039316e-01
5.823627324294292293e+02 -5.722392954372009122e+00 5.942351930108102920e-01
5.857096446847708648e+02 -5.705230156965075849e+00 5.924529424189626248e-01
5.890565569401123867e+02 -5.688118834814945401e+00 5.906760372148583960e-01
5.924034691954539085e+02 -5.671058833535226107e+00 5.889044613664237149e-01
5.957503814507955440e+02 -5.654049999202568344e+00 5.871381988896684501e-01
5.990972937061370658e+02 -5.637092178355274541e+00 5.853772338485425664e-01
6.024442059614785876e+02 -5.620185217991914506e+00 5.836215503547915739e-01
6.057911182168202231e+02 -5.603328965569946973e+00 5.818711325678141977e-01
6.091380304721617449e+02 -5.586523269004338488e+00 5.801259646945182702e-01
6.124849427275031530e+02 -5.569767976666197384e+00 5.783860309891789564e-01
6.158318549828447885e+02 -5.553062937381402442e+00 5.766513157532968670e-01
6.191787672381863104e+02 -5.536408000429236864e+00 5.749218033354557278e-01
6.225256794935278322e+02 -5.519803015541032920e+00 5.731974781311818257e-01
6.258725917488694677e+02 -5.503247832898813918e+00 5.714783245828026770e-01
6.292195040042109895e+02 -5.486742303133941512e+00 5.697643271793071396e-01
6.325664162595525113e+02 -5.470286277325769220e+00 5.680554704562051915e-01
6.359133285148941468e+02 -5.453879607000297725e+00 5.663517389953881542e-01
6.392602407702356686e+02 -5.437522144128840829e+00 5.646531174249905805e-01
6.426071530255771904e+02 -5.421213741126678087e+00 5.629595904192500333e-01
6.459540652809187122e+02 -5.404954250851735864e+00 5.612711426983703067e-01
6.493009775362602340e+02 -5.388743526603252398e+00 5.595877590283826475e-01
6.526478897916018695e+02 -5.372581422120455308e+00 5.579094242210083099e-01
6.559948020469433914e+02 -5.356467791581243532e+00 5.562361231335222200e-01
6.593417143022849132e+02 -5.340402489600870162e+00 5.545678406686156414e-01
6.626886265576265487e+02 -5.324385371230633268e+00 5.529045617742602836e-01
6.660355388129680705e+02 -5.308416291956562283e+00 5.512462714435721889e-01
6.693824510683095923e+02 -5.292495107698123924e+00 5.495929547146772842e-01
6.727293633236511141e+02 -5.276621674806908580e+00 5.479445966705746018e-01
6.760762755789926359e+02 -5.260795850065348667e+00 5.463011824390037185e-01
6.794231878343341577e+02 -5.245017490685419226e+00 5.446626971923093086e-01
6.827701000896757932e+02 -5.229286454307345622e+00 5.430291261473074726e-01
6.861170123450173151e+02 -5.213602598998327231e+00 5.414004545651527334e-01
6.894639246003588369e+02 -5.197965783251252248e+00 5.397766677512049194e-01
6.928108368557004724e+02 -5.182375865983423147e+00 5.381577510548963827e-01
6.961577491110419942e+02 -5.166832706535281261e+00 5.365436898696001045e-01
6.995046613663835160e+02 -5.151336164669139350e+00 5.349344696324979109e-01
7.028515736217250378e+02 -5.135886100567916834e+00 5.333300758244485795e-01
7.061984858770665596e+02 -5.120482374833874140e+00 5.317304939698572763e-01
7.095453981324080814e+02 -5.105124848487363920e+00 5.301357096365453270e-01
7.128923103877497169e+02 -5.089813382965567179e+00 5.285457084356190993e-01
7.162392226430912388e+02 -5.074547840121249820e+00 5.269604760213408845e-01
7.195861348984327606e+02 -5.059328082221511202e+00 5.253799980909990008e-01
7.229330471537743961e+02 -5.044153971946546022e+00 5.238042603847791190e-01
7.262799594091159179e+02 -5.029025372388404413e+00 5.222332486856354761e-01
7.296268716644574397e+02 -5.013942147049750275e+00 5.206669488191622008e-01
7.329737839197989615e+02 -4.998904159842642692e+00 5.191053466534664151e-01
7.363206961751404833e+02 -4.983911275087296922e+00 5.175484280990397812e-01
7.396676084304820051e+02 -4.968963357510862267e+00 5.159961791086317140e-01
7.430145206858236406e+02 -4.954060272246203489e+00 5.144485856771223720e-01
7.463614329411651624e+02 -4.939201884830687561e+00 5.129056338413973126e-01
7.497083451965066843e+02 -4.924388061204962419e+00 5.113673096802201501e-01
7.530552574518483198e+02 -4.909618667711750817e+00 5.098335993141073219e-01
7.564021697071898416e+02 -4.894893571094649509e+00 5.083044889052038551e-01
7.597490819625313634e+02 -4.880212638496921329e+00 5.067799646571574668e-01
7.630959942178728852e+02 -4.865575737460293482e+00 5.052600128149941083e-01
7.664429064732144070e+02 -4.850982735923770939e+00 5.037446196649942864e-01
7.697898187285559288e+02 -4.836433502222440062e+00 5.022337715345693843e-01
7.731367309838975643e+02 -4.821927905086280219e+00 5.007274547921377605e-01
7.764836432392390861e+02 -4.807465813638981622e+00 4.992256558470025141e-01
7.798305554945806080e+02 -4.793047097396761380e+00 4.977283611492279158e-01
7.831774677499222435e+02 -4.778671626267190220e+00 4.962355571895181172e-01
7.865243800052637653e+02 -4.764339270548015648e+00 4.947472304990945813e-01
7.898712922606052871e+02 -4.750049900925993107e+00 4.932633676495749575e-01
7.932182045159469226e+02 -4.735803388475718023e+00 4.917839552528516789e-01
7.965651167712883307e+02 -4.721599604658464955e+00 4.903089799609712807e-01
7.999120290266298525e+02 -4.707438421321025857e+00 4.888384284660139967e-01
8.032589412819714880e+02 -4.693319710694553670e+00 4.873722874999736887e-01
8.066058535373130098e+02 -4.679243345393408582e+00 4.859105438346376649e-01
8.099527657926545317e+02 -4.665209198414015823e+00 4.844531842814685518e-01
8.132996780479960535e+02 -4.651217143133707488e+00 4.830001956914837802e-01
8.166465903033376890e+02 -4.637267053309591880e+00 4.815515649551380672e-01
8.199935025586793245e+02 -4.623358803077405987e+00 4.801072790022044567e-01
8.233404148140207326e+02 -4.609492266950385719e+00 4.786673248016569682e-01
8.266873270693623681e+02 -4.595667319818129037e+00 4.772316893615524691e-01
8.300342393247038899e+02 -4.581883836945472410e+00 4.758003597289139908e-01
8.333811515800452980e+02 -4.568141693971361939e+00 4.743733229896135994e-01
8.367280638353869335e+02 -4.554440766907728033e+00 4.729505662682553790e-01
8.400749760907285690e+02 -4.540780932138373416e+00 4.715320767280602454e-01
8.434218883460699772e+02 -4.527162066417855790e+00 4.701178415707494840e-01
8.467688006014116127e+02 -4.513584046870372291e+00 4.687078480364293975e-01
8.501157128567532482e+02 -4.500046750988657251e+00 4.673020834034764537e-01
8.534626251120946563e+02 -4.486550056632868433e+00 4.659005349884217662e-01
8.568095373674362918e+02 -4.473093842029492784e+00 4.645031901458375745e-01
8.601564496227778136e+02 -4.459677985770243325e+00 4.631100362682225580e-01
8.635033618781192217e+02 -4.446302366810965800e+00 4.617210607858882043e-01
8.668502741334608572e+02 -4.432966864470547108e+00 4.603362511668458446e-01
8.701971863888024927e+02 -4.419671358429822838e+00 4.589555949166926330e-01
8.735440986441439009e+02 -4.406415728730495474e+00 4.575790795784998588e-01
8.768910108994855364e+02 -4.393199855774049034e+00 4.562066927326995369e-01
8.802379231548271719e+02 -4.380023620320673494e+00 4.548384219969734410e-01
8.835848354101685800e+02 -4.366886903488187421e+00 4.534742550261406380e-01
8.869317476655102155e+02 -4.353789586750961504e+00 4.521141795120459661e-01
8.902786599208517373e+02 -4.340731551938857180e+00 4.507581831834498454e-01
8.936255721761932591e+02 -4.327712681236153713e+00 4.494062538059168110e-01
8.969724844315347809e+02 -4.314732857180485937e+00 4.480583791817050465e-01
9.003193966868764164e+02 -4.301791962661789981e+00 4.467145471496572484e-01
9.036663089422178246e+02 -4.288889880921237463e+00 4.453747455850896042e-01
9.070132211975594601e+02 -4.276026495550192763e+00 4.440389623996837121e-01
9.103601334529010956e+02 -4.263201690489152540e+00 4.427071855413764467e-01
9.137070457082425037e+02 -4.250415350026704786e+00 4.413794029942517128e-01
9.170539579635841392e+02 -4.237667358798485218e+00 4.400556027784323088e-01
9.204008702189256610e+02 -4.224957601786131001e+00 4.387357729499710146e-01
9.237477824742671828e+02 -4.212285964316248688e+00 4.374199016007436769e-01
9.270946947296087046e+02 -4.199652332059376825e+00 4.361079768583412952e-01
9.304416069849503401e+02 -4.187056591028953001e+00 4.347999868859627748e-01
9.337885192402917482e+02 -4.174498627580291554e+00 4.334959198823088999e-01
9.371354314956333837e+02 -4.161978328409551509e+00 4.321957640814749757e-01
9.404823437509750192e+02 -4.149495580552713392e+00 4.308995077528448014e-01
9.438292560063164274e+02 -4.137050271384571154e+00 4.296071392009857548e-01
9.471761682616580629e+02 -4.124642288617700103e+00 4.283186467655417107e-01
9.505230805169995847e+02 -4.112271520301456817e+00 4.270340188211293464e-01
9.538699927723411065e+02 -4.099937854820964844e+00 4.257532437772325040e-01
9.572169050276826283e+02 -4.087641180896103954e+00 4.244763100780974407e-01
9.605638172830242638e+02 -4.075381387580508274e+00 4.232032062026287456e-01
9.639107295383656719e+02 -4.063158364260572419e+00 4.219339206642861995e-01
9.672576417937073074e+02 -4.050972000654439853e+00 4.206684420109795264e-01
9.706045540490489429e+02 -4.038822186811018788e+00 4.194067588249664746e-01
9.739514663043903511e+02 -4.026708813108987428e+00 4.181488597227492887e-01
9.772983785597319866e+02 -4.014631770255803644e+00 4.168947333549719025e-01
9.806452908150735084e+02 -4.002590949286717326e+00 4.156443684063174659e-01
9.839922030704150302e+02 -3.990586241563790715e+00 4.143977535954067037e-01
9.873391153257565520e+02 -3.978617538774916973e+00 4.131548776746956642e-01
9.906860275810981875e+02 -3.966684732932842294e+00 4.119157294303745220e-01
9.940329398364395956e+02 -3.954787716374193796e+00 4.106802976822664375e-01
9.973798520917812311e+02 -3.942926381758502963e+00 4.094485712837261371e-01
1.000726764347122867e+03 -3.931100622067242867e+00 4.082205391215401602e-01
1.004073676602464275e+03 -3.919310330602861381e+00 4.069961901158261064e-01
1.007420588857805910e+03 -3.907555400987813510e+00 4.057755132199324932e-01
1.010767501113147546e+03 -3.895835727163609263e+00 4.045584974203396134e-01
1.014114413368488954e+03 -3.884151203389852203e+00 4.033451317365598365e-01
1.017461325623830476e+03 -3.872501724243285093e+00 4.021354052210386332e-01
1.020808237879172111e+03 -3.860887184616840440e+00 4.009293069590555980e-01
1.024155150134513633e+03 -3.849307479718692360e+00 3.997268260686263619e-01
1.027502062389855155e+03 -3.837762505071308006e+00 3.985279517004038929e-01
1.030848974645196677e+03 -3.826252156510510094e+00 3.973326730375812410e-01
1.034195886900538198e+03 -3.814776330184533659e+00 3.961409792957935605e-01
1.037542799155879720e+03 -3.803334922553086361e+00 3.949528597230204108e-01
1.040889711411221469e+03 -3.791927830386421228e+00 3.937683035994897218e-01
1.044236623666562764e+03 -3.780554950764401401e+00 3.925873002375803722e-01
1.047583535921904513e+03 -3.769216181075568439e+00 3.914098389817257106e-01
1.050930448177246035e+03 -3.757911419016223942e+00 3.902359092083179659e-01
1.054277360432587557e+03 -3.746640562589500068e+00 3.890655003256119349e-01
1.057624272687929079e+03 -3.735403510104440716e+00 3.878986017736293923e-01
1.060971184943270600e+03 -3.724200160175087593e+00 3.867352030240642780e-01
1.064318097198612122e+03 -3.713030411719560497e+00 3.855752935801870507e-01
1.067665009453953644e+03 -3.701894163959148720e+00 3.844188629767507082e-01
1.071011921709295393e+03 -3.690791316417400214e+00 3.832659007798956408e-01
1.074358833964636688e+03 -3.679721768919215208e+00 3.821163965870560952e-01
1.077705746219978437e+03 -3.668685421589941598e+00 3.809703400268656948e-01
1.081052658475319959e+03 -3.657682174854478330e+00 3.798277207590647908e-01
1.084399570730661480e+03 -3.646711929436370347e+00 3.786885284744062052e-01
1.087746482986003002e+03 -3.635774586356915972e+00 3.775527528945625821e-01
1.091093395241344524e+03 -3.624870046934276058e+00 3.764203837720339063e-01
1.094440307496686046e+03 -3.613998212782580488e+00 3.752914108900547996e-01
1.097787219752027568e+03 -3.603158985811040438e+00 3.741658240625021503e-01
1.101134132007369317e+03 -3.592352268223064637e+00 3.730436131338035755e-01
1.104481044262710611e+03 -3.581577962515380076e+00 3.719247679788458272e-01
1.107827956518052360e+03 -3.570835971477144266e+00 3.708092785028828664e-01
1.111174868773393882e+03 -3.560126198189075275e+00 3.696971346414454351e-01
1.114521781028735404e+03 -3.549448546022575979e+00 3.685883263602500182e-01
1.117868693284076926e+03 -3.538802918638856987e+00 3.674828436551079158e-01
1.121215605539418675e+03 -3.528189219988077330e+00 3.663806765518358155e-01
1.124562517794759970e+03 -3.517607354308469159e+00 3.652818151061652530e-01
1.127909430050101491e+03 -3.507057226125474880e+00 3.641862494036525177e-01
1.131256342305443241e+03 -3.496538740250889621e+00 3.630939695595900574e-01
1.134603254560784535e+03 -3.486051801782000581e+00 3.620049657189167713e-01
1.137950166816126284e+03 -3.475596316100730387e+00 3.609192280561293042e-01
1.141297079071467806e+03 -3.465172188872782222e+00 3.598367467751931170e-01
1.144643991326809328e+03 -3.454779326046792054e+00 3.587575121094543906e-01
1.147990903582150850e+03 -3.444417633853476435e+00 3.576815143215518189e-01
1.151337815837492599e+03 -3.434087018804787395e+00 3.566087437033285679e-01
1.154684728092833893e+03 -3.423787387693072226e+00 3.555391905757451232e-01
1.158031640348175415e+03 -3.413518647590227495e+00 3.544728452887913606e-01
1.161378552603517164e+03 -3.403280705846864151e+00 3.534096982214001148e-01
1.164725464858858459e+03 -3.393073470091470867e+00 3.523497397813599719e-01
1.168072377114200208e+03 -3.382896848229577813e+00 3.512929604052285604e-01
1.171419289369541730e+03 -3.372750748442931545e+00 3.502393505582468980e-01
1.174766201624883251e+03 -3.362635079188661447e+00 3.491889007342529050e-01
1.178113113880224773e+03 -3.352549749198453277e+00 3.481416014555953065e-01
1.181460026135566522e+03 -3.342494667477732051e+00 3.470974432730490888e-01
1.184806938390907817e+03 -3.332469743304834253e+00 3.460564167657294021e-01
1.188153850646249566e+03 -3.322474886230192936e+00 3.450185125410069054e-01
1.191500762901591088e+03 -3.312510006075521041e+00 3.439837212344230566e-01
1.194847675156932382e+03 -3.302575012932996490e+00 3.429520335096052919e-01
1.198194587412274132e+03 -3.292669817164450841e+00 3.419234400581830924e-01
1.201541499667615653e+03 -3.282794329400564592e+00 3.408979315997041626e-01
1.204888411922957175e+03 -3.272948460540054949e+00 3.398754988815501088e-01
1.208235324178298697e+03 -3.263132121748877346e+00 3.388561326788536721e-01
1.211582236433640446e+03 -3.253345224459419427e+00 3.378398237944149618e-01
1.214929148688981741e+03 -3.243587680369705240e+00 3.368265630586185777e-01
1.218276060944323490e+03 -3.233859401442595871e+00 3.358163413293511201e-01
1.221622973199665012e+03 -3.224160299904997196e+00 3.348091494919183120e-01
1.224969885455006306e+03 -3.214490288247068062e+00 3.338049784589632862e-01
1.228316797710348055e+03 -3.204849279221428482e+00 3.328038191703840409e-01
1.231663709965689577e+03 -3.195237185842374927e+00 3.318056625932521153e-01
1.235010622221031099e+03 -3.185653921385092957e+00 3.308104997217307108e-01
1.238357534476372621e+03 -3.176099399384878730e+00 3.298183215769940335e-01
1.241704446731714370e+03 -3.166573533636354298e+00 3.288291192071454705e-01
1.245051358987055664e+03 -3.157076238192693562e+00 3.278428836871375984e-01
1.248398271242397414e+03 -3.147607427364842891e+00 3.268596061186910262e-01
1.251745183497738935e+03 -3.138167015720750186e+00 3.258792776302143479e-01
1.255092095753080457e+03 -3.128754918084599712e+00 3.249018893767248173e-01
1.258439008008421979e+03 -3.119371049536030505e+00 3.239274325397670240e-01
1.261785920263763501e+03 -3.110015325409381415e+00 3.229558983273345119e-01
1.265132832519105023e+03 -3.100687661292924613e+00 3.219872779737902868e-01
1.268479744774446544e+03 -3.091387973028100422e+00 3.210215627397873250e-01
1.271826657029788294e+03 -3.082116176708761479e+00 3.200587439121900801e-01
1.275173569285129588e+03 -3.072872188680415562e+00 3.190988128039957128e-01
1.278520481540471337e+03 -3.063655925539467972e+00 3.181417607542557646e-01
1.281867393795812859e+03 -3.054467304132471916e+00 3.171875791279978318e-01
1.285214306051154381e+03 -3.045306241555379767e+00 3.162362593161482383e-01
1.288561218306495903e+03 -3.036172655152787669e+00 3.152877927354534315e-01
1.291908130561837424e+03 -3.027066462517198797e+00 3.143421708284034333e-01
1.295255042817179174e+03 -3.017987581488274618e+00 3.133993850631541234e-01
1.298601955072520468e+03 -3.008935930152094596e+00 3.124594269334503571e-01
1.301948867327862217e+03 -2.999911426840416784e+00 3.115222879585492488e-01
1.305295779583203739e+03 -2.990913990129941968e+00 3.105879596831436773e-01
1.308642691838545261e+03 -2.981943538841579588e+00 3.096564336772860138e-01
1.311989604093886783e+03 -2.972999992039712325e+00 3.087277015363119603e-01
1.315336516349228305e+03 -2.964083269031469126e+00 3.078017548807647774e-01
1.318683428604569826e+03 -2.955193289365996456e+00 3.068785853563198995e-01
1.322030340859911348e+03 -2.946329972833728661e+00 3.059581846337089406e-01
1.325377253115253097e+03 -2.937493239465670758e+00 3.050405444086451978e-01
1.328724165370594392e+03 -2.928683009532673687e+00 3.041256564017486563e-01
1.332071077625936141e+03 -2.919899203544710886e+00 3.032135123584706604e-01
1.335417989881277663e+03 -2.911141742250169528e+00 3.023041040490202502e-01
1.338764902136619185e+03 -2.902410546635129318e+00 3.013974232682893883e-01
1.342111814391960706e+03 -2.893705537922651061e+00 3.004934618357792409e-01
1.345458726647302228e+03 -2.885026637572065233e+00 2.995922115955258480e-01
1.348805638902643750e+03 -2.876373767278266769e+00 2.986936644160274046e-01
1.352152551157985272e+03 -2.867746848971003182e+00 2.977978121901699304e-01
1.355499463413327021e+03 -2.859145804814174685e+00 2.969046468351548285e-01
1.358846375668668315e+03 -2.850570557205131195e+00 2.960141602924258319e-01
1.362193287924010065e+03 -2.842021028773968894e+00 2.951263445275959518e-01
1.365540200179351586e+03 -2.833497142382835232e+00 2.942411915303751457e-01
1.368887112434693108e+03 -2.824998821125233484e+00 2.933586933144984310e-01
1.372234024690034630e+03 -2.816525988325325969e+00 2.924788419176532206e-01
1.375580936945376152e+03 -2.808078567537243941e+00 2.916016294014078247e-01
1.378927849200717674e+03 -2.799656482544400138e+00 2.907270478511400635e-01
1.382274761456059196e+03 -2.791259657358795998e+00 2.898550893759652136e-01
1.385621673711400945e+03 -2.782888016220339544e+00 2.889857461086652868e-01
1.388968585966742239e+03 -2.774541483596162372e+00 2.881190102056180313e-01
1.392315498222083988e+03 -2.766219984179934865e+00 2.872548738467258223e-01
1.395662410477425510e+03 -2.757923442891190291e+00 2.863933292353456062e-01
1.399009322732767032e+03 -2.749651784874646232e+00 2.855343685982182911e-01
1.402356234988108554e+03 -2.741404935499526907e+00 2.846779841853983029e-01
1.405703147243450076e+03 -2.733182820358894372e+00 2.838241682701843627e-01
1.409050059498791597e+03 -2.724985365268971282e+00 2.829729131490490435e-01
1.412396971754133119e+03 -2.716812496268477872e+00 2.821242111415698250e-01
1.415743884009474868e+03 -2.708664139617961375e+00 2.812780545903597051e-01
1.419090796264816163e+03 -2.700540221799129004e+00 2.804344358609976440e-01
1.422437708520157912e+03 -2.692440669514188034e+00 2.795933473419601745e-01
1.425784620775499434e+03 -2.684365409685182779e+00 2.787547814445526795e-01
1.429131533030840956e+03 -2.676314369453335562e+00 2.779187306028406690e-01
1.432478445286182478e+03 -2.668287476178389017e+00 2.770851872735817789e-01
1.435825357541523999e+03 -2.660284657437951950e+00 2.762541439361575479e-01
1.439172269796865521e+03 -2.652305841026844746e+00 2.754255930925057494e-01
1.442519182052207043e+03 -2.644350954956444788e+00 2.745995272670521126e-01
1.445866094307548792e+03 -2.636419927454045631e+00 2.737759390066441534e-01
1.449213006562890087e+03 -2.628512686962201084e+00 2.729548208804825626e-01
1.452559918818231836e+03 -2.620629162138081725e+00 2.721361654800548702e-01
1.455906831073573358e+03 -2.612769281852834524e+00 2.713199654190686094e-01
1.459253743328914879e+03 -2.604932975190937139e+00 2.705062133333844820e-01
1.462600655584256401e+03 -2.597120171449558423e+00 2.696949018809497445e-01
1.465947567839597923e+03 -2.589330800137925159e+00 2.688860237417327048e-01
1.469294480094939445e+03 -2.581564790976679014e+00 2.680795716176556098e-01
1.472641392350280967e+03 -2.573822073897247265e+00 2.672755382325297524e-01
1.475988304605622716e+03 -2.566102579041209530e+00 2.664739163319891913e-01
1.479335216860964010e+03 -2.558406236759667607e+00 2.656746986834257473e-01
1.482682129116305759e+03 -2.550732977612614860e+00 2.648778780759232232e-01
1.486029041371647281e+03 -2.543082732368314058e+00 2.640834473201930099e-01
1.489375953626988803e+03 -2.535455432002668541e+00 2.632913992485085841e-01
1.492722865882330325e+03 -2.527851007698601826e+00 2.625017267146412814e-01
1.496069778137671847e+03 -2.520269390845435442e+00 2.617144225937956259e-01
1.499416690393013369e+03 -2.512710513038271198e+00 2.609294797825450485e-01
1.502763602648354890e+03 -2.505174306077372126e+00 2.601468911987677157e-01
1.506110514903696640e+03 -2.497660701967549635e+00 2.593666497815829697e-01
1.509457427159037934e+03 -2.490169632917548892e+00 2.585887484912873790e-01
1.512804339414379683e+03 -2.482701031339435094e+00 2.578131803092909569e-01
1.516151251669721205e+03 -2.475254829847986837e+00 2.570399382380543774e-01
1.519498163925062727e+03 -2.467830961260087719e+00 2.562690153010256378e-01
1.522845076180404249e+03 -2.460429358594116600e+00 2.555004045425767201e-01
1.526191988435745770e+03 -2.453049955069348087e+00 2.547340990279414186e-01
1.529538900691087292e+03 -2.445692684105347681e+00 2.539700918431525012e-01
1.532885812946428814e+03 -2.438357479321371368e+00 2.532083760949794260e-01
1.536232725201770563e+03 -2.431044274535765215e+00 2.524489449108657801e-01
1.539579637457111858e+03 -2.423753003765371616e+00 2.516917914388678845e-01
1.542926549712453607e+03 -2.416483601224929778e+00 2.509369088475924547e-01
1.546273461967795129e+03 -2.409236001326486853e+00 2.501842903261352613e-01
1.549620374223136650e+03 -2.402010138678801532e+00 2.494339290840195400e-01
1.552967286478478172e+03 -2.394805948086756509e+00 2.486858183511346798e-01
1.556314198733819694e+03 -2.387623364550771399e+00 2.479399513776753550e-01
1.559661110989161216e+03 -2.380462323266213875e+00 2.471963214340804627e-01
1.563008023244502738e+03 -2.373322759622815692e+00 2.464549218109723938e-01
1.566354935499844487e+03 -2.366204609204089593e+00 2.457157458190964705e-01
1.569701847755185781e+03 -2.359107807786750222e+00 2.449787867892608828e-01
1.573048760010527531e+03 -2.352032291340131476e+00 2.442440380722760984e-01
1.576395672265869052e+03 -2.344977996025610967e+00 2.435114930388951326e-01
1.579742584521210574e+03 -2.337944858196032261e+00 2.427811450797536241e-01
1.583089496776552096e+03 -2.330932814395132890e+00 2.420529876053103269e-01
1.586436409031893845e+03 -2.323941801356971038e+00 2.413270140457876023e-01
1.589783321287235140e+03 -2.316971756005353100e+00 2.406032178511120223e-01
1.593130233542576661e+03 -2.310022615453265260e+00 2.398815924908553054e-01
1.596477145797918411e+03 -2.303094317002308600e+00 2.391621314541756693e-01
1.599824058053259705e+03 -2.296186798142130669e+00 2.384448282497587945e-01
1.603170970308601454e+03 -2.289299996549860605e+00 2.377296764057591494e-01
1.606517882563942976e+03 -2.282433850089551353e+00 2.370166694697420917e-01
1.609864794819284498e+03 -2.275588296811614342e+00 2.363058010086251937e-01
1.613211707074626020e+03 -2.268763274952262154e+00 2.355970646086202602e-01
1.616558619329967769e+03 -2.261958722932952526e+00 2.348904538751757365e-01
1.619905531585309063e+03 -2.255174579359831899e+00 2.341859624329188094e-01
1.623252443840650812e+03 -2.248410783023178983e+00 2.334835839255976764e-01
1.626599356095992107e+03 -2.241667272896858076e+00 2.327833120160247848e-01
1.629946268351333629e+03 -2.234943988137763071e+00 2.320851403860190176e-01
1.633293180606675378e+03 -2.228240868085271220e+00 2.313890627363490715e-01
1.636640092862016900e+03 -2.221557852260695576e+00 2.306950727866765305e-01
1.639987005117358649e+03 -2.214894880366738317e+00 2.300031642754991890e-01
1.643333917372699716e+03 -2.208251892286948070e+00 2.293133309600945413e-01
1.646680829628041465e+03 -2.201628828085175016e+00 2.286255666164632994e-01
1.650027741883382987e+03 -2.195025628005034868e+00 2.279398650392737979e-01
1.653374654138724736e+03 -2.188442232469364868e+00 2.272562200418052902e-01
1.656721566394066258e+03 -2.181878582079688211e+00 2.265746254558926032e-01
1.660068478649407780e+03 -2.175334617615678923e+00 2.258950751318702932e-01
1.663415390904749074e+03 -2.168810280034627613e+00 2.252175629385174127e-01
1.666762303160090596e+03 -2.162305510470903691e+00 2.245420827630014715e-01
1.670109215415432345e+03 -2.155820250235432223e+00 2.238686285108242580e-01
1.673456127670773867e+03 -2.149354440815160583e+00 2.231971941057663833e-01
1.676803039926115616e+03 -2.142908023872528656e+00 2.225277734898322146e-01
1.680149952181457138e+03 -2.136480941244945697e+00 2.218603606231956682e-01
1.683496864436798433e+03 -2.130073134944263646e+00 2.211949494841454200e-01
1.686843776692139954e+03 -2.123684547156254432e+00 2.205315340690307269e-01
1.690190688947481704e+03 -2.117315120240089055e+00 2.198701083922071919e-01
1.693537601202823225e+03 -2.110964796727816228e+00 2.192106664859827247e-01
1.696884513458164747e+03 -2.104633519323845459e+00 2.185532024005638618e-01
1.700231425713506496e+03 -2.098321230904427459e+00 2.178977102040017544e-01
1.703578337968847563e+03 -2.092027874517143893e+00 2.172441839821392662e-01
1.706925250224189313e+03 -2.085753393380385567e+00 2.165926178385566836e-01
1.710272162479530834e+03 -2.079497730882847062e+00 2.159430058945193409e-01
1.713619074734872584e+03 -2.073260830583016023e+00 2.152953422889244683e-01
1.716965986990214105e+03 -2.067042636208655804e+00 2.146496211782475683e-01
1.720312899245555627e+03 -2.060843091656308079e+00 2.140058367364907621e-01
1.723659811500897376e+03 -2.054662140990779928e+00 2.133639831551294719e-01
1.727006723756238443e+03 -2.048499728444642898e+00 2.127240546430603507e-01
1.730353636011580193e+03 -2.042355798417724966e+00 2.120860454265487416e-01
1.733700548266921714e+03 -2.036230295476615382e+00 2.114499497491769964e-01
1.737047460522263464e+03 -2.030123164354160181e+00 2.108157618717922677e-01
1.740394372777604985e+03 -2.024034349948963030e+00 2.101834760724546058e-01
1.743741285032946507e+03 -2.017963797324892727e+00 2.095530866463858055e-01
1.747088197288287802e+03 -2.011911451710581389e+00 2.089245879059173361e-01
1.750435109543629551e+03 -2.005877258498934612e+00 2.082979741804394658e-01
1.753782021798971073e+03 -1.999861163246637652e+00 2.076732398163499138e-01
1.757128934054312595e+03 -1.993863111673664035e+00 2.070503791770029467e-01
1.760475846309654344e+03 -1.987883049662785506e+00 2.064293866426583635e-01
1.763822758564995866e+03 -1.981920923259084422e+00 2.058102566104309805e-01
1.767169670820337160e+03 -1.975976678669467246e+00 2.051929834942399777e-01
1.770516583075678682e+03 -1.970050262262176055e+00 2.045775617247583000e-01
1.773863495331020431e+03 -1.964141620566309587e+00 2.039639857493628361e-01
1.777210407586361953e+03 -1.958250700271338296e+00 2.033522500320840976e-01
1.780557319841703475e+03 -1.952377448226622070e+00 2.027423490535561201e-01
1.783904232097045224e+03 -1.946521811440933281e+00 2.021342773109669477e-01
1.787251144352386518e+03 -1.940683737081977833e+00 2.015280293180088944e-01
1.790598056607728040e+03 -1.934863172475915327e+00 2.009235996048286954e-01
1.793944968863069562e+03 -1.929060065106889654e+00 2.003209827179787961e-01
1.797291881118411311e+03 -1.923274362616550492e+00 1.997201732203676416e-01
1.800638793373752833e+03 -1.917506012803583459e+00 1.991211656912109107e-01
1.803985705629094355e+03 -1.911754963623237602e+00 1.985239547259823600e-01
1.807332617884435649e+03 -1.906021163186856660e+00 1.979285349363653079e-01
1.810679530139777398e+03 -1.900304559761409884e+00 1.973349009502037565e-01
1.814026442395118920e+03 -1.894605101769026412e+00 1.967430474114541528e-01
1.817373354650460442e+03 -1.888922737786530748e+00 1.961529689801370102e-01
1.820720266905802191e+03 -1.883257416544976248e+00 1.955646603322886978e-01
1.824067179161143713e+03 -1.877609086929183935e+00 1.949781161599132839e-01
1.827414091416485007e+03 -1.871977697977281752e+00 1.943933311709348799e-01
1.830761003671826529e+03 -1.866363198880243823e+00 1.938103000891497063e-01
1.834107915927168278e+03 -1.860765538981433043e+00 1.932290176541786308e-01
1.837454828182509800e+03 -1.855184667776142993e+00 1.926494786214195676e-01
1.840801740437851322e+03 -1.849620534911142755e+00 1.920716777620002369e-01
1.844148652693193071e+03 -1.844073090184222830e+00 1.914956098627310366e-01
1.847495564948534366e+03 -1.838542283543742606e+00 1.909212697260579128e-01
1.850842477203875887e+03 -1.833028065088175618e+00 1.903486521700153700e-01
1.854189389459217409e+03 -1.827530385065664564e+00 1.897777520281800356e-01
1.857536301714559158e+03 -1.822049193873568562e+00 1.892085641496237536e-01
1.860883213969900680e+03 -1.816584442058016835e+00 1.886410833988672875e-01
1.864230126225242202e+03 -1.811136080313461516e+00 1.880753046558337749e-01
1.867577038480583496e+03 -1.805704059482236223e+00 1.875112228158028749e-01
1.870923950735925246e+03 -1.800288330554106198e+00 1.869488327893642499e-01
1.874270862991266767e+03 -1.794888844665832206e+00 1.863881295023719908e-01
1.877617775246608289e+03 -1.789505553100727564e+00 1.858291078958988762e-01
1.880964687501950038e+03 -1.784138407288217820e+00 1.852717629261905197e-01
1.884311599757291560e+03 -1.778787358803402219e+00 1.847160895646197676e-01
1.887658512012632855e+03 -1.773452359366620046e+00 1.841620827976418739e-01
1.891005424267974377e+03 -1.768133360843009871e+00 1.836097376267484815e-01
1.894352336523316126e+03 -1.762830315242079671e+00 1.830590490684231852e-01
1.897699248778657648e+03 -1.757543174717271395e+00 1.825100121540962350e-01
1.901046161033999169e+03 -1.752271891565530648e+00 1.819626219300997938e-01
1.904393073289340919e+03 -1.747016418226875700e+00 1.814168734576233066e-01
1.907739985544682213e+03 -1.741776707283968051e+00 1.808727618126687864e-01
1.911086897800023735e+03 -1.736552711461684995e+00 1.803302820860064604e-01
1.914433810055365257e+03 -1.731344383626693073e+00 1.797894293831305834e-01
1.917780722310707006e+03 -1.726151676787022415e+00 1.792501988242150845e-01
1.921127634566048528e+03 -1.720974544091644187e+00 1.787125855440697131e-01
1.924474546821390049e+03 -1.715812938830045598e+00 1.781765846920960183e-01
1.927821459076731344e+03 -1.710666814431810678e+00 1.776421914322436901e-01
1.931168371332073093e+03 -1.705536124466197512e+00 1.771094009429667604e-01
1.934515283587414615e+03 -1.700420822641722784e+00 1.765782084171803323e-01
1.937862195842756137e+03 -1.695320862805741013e+00 1.760486090622170319e-01
1.941209108098097886e+03 -1.690236198944029322e+00 1.755205980997837645e-01
1.944556020353439408e+03 -1.685166785180373106e+00 1.749941707659187495e-01
1.947902932608780702e+03 -1.680112575776151251e+00 1.744693223109484992e-01
1.951249844864122224e+03 -1.675073525129922469e+00 1.739460479994447417e-01
1.954596757119463973e+03 -1.670049587777015176e+00 1.734243431101819000e-01
1.957943669374805495e+03 -1.665040718389118046e+00 1.729042029360945976e-01
1.961290581630147017e+03 -1.660046871773869448e+00 1.723856227842349986e-01
1.964637493885488766e+03 -1.655068002874449329e+00 1.718685979757303695e-01
1.967984406140830060e+03 -1.650104066769175981e+00 1.713531238457413064e-01
1.971331318396171582e+03 -1.645155018671095037e+00 1.708391957434189923e-01
1.974678230651513104e+03 -1.640220813927581123e+00 1.703268090318638683e-01
1.978025142906854853e+03 -1.635301408019932623e+00 1.698159590880835290e-01
1.981372055162196375e+03 -1.630396756562968452e+00 1.693066413029508110e-01
1.984718967417538124e+03 -1.625506815304630370e+00 1.687988510811625487e-01
1.988065879672879191e+03 -1.620631540125582637e+00 1.682925838411980513e-01
1.991412791928220940e+03 -1.615770887038812553e+00 1.677878350152774700e-01
1.994759704183562462e+03 -1.610924812189235444e+00 1.672846000493209417e-01
1.998106616438903984e+03 -1.606093271853298088e+00 1.667828744029072885e-01
2.001453528694245733e+03 -1.601276222438585028e+00 1.662826535492331892e-01
2.004800440949587255e+03 -1.596473620483424893e+00 1.657839329750722956e-01
2.008147353204928550e+03 -1.591685422656496929e+00 1.652867081807343486e-01
2.011494265460270071e+03 -1.586911585756441978e+00 1.647909746800248487e-01
2.014841177715611821e+03 -1.582152066711471239e+00 1.642967280002043118e-01
2.018188089970953342e+03 -1.577406822578980350e+00 1.638039636819483003e-01
2.021535002226295092e+03 -1.572675810545156594e+00 1.633126772793065673e-01
2.024881914481636613e+03 -1.567958987924598757e+00 1.628228643596636716e-01
2.028228826736977908e+03 -1.563256312159928552e+00 1.623345205036984817e-01
2.031575738992319430e+03 -1.558567740821405589e+00 1.618476413053443197e-01
2.034922651247660951e+03 -1.553893231606548131e+00 1.613622223717495197e-01
2.038269563503002701e+03 -1.549232742339748947e+00 1.608782593232375713e-01
2.041616475758344222e+03 -1.544586230971895624e+00 1.603957477932676234e-01
2.044963388013685972e+03 -1.539953655579990199e+00 1.599146834283950991e-01
2.048310300269027266e+03 -1.535334974366772354e+00 1.594350618882324211e-01
2.051657212524368788e+03 -1.530730145660340602e+00 1.589568788454098214e-01
2.055004124779710310e+03 -1.526139127913778815e+00 1.584801299855364831e-01
2.058351037035051831e+03 -1.521561879704778075e+00 1.580048110071612111e-01
2.061697949290393353e+03 -1.516998359735265867e+00 1.575309176217340734e-01
2.065044861545735330e+03 -1.512448526831032369e+00 1.570584455535674606e-01
2.068391773801076397e+03 -1.507912339941358537e+00 1.565873905397975607e-01
2.071738686056417919e+03 -1.503389758138645282e+00 1.561177483303458069e-01
2.075085598311759441e+03 -1.498880740618045770e+00 1.556495146878806302e-01
2.078432510567101417e+03 -1.494385246697097269e+00 1.551826853877794066e-01
2.081779422822442939e+03 -1.489903235815351890e+00 1.547172562180898769e-01
2.085126335077784461e+03 -1.485434667534013098e+00 1.542532229794926213e-01
2.088473247333125528e+03 -1.480979501535569565e+00 1.537905814852628950e-01
2.091820159588467504e+03 -1.476537697623430567e+00 1.533293275612328532e-01
2.095167071843809026e+03 -1.472109215721565834e+00 1.528694570457540258e-01
2.098513984099150548e+03 -1.467694015874141833e+00 1.524109657896597081e-01
2.101860896354492070e+03 -1.463292058245162508e+00 1.519538496562275465e-01
2.105207808609833592e+03 -1.458903303118108674e+00 1.514981045211421518e-01
2.108554720865175113e+03 -1.454527710895580528e+00 1.510437262724579066e-01
2.111901633120516635e+03 -1.450165242098939933e+00 1.505907108105618841e-01
2.115248545375858157e+03 -1.445815857367955148e+00 1.501390540481369329e-01
2.118595457631199679e+03 -1.441479517460444226e+00 1.496887519101246233e-01
2.121942369886541201e+03 -1.437156183251922403e+00 1.492398003336886936e-01
2.125289282141883177e+03 -1.432845815735248163e+00 1.487921952681781901e-01
2.128636194397224244e+03 -1.428548376020271737e+00 1.483459326750911078e-01
2.131983106652565766e+03 -1.424263825333482725e+00 1.479010085280376696e-01
2.135330018907907288e+03 -1.419992125017663920e+00 1.474574188127044105e-01
2.138676931163249265e+03 -1.415733236531538486e+00 1.470151595268175959e-01
2.142023843418590786e+03 -1.411487121449424453e+00 1.465742266801073057e-01
2.145370755673932308e+03 -1.407253741460887886e+00 1.461346162942714078e-01
2.148717667929273375e+03 -1.403033058370396047e+00 1.456963244029395310e-01
2.152064580184615352e+03 -1.398825034096973674e+00 1.452593470516374274e-01
2.155411492439956874e+03 -1.394629630673859699e+00 1.448236802977512505e-01
2.158758404695298395e+03 -1.390446810248164633e+00 1.443893202104920559e-01
2.162105316950639917e+03 -1.386276535080527506e+00 1.439562628708600800e-01
2.165452229205981439e+03 -1.382118767544777915e+00 1.435245043716097679e-01
2.168799141461322961e+03 -1.377973470127594968e+00 1.430940408172142464e-01
2.172146053716664483e+03 -1.373840605428166661e+00 1.426648683238299908e-01
2.175492965972006004e+03 -1.369720136157858592e+00 1.422369830192624363e-01
2.178839878227347526e+03 -1.365612025139870678e+00 1.418103810429303668e-01
2.182186790482689048e+03 -1.361516235308906975e+00 1.413850585458314990e-01
2.185533702738031025e+03 -1.357432729710837505e+00 1.409610116905075095e-01
2.188880614993372092e+03 -1.353361471502367630e+00 1.405382366510096459e-01
2.192227527248713614e+03 -1.349302423950702989e+00 1.401167296128638939e-01
2.195574439504055135e+03 -1.345255550433220204e+00 1.396964867730368098e-01
2.198921351759397112e+03 -1.341220814437136255e+00 1.392775043399012425e-01
2.202268264014738634e+03 -1.337198179559178080e+00 1.388597785332019441e-01
2.205615176270080156e+03 -1.333187609505253945e+00 1.384433055840214588e-01
2.208962088525421223e+03 -1.329189068090128156e+00 1.380280817347463718e-01
2.212309000780763199e+03 -1.325202519237091536e+00 1.376141032390330865e-01
2.215655913036104721e+03 -1.321227926977638356e+00 1.372013663617742407e-01
2.219002825291446243e+03 -1.317265255451140371e+00 1.367898673790649278e-01
2.222349737546787765e+03 -1.313314468904524190e+00 1.363796025781691401e-01
2.225696649802129286e+03 -1.309375531691947536e+00 1.359705682574861019e-01
2.229043562057470808e+03 -1.305448408274479721e+00 1.355627607265172119e-01
2.232390474312812330e+03 -1.301533063219778130e+00 1.351561763058323207e-01
2.235737386568153852e+03 -1.297629461201770917e+00 1.347508113270369512e-01
2.239084298823495374e+03 -1.293737567000337929e+00 1.343466621327389088e-01
2.242431211078837350e+03 -1.289857345500990515e+00 1.339437250765153076e-01
2.245778123334178872e+03 -1.285988761694558891e+00 1.335419965228798744e-01
2.249125035589519939e+03 -1.282131780676873500e+00 1.331414728472500586e-01
2.252471947844861461e+03 -1.278286367648448607e+00 1.327421504359139748e-01
2.255818860100202983e+03 -1.274452487914172982e+00 1.323440256859984843e-01
2.259165772355544959e+03 -1.270630106882991939e+00 1.319470950054360270e-01
2.262512684610886481e+03 -1.266819190067599354e+00 1.315513548129326749e-01
2.265859596866228003e+03 -1.263019703084123035e+00 1.311568015379355190e-01
2.269206509121569070e+03 -1.259231611651818072e+00 1.307634316206007785e-01
2.272553421376911047e+03 -1.255454881592753313e+00 1.303712415117611878e-01
2.275900333632252568e+03 -1.251689478831506719e+00 1.299802276728944661e-01
2.279247245887594090e+03 -1.247935369394855831e+00 1.295903865760911489e-01
2.282594158142935612e+03 -1.244192519411472020e+00 1.292017147040227798e-01
2.285941070398277134e+03 -1.240460895111614725e+00 1.288142085499102141e-01
2.289287982653618656e+03 -1.236740462826827480e+00 1.284278646174920324e-01
2.292634894908960177e+03 -1.233031188989631710e+00 1.280426794209927333e-01
2.295981807164301699e+03 -1.229333040133226973e+00 1.276586494850916464e-01
2.299328719419643221e+03 -1.225645982891186980e+00 1.272757713448912920e-01
2.302675631674985198e+03 -1.221969983997160503e+00 1.268940415458864324e-01
2.306022543930326719e+03 -1.218305010284567613e+00 1.265134566439323760e-01
2.309369456185667786e+03 -1.214651028686305034e+00 1.261340132052145568e-01
2.312716368441009308e+03 -1.211008006234443934e+00 1.257557078062170319e-01
2.316063280696350830e+03 -1.207375910059934165e+00 1.253785370336917560e-01
2.319410192951692807e+03 -1.203754707392309165e+00 1.250024974846280501e-01
2.322757105207034328e+03 -1.200144365559386417e+00 1.246275857662213771e-01
2.326104017462375850e+03 -1.196544851986976576e+00 1.242537984958431985e-01
2.329450929717716917e+03 -1.192956134198587481e+00 1.238811323010102494e-01
2.332797841973058894e+03 -1.189378179815131276e+00 1.235095838193540629e-01
2.336144754228400416e+03 -1.185810956554632645e+00 1.231391496985907302e-01
2.339491666483741938e+03 -1.182254432231937713e+00 1.227698265964906610e-01
2.342838578739083459e+03 -1.178708574758424277e+00 1.224016111808484686e-01
2.346185490994424981e+03 -1.175173352141709593e+00 1.220345001294526333e-01
2.349532403249766503e+03 -1.171648732485365940e+00 1.216684901300559840e-01
2.352879315505108025e+03 -1.168134683988627298e+00 1.213035778803452369e-01
2.356226227760449547e+03 -1.164631174946108461e+00 1.209397600879117962e-01
2.359573140015791068e+03 -1.161138173747515046e+00 1.205770334702216673e-01
2.362920052271133045e+03 -1.157655648877359278e+00 1.202153947545859525e-01
2.366266964526474567e+03 -1.154183568914675773e+00 1.198548406781313053e-01
2.369613876781815634e+03 -1.150721902532738206e+00 1.194953679877705233e-01
2.372960789037157156e+03 -1.147270618498776651e+00 1.191369734401731967e-01
2.376307701292499132e+03 -1.143829685673694474e+00 1.187796538017363152e-01
2.379654613547840654e+03 -1.140399073011790110e+00 1.184234058485553742e-01
2.383001525803182176e+03 -1.136978749560473734e+00 1.180682263663949405e-01
2.386348438058523698e+03 -1.133568684459991482e+00 1.177141121506600080e-01
2.389695350313864765e+03 -1.130168846943143679e+00 1.173610600063667991e-01
2.393042262569206741e+03 -1.126779206335007943e+00 1.170090667481138991e-01
2.396389174824548263e+03 -1.123399732052666078e+00 1.166581292000540143e-01
2.399736087079889785e+03 -1.120030393604922070e+00 1.163082441958645935e-01
2.403082999335231307e+03 -1.116671160592032752e+00 1.159594085787199469e-01
2.406429911590572829e+03 -1.113322002705428693e+00 1.156116192012621585e-01
2.409776823845914350e+03 -1.109982889727445077e+00 1.152648729255732474e-01
2.413123736101255872e+03 -1.106653791531045483e+00 1.149191666231463849e-01
2.416470648356597394e+03 -1.103334678079551434e+00 1.145744971748579033e-01
2.419817560611938916e+03 -1.100025519426373055e+00 1.142308614709392350e-01
2.423164472867280892e+03 -1.096726285714735294e+00 1.138882564109485601e-01
2.426511385122622414e+03 -1.093436947177412577e+00 1.135466789037432034e-01
2.429858297377963481e+03 -1.090157474136457028e+00 1.132061258674514487e-01
2.433205209633305003e+03 -1.086887837002931567e+00 1.128665942294447694e-01
2.436552121888646980e+03 -1.083628006276643907e+00 1.125280809263102533e-01
2.439899034143988501e+03 -1.080377952545880094e+00 1.121905829038229302e-01
2.443245946399330023e+03 -1.077137646487138944e+00 1.118540971169181691e-01
2.446592858654671545e+03 -1.073907058864865594e+00 1.115186205296640060e-01
2.449939770910012612e+03 -1.070686160531192144e+00 1.111841501152342759e-01
2.453286683165354589e+03 -1.067474922425668993e+00 1.108506828558805946e-01
2.456633595420696111e+03 -1.064273315575008372e+00 1.105182157429058509e-01
2.459980507676037632e+03 -1.061081311092818336e+00 1.101867457766365216e-01
2.463327419931379154e+03 -1.057898880179345191e+00 1.098562699663959003e-01
2.466674332186720676e+03 -1.054725994121211485e+00 1.095267853304769667e-01
2.470021244442062198e+03 -1.051562624291159098e+00 1.091982888961156029e-01
2.473368156697403720e+03 -1.048408742147789008e+00 1.088707776994636833e-01
2.476715068952745241e+03 -1.045264319235303718e+00 1.085442487855622501e-01
2.480061981208086763e+03 -1.042129327183253240e+00 1.082186992083151583e-01
2.483408893463428740e+03 -1.039003737706275743e+00 1.078941260304621258e-01
2.486755805718770262e+03 -1.035887522603844646e+00 1.075705263235525316e-01
2.490102717974111329e+03 -1.032780653760013267e+00 1.072478971679188126e-01
2.493449630229452850e+03 -1.029683103143160583e+00 1.069262356526501090e-01
2.496796542484794827e+03 -1.026594842805739871e+00 1.066055388755661887e-01
2.500143454740136349e+03 -1.023515844884024473e+00 1.062858039431909957e-01
2.503490366995477871e+03 -1.020446081597859322e+00 1.059670279707268653e-01
2.506837279250819392e+03 -1.017385525250406930e+00 1.056492080820281426e-01
2.510184191506160914e+03 -1.014334148227900689e+00 1.053323414095756055e-01
2.513531103761502436e+03 -1.011291922999392412e+00 1.050164250944501665e-01
2.516878016016843958e+03 -1.008258822116506748e+00 1.047014562863074483e-01
2.520224928272185480e+03 -1.005234818213192272e+00 1.043874321433519020e-01
2.523571840527527002e+03 -1.002219884005474793e+00 1.040743498323111887e-01
2.526918752782868523e+03 -9.992139922912108840e-01 1.037622065284105888e-01
2.530265665038210045e+03 -9.962171159498438566e-01 1.034509994153476609e-01
2.533612577293551567e+03 -9.932292279421556236e-01 1.031407256852664711e-01
2.536959489548893089e+03 -9.902503013100280027e-01 1.028313825387328212e-01
2.540306401804234611e+03 -9.872803091761936933e-01 1.025229671847083801e-01
2.543653314059576587e+03 -9.843192247439990217e-01 1.022154768405260372e-01
2.547000226314918109e+03 -9.813670212971581375e-01 1.019089087318643672e-01
2.550347138570259176e+03 -9.784236721995148711e-01 1.016032600927229412e-01
2.553694050825600698e+03 -9.754891508947993728e-01 1.012985281653970421e-01
2.557040963080942674e+03 -9.725634309063919680e-01 1.009947102004531000e-01
2.560387875336284196e+03 -9.696464858370815731e-01 1.006918034567036574e-01
2.563734787591625718e+03 -9.667382893688296619e-01 1.003898052011828329e-01
2.567081699846967240e+03 -9.638388152625302352e-01 1.000887127091213830e-01
2.570428612102308762e+03 -9.609480373577761192e-01 9.978852326392249894e-02
2.573775524357650283e+03 -9.580659295726191571e-01 9.948923415713681329e-02
2.577122436612991805e+03 -9.551924659033395049e-01 9.919084268843850194e-02
2.580469348868333327e+03 -9.523276204242071552e-01 9.889334616560049862e-02
2.583816261123674849e+03 -9.494713672872490129e-01 9.859674190447031972e-02
2.587163173379016371e+03 -9.466236807220183014e-01 9.830102722894611122e-02
2.590510085634358347e+03 -9.437845350353569751e-01 9.800619947095196016e-02
2.593856997889699414e+03 -9.409539046111696781e-01 9.771225597041446886e-02
2.597203910145040936e+03 -9.381317639101869332e-01 9.741919407523809415e-02
2.600550822400382458e+03 -9.353180874697396563e-01 9.712701114128181878e-02
2.603897734655724435e+03 -9.325128499035267859e-01 9.683570453233493469e-02
2.607244646911065956e+03 -9.297160259013854677e-01 9.654527162009321484e-02
2.610591559166407478e+03 -9.269275902290660119e-01 9.625570978413558465e-02
2.613938471421748545e+03 -9.241475177280006337e-01 9.596701641190003018e-02
2.617285383677090522e+03 -9.213757833150785226e-01 9.567918889866029730e-02
2.620632295932432044e+03 -9.186123619824194675e-01 9.539222464750235497e-02
2.623979208187773565e+03 -9.158572287971461501e-01 9.510612106930076137e-02
2.627326120443115087e+03 -9.131103589011630994e-01 9.482087558269573779e-02
2.630673032698456609e+03 -9.103717275109280971e-01 9.453648561406934048e-02
2.634019944953798131e+03 -9.076413099172324639e-01 9.425294859752275656e-02
2.637366857209139653e+03 -9.049190814849741304e-01 9.397026197485265631e-02
2.640713769464481175e+03 -9.022050176529389232e-01 9.368842319552854458e-02
2.644060681719822696e+03 -8.994990939335774094e-01 9.340742971666952943e-02
2.647407593975164218e+03 -8.968012859127830749e-01 9.312727900302131268e-02
2.650754506230506195e+03 -8.941115692496746092e-01 9.284796852693359692e-02
2.654101418485847262e+03 -8.914299196763735278e-01 9.256949576833696514e-02
2.657448330741188784e+03 -8.887563129977867904e-01 9.229185821472031537e-02
2.660795242996530305e+03 -8.860907250913875322e-01 9.201505336110811506e-02
2.664142155251872282e+03 -8.834331319069992361e-01 9.173907871003794678e-02
2.667489067507213804e+03 -8.807835094665767972e-01 9.146393177153781806e-02
2.670835979762555326e+03 -8.781418338639902510e-01 9.118961006310365158e-02
2.674182892017896393e+03 -8.755080812648119437e-01 9.091611110967723342e-02
2.677529804273238369e+03 -8.728822279060957090e-01 9.064343244362325913e-02
2.680876716528579891e+03 -8.702642500961695893e-01 9.037157160470779549e-02
2.684223628783921413e+03 -8.676541242144157895e-01 9.010052614007547922e-02
2.687570541039262935e+03 -8.650518267110623993e-01 8.983029360422781218e-02
2.690917453294604456e+03 -8.624573341069675658e-01 8.956087155900083197e-02
2.694264365549945978e+03 -8.598706229934092171e-01 8.929225757354318505e-02
2.697611277805287500e+03 -8.572916700318735650e-01 8.902444922429428309e-02
2.700958190060629022e+03 -8.547204519538441625e-01 8.875744409496227894e-02
2.704305102315970544e+03 -8.521569455605928489e-01 8.849123977650240336e-02
2.707652014571312520e+03 -8.496011277229695846e-01 8.822583386709519082e-02
2.710998926826654042e+03 -8.470529753811940621e-01 8.796122397212476074e-02
2.714345839081995109e+03 -8.445124655446482054e-01 8.769740770415730691e-02
2.717692751337336631e+03 -8.419795752916667819e-01 8.743438268291935100e-02
2.721039663592678153e+03 -8.394542817693338987e-01 8.717214653527662060e-02
2.724386575848020129e+03 -8.369365621932731703e-01 8.691069689521223329e-02
2.727733488103361651e+03 -8.344263938474456577e-01 8.665003140380574120e-02
2.731080400358703173e+03 -8.319237540839413692e-01 8.639014770921145392e-02
2.734427312614044240e+03 -8.294286203227780874e-01 8.613104346663758015e-02
2.737774224869386217e+03 -8.269409700516955342e-01 8.587271633832481432e-02
2.741121137124727738e+03 -8.244607808259527548e-01 8.561516399352532558e-02
2.744468049380069260e+03 -8.219880302681271678e-01 8.535838410848187174e-02
2.747814961635410782e+03 -8.195226960679096173e-01 8.510237436640655240e-02
2.751161873890752304e+03 -8.170647559819059769e-01 8.484713245746014487e-02
2.754508786146093826e+03 -8.146141878334350883e-01 8.459265607873117654e-02
2.757855698401435347e+03 -8.121709695123284778e-01 8.433894293421510813e-02
2.761202610656776869e+03 -8.097350789747310706e-01 8.408599073479361419e-02
2.764549522912118391e+03 -8.073064942429030166e-01 8.383379719821407172e-02
2.767896435167460368e+03 -8.048851934050215151e-01 8.358236004906889616e-02
2.771243347422801889e+03 -8.024711546149810859e-01 8.333167701877484956e-02
2.774590259678142957e+03 -8.000643560921986142e-01 8.308174584555280684e-02
2.777937171933484478e+03 -7.976647761214153975e-01 8.283256427440714720e-02
2.781284084188826000e+03 -7.952723930525027463e-01 8.258413005710563137e-02
2.784630996444167977e+03 -7.928871853002654735e-01 8.233644095215895964e-02
2.787977908699509499e+03 -7.905091313442472734e-01 8.208949472480053799e-02
2.791324820954851020e+03 -7.881382097285370980e-01 8.184328914696641089e-02
2.794671733210192087e+03 -7.857743990615748686e-01 8.159782199727511065e-02
2.798018645465534064e+03 -7.834176780159588516e-01 8.135309106100756249e-02
2.801365557720875586e+03 -7.810680253282532570e-01 8.110909413008719759e-02
2.804712469976217108e+03 -7.787254197987963922e-01 8.086582900305996913e-02
2.808059382231558629e+03 -7.763898402915090369e-01 8.062329348507450699e-02
2.811406294486900151e+03 -7.740612657337052616e-01 8.038148538786241137e-02
2.814753206742241673e+03 -7.717396751158990265e-01 8.014040252971822709e-02
2.818100118997583195e+03 -7.694250474916176641e-01 7.990004273548002856e-02
2.821447031252924717e+03 -7.671173619772128083e-01 7.966040383650981049e-02
2.824793943508266238e+03 -7.648165977516695468e-01 7.942148367067367043e-02
2.828140855763608215e+03 -7.625227340564210143e-01 7.918328008232257409e-02
2.831487768018949737e+03 -7.602357501951597651e-01 7.894579092227269057e-02
2.834834680274290804e+03 -7.579556255336515891e-01 7.870901404778614385e-02
2.838181592529632326e+03 -7.556823394995493270e-01 7.847294732255165328e-02
2.841528504784974302e+03 -7.534158715822064645e-01 7.823758861666514630e-02
2.844875417040315824e+03 -7.511562013324933895e-01 7.800293580661071813e-02
2.848222329295657346e+03 -7.489033083626122078e-01 7.776898677524138326e-02
2.851569241550998868e+03 -7.466571723459126675e-01 7.753573941175995188e-02
2.854916153806339935e+03 -7.444177730167089724e-01 7.730319161170003117e-02
2.858263066061681911e+03 -7.421850901700959291e-01 7.707134127690688785e-02
2.861609978317023433e+03 -7.399591036617696460e-01 7.684018631551890743e-02
2.864956890572364955e+03 -7.377397934078419039e-01 7.660972464194823472e-02
2.868303802827706477e+03 -7.355271393846615213e-01 7.637995417686226085e-02
2.871650715083047999e+03 -7.333211216286326106e-01 7.615087284716476335e-02
2.874997627338389520e+03 -7.311217202360356104e-01 7.592247858597730992e-02
2.878344539593731042e+03 -7.289289153628455420e-01 7.569476933262035689e-02
2.881691451849072564e+03 -7.267426872245554836e-01 7.546774303259495831e-02
2.885038364104414086e+03 -7.245630160959962707e-01 7.524139763756404475e-02
2.888385276359756062e+03 -7.223898823111595258e-01 7.501573110533399369e-02
2.891732188615097584e+03 -7.202232662630194682e-01 7.479074139983619973e-02
2.895079100870438651e+03 -7.180631484033571654e-01 7.456642649110875598e-02
2.898426013125780173e+03 -7.159095092425820095e-01 7.434278435527795492e-02
2.901772925381122150e+03 -7.137623293495582999e-01 7.411981297454027506e-02
2.905119837636463672e+03 -7.116215893514289403e-01 7.389751033714407613e-02
2.908466749891805193e+03 -7.094872699334395794e-01 7.367587443737129427e-02
2.911813662147146715e+03 -7.073593518387667478e-01 7.345490327551967846e-02
2.915160574402487782e+03 -7.052378158683417775e-01 7.323459485788441636e-02
2.918507486657829759e+03 -7.031226428806783835e-01 7.301494719674030132e-02
2.921854398913171281e+03 -7.010138137917004686e-01 7.279595831032378839e-02
2.925201311168512802e+03 -6.989113095745697057e-01 7.257762622281516141e-02
2.928548223423854324e+03 -6.968151112595135643e-01 7.235994896432058898e-02
2.931895135679195846e+03 -6.947251999336538919e-01 7.214292457085441646e-02
2.935242047934537368e+03 -6.926415567408377161e-01 7.192655108432151334e-02
2.938588960189878890e+03 -6.905641628814648270e-01 7.171082655249942650e-02
2.941935872445220411e+03 -6.884929996123202445e-01 7.149574902902094964e-02
2.945282784700561933e+03 -6.864280482464041322e-01 7.128131657335647076e-02
2.948629696955903910e+03 -6.843692901527631545e-01 7.106752725079647226e-02
2.951976609211245432e+03 -6.823167067563231658e-01 7.085437913243412822e-02
2.955323521466586499e+03 -6.802702795377201239e-01 7.064187029514779059e-02
2.958670433721928021e+03 -6.782299900331344444e-01 7.042999882158372527e-02
2.962017345977269997e+03 -6.761958198341239124e-01 7.021876280013882032e-02
2.965364258232611519e+03 -6.741677505874572596e-01 7.000816032494328045e-02
2.968711170487953041e+03 -6.721457639949492968e-01 6.979818949584350174e-02
2.972058082743294563e+03 -6.701298418132948242e-01 6.958884841838482160e-02
2.975404994998636084e+03 -6.681199658539054287e-01 6.938013520379457399e-02
2.978751907253977606e+03 -6.661161179827431722e-01 6.917204796896483932e-02
2.982098819509319128e+03 -6.641182801201597208e-01 6.896458483643572168e-02
2.985445731764660650e+03 -6.621264342407312542e-01 6.875774393437819598e-02
2.988792644020002172e+03 -6.601405623730963734e-01 6.855152339657728799e-02
2.992139556275343693e+03 -6.581606465997944522e-01 6.834592136241528226e-02
2.995486468530685215e+03 -6.561866690571028782e-01 6.814093597685483283e-02
2.998833380786026737e+03 -6.542186119348768480e-01 6.793656539042232378e-02
3.002180293041368259e+03 -6.522564574763882739e-01 6.773280775919111873e-02
3.005527205296709781e+03 -6.503001879781661332e-01 6.752966124476500465e-02
3.008874117552051757e+03 -6.483497857898352645e-01 6.732712401426145521e-02
3.012221029807393279e+03 -6.464052333139596040e-01 6.712519424029535220e-02
3.015567942062734346e+03 -6.444665130058805369e-01 6.692387010096213784e-02
3.018914854318075868e+03 -6.425336073735604669e-01 6.672314977982168882e-02
3.022261766573417844e+03 -6.406064989774248319e-01 6.652303146588180172e-02
3.025608678828759366e+03 -6.386851704302038968e-01 6.632351335358181721e-02
3.028955591084100888e+03 -6.367696043967771002e-01 6.612459364277646634e-02
3.032302503339442410e+03 -6.348597835940151812e-01 6.592627053871939757e-02
3.035649415594783932e+03 -6.329556907906258578e-01 6.572854225204728673e-02
3.038996327850125454e+03 -6.310573088069970638e-01 6.553140699876343345e-02
3.042343240105466975e+03 -6.291646205150420723e-01 6.533486300022171844e-02
3.045690152360808497e+03 -6.272776088380463966e-01 6.513890848311075510e-02
3.049037064616150019e+03 -6.253962567505111370e-01 6.494354167943752754e-02
3.052383976871491541e+03 -6.235205472780024349e-01 6.474876082651186138e-02
3.055730889126833063e+03 -6.216504634969955978e-01 6.455456416693014510e-02
3.059077801382174584e+03 -6.197859885347239972e-01 6.436094994855970364e-02
3.062424713637516106e+03 -6.179271055690264136e-01 6.416791642452289446e-02
3.065771625892857628e+03 -6.160737978281949356e-01 6.397546185318137013e-02
3.069118538148199605e+03 -6.142260485908244139e-01 6.378358449812039643e-02
3.072465450403541126e+03 -6.123838411856605823e-01 6.359228262813311494e-02
3.075812362658882194e+03 -6.105471589914509556e-01 6.340155451720499991e-02
3.079159274914223715e+03 -6.087159854367928391e-01 6.321139844449819023e-02
3.082506187169565692e+03 -6.068903039999863358e-01 6.302181269433608513e-02
3.085853099424907214e+03 -6.050700982088831337e-01 6.283279555618774548e-02
3.089200011680248736e+03 -6.032553516407392902e-01 6.264434532465257277e-02
3.092546923935590257e+03 -6.014460479220664624e-01 6.245646029944483535e-02
3.095893836190931779e+03 -5.996421707284839142e-01 6.226913878537835428e-02
3.099240748446273301e+03 -5.978437037845718560e-01 6.208237909235122393e-02
3.102587660701614823e+03 -5.960506308637238959e-01 6.189617953533050471e-02
3.105934572956956345e+03 -5.942629357880014895e-01 6.171053843433712410e-02
3.109281485212297866e+03 -5.924806024279875016e-01 6.152545411443065271e-02
3.112628397467639388e+03 -5.907036147026404338e-01 6.134092490569417744e-02
3.115975309722980910e+03 -5.889319565791499844e-01 6.115694914321929271e-02
3.119322221978322432e+03 -5.871656120727912764e-01 6.097352516709095976e-02
3.122669134233663954e+03 -5.854045652467823047e-01 6.079065132237273378e-02
3.126016046489005475e+03 -5.836488002121384966e-01 6.060832595909160930e-02
3.129362958744347452e+03 -5.818983011275304928e-01 6.042654743222330982e-02
3.132709870999688974e+03 -5.801530521991405953e-01 6.024531410167733442e-02
3.136056783255030041e+03 -5.784130376805206586e-01 6.006462433228221265e-02
3.139403695510371563e+03 -5.766782418724495374e-01 5.988447649377072468e-02
3.142750607765713539e+03 -5.749486491227917551e-01 5.970486896076519778e-02
3.146097520021055061e+03 -5.732242438263567275e-01 5.952580011276288607e-02
3.149444432276396583e+03 -5.715050104247567653e-01 5.934726833412125313e-02
3.152791344531738105e+03 -5.697909334062681852e-01 5.916927201404351827e-02
3.156138256787079627e+03 -5.680819973056903116e-01 5.899180954656404324e-02
3.159485169042421148e+03 -5.663781867042054774e-01 5.881487933053376055e-02
3.162832081297762670e+03 -5.646794862292423556e-01 5.863847976960601116e-02
3.166178993553104192e+03 -5.629858805543337397e-01 5.846260927222176468e-02
3.169525905808445714e+03 -5.612973543989814296e-01 5.828726625159558195e-02
3.172872818063787690e+03 -5.596138925285160104e-01 5.811244912570105725e-02
3.176219730319128757e+03 -5.579354797539618493e-01 5.793815631725682258e-02
3.179566642574470279e+03 -5.562621009318966525e-01 5.776438625371192737e-02
3.182913554829811801e+03 -5.545937409643180160e-01 5.759113736723198845e-02
3.186260467085153323e+03 -5.529303847985063136e-01 5.741840809468497231e-02
3.189607379340495299e+03 -5.512720174268876949e-01 5.724619687762695641e-02
3.192954291595836821e+03 -5.496186238868999707e-01 5.707450216228819595e-02
3.196301203851177888e+03 -5.479701892608572766e-01 5.690332239955907256e-02
3.199648116106519410e+03 -5.463266986758147370e-01 5.673265604497605696e-02
3.202995028361861387e+03 -5.446881373034359042e-01 5.656250155870792135e-02
3.206341940617202908e+03 -5.430544903598572004e-01 5.639285740554166038e-02
3.209688852872544430e+03 -5.414257431055556902e-01 5.622372205486878688e-02
3.213035765127885952e+03 -5.398018808452158535e-01 5.605509398067147486e-02
3.216382677383227474e+03 -5.381828889275964700e-01 5.588697166150874418e-02
3.219729589638568996e+03 -5.365687527453988359e-01 5.571935358050277010e-02
3.223076501893910518e+03 -5.349594577351354241e-01 5.555223822532524836e-02
3.226423414149252039e+03 -5.333549893769975458e-01 5.538562408818366312e-02
3.229770326404593561e+03 -5.317553331947254547e-01 5.521950966580776998e-02
3.233117238659935538e+03 -5.301604747554760078e-01 5.505389345943587781e-02
3.236464150915276605e+03 -5.285703996696949902e-01 5.488877397480159542e-02
3.239811063170618127e+03 -5.269850935909844436e-01 5.472414972212002321e-02
3.243157975425959648e+03 -5.254045422159753231e-01 5.456001921607456923e-02
3.246504887681301625e+03 -5.238287312841977128e-01 5.439638097580342530e-02
3.249851799936643147e+03 -5.222576465779520394e-01 5.423323352488624433e-02
3.253198712191984214e+03 -5.206912739221813968e-01 5.407057539133084539e-02
3.256545624447326190e+03 -5.191295991843424273e-01 5.390840510755981474e-02
3.259892536702667257e+03 -5.175726082742795331e-01 5.374672121039745371e-02
3.263239448958009234e+03 -5.160202871440953132e-01 5.358552224105631034e-02
3.266586361213350756e+03 -5.144726217880273289e-01 5.342480674512439798e-02
3.269933273468691823e+03 -5.129295982423180966e-01 5.326457327255166435e-02
3.273280185724033799e+03 -5.113912025850907428e-01 5.310482037763712693e-02
3.276627097979375321e+03 -5.098574209362248810e-01 5.294554661901593878e-02
3.279974010234717298e+03 -5.083282394572280483e-01 5.278675055964605900e-02
3.283320922490058365e+03 -5.068036443511141353e-01 5.262843076679562387e-02
3.286667834745399432e+03 -5.052836218622764886e-01 5.247058581202978383e-02
3.290014747000741409e+03 -5.037681582763643418e-01 5.231321427119784567e-02
3.293361659256082930e+03 -5.022572399201614690e-01 5.215631472442068539e-02
3.296708571511424907e+03 -5.007508531614582870e-01 5.199988575607746716e-02
3.300055483766765974e+03 -4.992489844089337270e-01 5.184392595479337534e-02
3.303402396022107951e+03 -4.977516201120280592e-01 5.168843391342641674e-02
3.306749308277449472e+03 -4.962587467608253200e-01 5.153340822905518037e-02
3.310096220532790539e+03 -4.947703508859265242e-01 5.137884750296571601e-02
3.313443132788132516e+03 -4.932864190583317043e-01 5.122475034063924543e-02
3.316790045043473583e+03 -4.918069378893183963e-01 5.107111535173957523e-02
3.320136957298815560e+03 -4.903318940303183493e-01 5.091794115010027377e-02
3.323483869554157081e+03 -4.888612741728006750e-01 5.076522635371253506e-02
3.326830781809498149e+03 -4.873950650481481128e-01 5.061296958471234869e-02
3.330177694064840125e+03 -4.859332534275399573e-01 5.046116946936832215e-02
3.333524606320181192e+03 -4.844758261218319872e-01 5.030982463806921851e-02
3.336871518575523169e+03 -4.830227699814370057e-01 5.015893372531156358e-02
3.340218430830864691e+03 -4.815740718962067679e-01 5.000849536968737102e-02
3.343565343086206667e+03 -4.801297187953130208e-01 4.985850821387179804e-02
