0.000000000000000000e+00 -9.629845256010723276e+00 1.000000000000000000e+00
3.346912255341548015e+00 -9.612771692006351287e+00 9.982270157463106752e-01
6.693824510683096030e+00 -9.586984114935056311e+00 9.955491350134714201e-01
1.004073676602464360e+01 -9.559996685720490106e+00 9.927466570403470358e-01
1.338764902136619206e+01 -9.532536895140783173e+00 9.898951272545939428e-01
1.673456127670774052e+01 -9.504798585422237878e+00 9.870146749751317339e-01
2.008147353204928720e+01 -9.476891543657991690e+00 9.841167009140400213e-01
2.342838578739083388e+01 -9.448890548814325996e+00 9.812089704054746120e-01
2.677529804273238412e+01 -9.420848040058269035e+00 9.782969289333073304e-01
3.012221029807392725e+01 -9.392800954679788816e+00 9.753844122071455569e-01
3.346912255341548104e+01 -9.364775315985800930e+00 9.724741225868118732e-01
3.681603480875702417e+01 -9.336789441109576870e+00 9.695679621935536785e-01
4.016294706409857440e+01 -9.308856202260564316e+00 9.666672677268821623e-01
4.350985931944012464e+01 -9.280984623765311525e+00 9.637729763074166511e-01
4.685677157478166777e+01 -9.253181010584924593e+00 9.608857426664573209e-01
5.020368383012321800e+01 -9.225449745884418462e+00 9.580060219686405976e-01
5.355059608546476824e+01 -9.197793854735859753e+00 9.551341283490316636e-01
5.689750834080631847e+01 -9.170215402537079896e+00 9.522702762864487802e-01
6.024442059614785450e+01 -9.142715776610696565e+00 9.494146098457841854e-01
6.359133285148940473e+01 -9.115295885236259110e+00 9.465672233462635310e-01
6.693824510683096207e+01 -9.087956298324558091e+00 9.437281759696054539e-01
7.028515736217249810e+01 -9.060697346844985844e+00 9.408975020849386084e-01
7.363206961751404833e+01 -9.033519193099694533e+00 9.380752185463400172e-01
7.697898187285559857e+01 -9.006421880392418089e+00 9.352613298506350370e-01
8.032589412819714880e+01 -8.979405368133557275e+00 9.324558317828444132e-01
8.367280638353869904e+01 -8.952469556651628579e+00 9.296587139926996146e-01
8.701971863888024927e+01 -8.925614304729283077e+00 9.268699618156506226e-01
9.036663089422179951e+01 -8.898839441997012045e+00 9.240895575598752076e-01
9.371354314956333553e+01 -8.872144777692364315e+00 9.213174814158701098e-01
9.706045540490488577e+01 -8.845530106850254981e+00 9.185537120992762761e-01
1.004073676602464360e+02 -8.818995214677645578e+00 9.157982273051621380e-01
1.037542799155879862e+02 -8.792539879644897027e+00 9.130510040290419349e-01
1.071011921709295365e+02 -8.766163875670104133e+00 9.103120187937049357e-01
1.104481044262710725e+02 -8.739866973662346439e+00 9.075812478094730240e-01
1.137950166816126369e+02 -8.713648942611811776e+00 9.048586670874027016e-01
1.171419289369541730e+02 -8.687509550359704846e+00 9.021442525192360229e-01
1.204888411922957090e+02 -8.661448564141746687e+00 8.994379799338388937e-01
1.238357534476372734e+02 -8.635465750971722088e+00 8.967398251370308770e-01
1.271826657029788095e+02 -8.609560877911958343e+00 8.940497639396720597e-01
1.305295779583203455e+02 -8.583733712263866167e+00 8.913677721774502238e-01
1.338764902136619241e+02 -8.557984021702004895e+00 8.886938257248019335e-01
1.372234024690034460e+02 -8.532311574368224072e+00 8.860279005046893808e-01
1.405703147243449962e+02 -8.506716138937605365e+00 8.833699724954472421e-01
1.439172269796865749e+02 -8.481197484664440012e+00 8.807200177355576365e-01
1.472641392350280967e+02 -8.455755381414135741e+00 8.780780123269635862e-01
1.506110514903696469e+02 -8.430389599685149449e+00 8.754439324373460840e-01
1.539579637457111971e+02 -8.405099910623903270e+00 8.728177543016734097e-01
1.573048760010527474e+02 -8.379886086034705528e+00 8.701994542232314167e-01
1.606517882563942976e+02 -8.354747898386179372e+00 8.675890085742906654e-01
1.639987005117358478e+02 -8.329685120815197408e+00 8.649863937965154292e-01
1.673456127670773981e+02 -8.304697527129080825e+00 8.623915864011920673e-01
1.706925250224189483e+02 -8.279784891806531988e+00 8.598045629693255032e-01
1.740394372777604985e+02 -8.254946989997739237e+00 8.572253001516504378e-01
1.773863495331020204e+02 -8.230183597523826222e+00 8.546537746685741732e-01
1.807332617884435990e+02 -8.205494490875890889e+00 8.520899633100764703e-01
1.840801740437851208e+02 -8.180879447213742495e+00 8.495338429355787646e-01
1.874270862991266711e+02 -8.156338244364404133e+00 8.469853904737887351e-01
1.907739985544682213e+02 -8.131870660820490926e+00 8.444445829225312172e-01
1.941209108098097715e+02 -8.107476475738470967e+00 8.419113973485684577e-01
1.974678230651513218e+02 -8.083155468936860544e+00 8.393858108874121537e-01
2.008147353204928720e+02 -8.058907420894371398e+00 8.368678007431313848e-01
2.041616475758344222e+02 -8.034732112748013577e+00 8.343573441881553254e-01
2.075085598311759725e+02 -8.010629326291187624e+00 8.318544185630751819e-01
2.108554720865174943e+02 -7.986598843971775885e+00 8.293590012764461283e-01
2.142023843418590729e+02 -7.962640448890186740e+00 8.268710698045842467e-01
2.175492965972006232e+02 -7.938753924797445904e+00 8.243906016913680190e-01
2.208962088525421450e+02 -7.914939056093244218e+00 8.219175745480359341e-01
2.242431211078836952e+02 -7.891195627824005854e+00 8.194519660529858696e-01
2.275900333632252739e+02 -7.867523425680961857e+00 8.169937539515744751e-01
2.309369456185667957e+02 -7.843922235998217474e+00 8.145429160559174431e-01
2.342838578739083459e+02 -7.820391845750830129e+00 8.120994302446890023e-01
2.376307701292498962e+02 -7.796932042552880304e+00 8.096632744629223000e-01
2.409776823845914180e+02 -7.773542614655578831e+00 8.072344267218122260e-01
2.443245946399329966e+02 -7.750223350945330658e+00 8.048128650985147958e-01
2.476715068952745469e+02 -7.726974040941843924e+00 8.023985677359507518e-01
2.510184191506160687e+02 -7.703794474796235470e+00 7.999915128426084987e-01
2.543653314059576189e+02 -7.680684443289121255e+00 7.975916786923463730e-01
2.577122436612991692e+02 -7.657643737828744968e+00 7.951990436241977989e-01
2.610591559166406910e+02 -7.634672150449089756e+00 7.928135860421751113e-01
2.644060681719822696e+02 -7.611769473807990849e+00 7.904352844150743795e-01
2.677529804273238483e+02 -7.588935501185285482e+00 7.880641172762823388e-01
2.710998926826653701e+02 -7.566170026480929067e+00 7.857000632235812132e-01
2.744468049380068919e+02 -7.543472844213139794e+00 7.833431009189562033e-01
2.777937171933484706e+02 -7.520843749516545884e+00 7.809932090884027511e-01
2.811406294486899924e+02 -7.498282538140339959e+00 7.786503665217349157e-01
2.844875417040315710e+02 -7.475789006446424523e+00 7.763145520723930826e-01
2.878344539593731497e+02 -7.453362951407586756e+00 7.739857446572542266e-01
2.911813662147146147e+02 -7.431004170605657322e+00 7.716639232564406203e-01
2.945282784700561933e+02 -7.408712462229688711e+00 7.693490669131307635e-01
2.978751907253977720e+02 -7.386487625074124708e+00 7.670411547333694235e-01
3.012221029807392938e+02 -7.364329458536997386e+00 7.647401658858802298e-01
3.045690152360808725e+02 -7.342237762618106345e+00 7.624460796018767139e-01
3.079159274914223943e+02 -7.320212337917218370e+00 7.601588751748751260e-01
3.112628397467639161e+02 -7.298252985632265322e+00 7.578785319605075843e-01
3.146097520021054947e+02 -7.276359507557550010e+00 7.556050293763357795e-01
3.179566642574470734e+02 -7.254531706081959186e+00 7.533383469016650125e-01
3.213035765127885952e+02 -7.232769384187177408e+00 7.510784640773591203e-01
3.246504887681301170e+02 -7.211072345445910692e+00 7.488253605056559570e-01
3.279974010234716957e+02 -7.189440394020110148e+00 7.465790158499826523e-01
3.313443132788132743e+02 -7.167873334659211615e+00 7.443394098347730914e-01
3.346912255341547962e+02 -7.146370972698363744e+00 7.421065222452839505e-01
3.380381377894963180e+02 -7.124933114056679173e+00 7.398803329274126206e-01
3.413850500448378966e+02 -7.103559565235476825e+00 7.376608217875153528e-01
3.447319623001794184e+02 -7.082250133316541074e+00 7.354479687922260700e-01
3.480788745555209971e+02 -7.061004625960372039e+00 7.332417539682747343e-01
3.514257868108625189e+02 -7.039822851404458959e+00 7.310421574023078239e-01
3.547726990662040407e+02 -7.018704618461545586e+00 7.288491592407090325e-01
3.581196113215456194e+02 -6.997649736517902674e+00 7.266627396894186353e-01
3.614665235768871980e+02 -6.976658015531607582e+00 7.244828790137558538e-01
3.648134358322287198e+02 -6.955729266030830971e+00 7.223095575382406652e-01
3.681603480875702417e+02 -6.934863299112128843e+00 7.201427556464160551e-01
3.715072603429118203e+02 -6.914059926438730130e+00 7.179824537806707152e-01
3.748541725982533421e+02 -6.893318960238845605e+00 7.158286324420631841e-01
3.782010848535949208e+02 -6.872640213303962575e+00 7.136812721901446555e-01
3.815479971089364426e+02 -6.852023498987168892e+00 7.115403536427853393e-01
3.848949093642779644e+02 -6.831468631201456532e+00 7.094058574759978253e-01
3.882418216196195431e+02 -6.810975424418043822e+00 7.072777644237630001e-01
3.915887338749611217e+02 -6.790543693664706559e+00 7.051560552778569635e-01
3.949356461303026435e+02 -6.770173254524103790e+00 7.030407108876770561e-01
3.982825583856441654e+02 -6.749863923132113364e+00 7.009317121600688871e-01
4.016294706409857440e+02 -6.729615516176177259e+00 6.988290400591545826e-01
4.049763828963272658e+02 -6.709427850893638912e+00 6.967326756061600346e-01
4.083232951516688445e+02 -6.689300745070098309e+00 6.946425998792445933e-01
4.116702074070103663e+02 -6.669234017037768858e+00 6.925587940133295373e-01
4.150171196623519450e+02 -6.649227485673834259e+00 6.904812391999282095e-01
4.183640319176934668e+02 -6.629280970398815143e+00 6.884099166869762643e-01
4.217109441730349886e+02 -6.609394291174939262e+00 6.863448077786619139e-01
4.250578564283766241e+02 -6.589567268504516129e+00 6.842858938352579523e-01
4.284047686837181459e+02 -6.569799723428317861e+00 6.822331562729528898e-01
4.317516809390596109e+02 -6.550091477523963590e+00 6.801865765636836425e-01
4.350985931944012464e+02 -6.530442352904302972e+00 6.781461362349674449e-01
4.384455054497427682e+02 -6.510852172215824574e+00 6.761118168697366482e-01
4.417924177050842900e+02 -6.491320758637041166e+00 6.740836001061710769e-01
4.451393299604258686e+02 -6.471847935876898106e+00 6.720614676375326058e-01
4.484862422157673905e+02 -6.452433528173188826e+00 6.700454012120009573e-01
4.518331544711089123e+02 -6.433077360290956115e+00 6.680353826325070576e-01
4.551800667264505478e+02 -6.413779257520920929e+00 6.660313937565705000e-01
4.585269789817920696e+02 -6.394539045677900546e+00 6.640334164961352315e-01
4.618738912371335914e+02 -6.375356551099240043e+00 6.620414328174061280e-01
4.652208034924751701e+02 -6.356231600643235780e+00 6.600554247406857922e-01
4.685677157478166919e+02 -6.337164021687585524e+00 6.580753743402134592e-01
4.719146280031582137e+02 -6.318153642127820824e+00 6.561012637440022388e-01
4.752615402584997923e+02 -6.299200290375755351e+00 6.541330751336780214e-01
4.786084525138413142e+02 -6.280303795357941254e+00 6.521707907443188290e-01
4.819553647691828360e+02 -6.261463986514118396e+00 6.502143928642943882e-01
4.853022770245244715e+02 -6.242680693795676916e+00 6.482638638351060356e-01
4.886491892798659933e+02 -6.223953747664125125e+00 6.463191860512275122e-01
4.919961015352075151e+02 -6.205282979089557394e+00 6.443803419599464233e-01
4.953430137905490938e+02 -6.186668219549124714e+00 6.424473140612048105e-01
4.986899260458906156e+02 -6.168109301025523017e+00 6.405200849074427216e-01
5.020368383012321374e+02 -6.149606056005467281e+00 6.385986371034392262e-01
5.053837505565737729e+02 -6.131158317478178965e+00 6.366829533061555413e-01
5.087306628119152379e+02 -6.112765918933892983e+00 6.347730162245803776e-01
5.120775750672568165e+02 -6.094428694362337140e+00 6.328688086195712881e-01
5.154244873225983383e+02 -6.076146478251242655e+00 6.309703133037007916e-01
5.187713995779398601e+02 -6.057919105584847586e+00 6.290775131411002752e-01
5.221183118332813820e+02 -6.039746411842410012e+00 6.271903910473060062e-01
5.254652240886230175e+02 -6.021628232996721231e+00 6.253089299891047004e-01
5.288121363439645393e+02 -6.003564405512626045e+00 6.234331129843796448e-01
5.321590485993060611e+02 -5.985554766345543953e+00 6.215629231019575984e-01
5.355059608546476966e+02 -5.967599152940002760e+00 6.196983434614556918e-01
5.388528731099892184e+02 -5.949697403228166870e+00 6.178393572331295491e-01
5.421997853653307402e+02 -5.931849355628375342e+00 6.159859476377207432e-01
5.455466976206722620e+02 -5.914054849043683504e+00 6.141380979463060275e-01
5.488936098760137838e+02 -5.896313722860414330e+00 6.122957914801459012e-01
5.522405221313553056e+02 -5.878625816946694727e+00 6.104590116105338415e-01
5.555874343866969411e+02 -5.860990971651027337e+00 6.086277417586470895e-01
5.589343466420384630e+02 -5.843409027800839262e+00 6.068019653953962145e-01
5.622812588973799848e+02 -5.825879826701046760e+00 6.049816660412761227e-01
5.656281711527216203e+02 -5.808403210132619954e+00 6.031668272662170649e-01
5.689750834080631421e+02 -5.790979020351167073e+00 6.013574326894374211e-01
5.723219956634046639e+02 -5.773607100085495603e+00 5.995534659792944865e-01
5.756689079187462994e+02 -5.756287292536200084e+00 5.977549108531375888e-01
5.790158201740877075e+02 -5.739019441374245467e+00 5.959617510771613169e-01
5.823627324294292293e+02 -5.721803390739558459e+00 5.941739704662588606e-01
5.857096446847708648e+02 -5.704638985239618876e+00 5.923915528838760158e-01
5.890565569401123867e+02 -5.687526069948053653e+00 5.906144822418650797e-01
5.924034691954539085e+02 -5.670464490403247737e+00 5.888427425003405213e-01
5.957503814507955440e+02 -5.653454092606937209e+00 5.870763176675329875e-01
5.990972937061370658e+02 -5.636494723022829945e+00 5.853151917996461950e-01
6.024442059614785876e+02 -5.619586228575213838e+00 5.835593490007121575e-01
6.057911182168202231e+02 -5.602728456647581901e+00 5.818087734224482999e-01
6.091380304721617449e+02 -5.585921255081244041e+00 5.800634492641139062e-01
6.124849427275031530e+02 -5.569164472173962821e+00 5.783233607723676784e-01
6.158318549828447885e+02 -5.552457956678579443e+00 5.765884922411256275e-01
6.191787672381863104e+02 -5.535801557801653061e+00 5.748588280114195204e-01
6.225256794935278322e+02 -5.519195125202093877e+00 5.731343524712551041e-01
6.258725917488694677e+02 -5.502638508989811328e+00 5.714150500554714407e-01
6.292195040042109895e+02 -5.486131559724354290e+00 5.697009052455997979e-01
6.325664162595525113e+02 -5.469674128413573477e+00 5.679919025697252044e-01
6.359133285148941468e+02 -5.453266066512267862e+00 5.662880266023451181e-01
6.392602407702356686e+02 -5.436907225920843523e+00 5.645892619642307597e-01
6.426071530255771904e+02 -5.420597458983980488e+00 5.628955933222884456e-01
6.459540652809187122e+02 -5.404336618489299582e+00 5.612070053894209209e-01
6.493009775362602340e+02 -5.388124557666036374e+00 5.595234829243902475e-01
6.526478897916018695e+02 -5.371961130183706246e+00 5.578450107316785811e-01
6.559948020469433914e+02 -5.355846190150795216e+00 5.561715736613526140e-01
6.593417143022849132e+02 -5.339779592113438333e+00 5.545031566089261288e-01
6.626886265576265487e+02 -5.323761191054103392e+00 5.528397445152233303e-01
6.660355388129680705e+02 -5.307790842390289754e+00 5.511813223662437311e-01
6.693824510683095923e+02 -5.291868401973217395e+00 5.495278751930263716e-01
6.727293633236511141e+02 -5.275993726086524838e+00 5.478793880715137066e-01
6.760762755789926359e+02 -5.260166671444979514e+00 5.462358461224189332e-01
6.794231878343341577e+02 -5.244387095193175696e+00 5.445972345110896562e-01
6.827701000896757932e+02 -5.228654854904249305e+00 5.429635384473748827e-01
6.861170123450173151e+02 -5.212969808578596265e+00 5.413347431854923508e-01
6.894639246003588369e+02 -5.197331814642579317e+00 5.397108340238933044e-01
6.928108368557004724e+02 -5.181740731947262368e+00 5.380917963051318198e-01
6.961577491110419942e+02 -5.166196419767130621e+00 5.364776154157318011e-01
6.995046613663835160e+02 -5.150698737798822258e+00 5.348682767860549747e-01
7.028515736217250378e+02 -5.135247546159857457e+00 5.332637658901691058e-01
7.061984858770665596e+02 -5.119842705387384285e+00 5.316640682457175471e-01
7.095453981324080814e+02 -5.104484076436908602e+00 5.300691694137877885e-01
7.128923103877497169e+02 -5.089171520681053273e+00 5.284790549987822272e-01
7.162392226430912388e+02 -5.073904899908292521e+00 5.268937106482869392e-01
7.195861348984327606e+02 -5.058684076321714684e+00 5.253131220529428935e-01
7.229330471537743961e+02 -5.043508912537773448e+00 5.237372749463168331e-01
7.262799594091159179e+02 -5.028379271585051491e+00 5.221661551047723782e-01
7.296268716644574397e+02 -5.013295016903015267e+00 5.205997483473406851e-01
7.329737839197989615e+02 -4.998256012340796417e+00 5.190380405355945470e-01
7.363206961751404833e+02 -4.983262122155952767e+00 5.174810175735189421e-01
7.396676084304820051e+02 -4.968313211013245301e+00 5.159286654073844680e-01
7.430145206858236406e+02 -4.953409143983415142e+00 5.143809700256204431e-01
7.463614329411651624e+02 -4.938549786541972075e+00 5.128379174586886746e-01
7.497083451965066843e+02 -4.923735004567972418e+00 5.112994937789568928e-01
7.530552574518483198e+02 -4.908964664342813755e+00 5.097656851005735179e-01
7.564021697071898416e+02 -4.894238632549023471e+00 5.082364775793416500e-01
7.597490819625313634e+02 -4.879556776269064144e+00 5.067118574125953900e-01
7.630959942178728852e+02 -4.864918962984117634e+00 5.051918108390733853e-01
7.664429064732144070e+02 -4.850325060572910019e+00 5.036763241387965939e-01
7.697898187285559288e+02 -4.835774937310501898e+00 5.021653836329430520e-01
7.731367309838975643e+02 -4.821268461867105337e+00 5.006589756837247496e-01
7.764836432392390861e+02 -4.806805503306902594e+00 4.991570866942651730e-01
7.798305554945806080e+02 -4.792385931086856843e+00 4.976597031084754041e-01
7.831774677499222435e+02 -4.778009615055540671e+00 4.961668114109330507e-01
7.865243800052637653e+02 -4.763676425451955687e+00 4.946783981267591779e-01
7.898712922606052871e+02 -4.749386232904363681e+00 4.931944498214972383e-01
7.932182045159469226e+02 -4.735138908429122218e+00 4.917149531009918917e-01
7.965651167712883307e+02 -4.720934323429514023e+00 4.902398946112677680e-01
7.999120290266298525e+02 -4.706772349694592350e+00 4.887692610384092862e-01
8.032589412819714880e+02 -4.692652859398017462e+00 4.873030391084398616e-01
8.066058535373130098e+02 -4.678575725096908222e+00 4.858412155872028348e-01
8.099527657926545317e+02 -4.664540819730691013e+00 4.843837772802417896e-01
8.132996780479960535e+02 -4.650548016619949543e+00 4.829307110326810926e-01
8.166465903033376890e+02 -4.636597189465286206e+00 4.814820037291078214e-01
8.199935025586793245e+02 -4.622688212346175440e+00 4.800376422934524157e-01
8.233404148140207326e+02 -4.608820959719836630e+00 4.785976136888719923e-01
8.266873270693623681e+02 -4.594995306420089243e+00 4.771619049176310523e-01
8.300342393247038899e+02 -4.581211127656236393e+00 4.757305030209859065e-01
8.333811515800452980e+02 -4.567468299011927080e+00 4.743033950790663811e-01
8.367280638353869335e+02 -4.553766696444037088e+00 4.728805682107594666e-01
8.400749760907285690e+02 -4.540106196281553430e+00 4.714620095735936878e-01
8.434218883460699772e+02 -4.526486675224450806e+00 4.700477063636224195e-01
8.467688006014116127e+02 -4.512908010342585818e+00 4.686376458153088675e-01
8.501157128567532482e+02 -4.499370079074580531e+00 4.672318152014103831e-01
8.534626251120946563e+02 -4.485872759226722906e+00 4.658302018328639993e-01
8.568095373674362918e+02 -4.472415928971859245e+00 4.644327930586716335e-01
8.601564496227778136e+02 -4.458999466848295512e+00 4.630395762657860681e-01
8.635033618781192217e+02 -4.445623251758703098e+00 4.616505388789969855e-01
8.668502741334608572e+02 -4.432287162969022809e+00 4.602656683608174482e-01
8.701971863888024927e+02 -4.418991080107377734e+00 4.588849522113709334e-01
8.735440986441439009e+02 -4.405734883162984339e+00 4.575083779682781460e-01
8.768910108994855364e+02 -4.392518452485070668e+00 4.561359332065448857e-01
8.802379231548271719e+02 -4.379341668781797203e+00 4.547676055384498595e-01
8.835848354101685800e+02 -4.366204413119178618e+00 4.534033826134326040e-01
8.869317476655102155e+02 -4.353106566920009968e+00 4.520432521179821861e-01
8.902786599208517373e+02 -4.340048011962798213e+00 4.506872017755261806e-01
8.936255721761932591e+02 -4.327028630380693741e+00 4.493352193463195920e-01
8.969724844315347809e+02 -4.314048304660426325e+00 4.479872926273346656e-01
9.003193966868764164e+02 -4.301106917641247307e+00 4.466434094521505860e-01
9.036663089422178246e+02 -4.288204352513866446e+00 4.453035576908434545e-01
9.070132211975594601e+02 -4.275340492819403870e+00 4.439677252498773763e-01
9.103601334529010956e+02 -4.262515222448334917e+00 4.426359000719947145e-01
9.137070457082425037e+02 -4.249728425639442086e+00 4.413080701361074554e-01
9.170539579635841392e+02 -4.236979986978773205e+00 4.399842234571889610e-01
9.204008702189256610e+02 -4.224269791398595153e+00 4.386643480861652789e-01
9.237477824742671828e+02 -4.211597724176361801e+00 4.373484321098079497e-01
9.270946947296087046e+02 -4.198963670933672176e+00 4.360364636506259273e-01
9.304416069849503401e+02 -4.186367517635240176e+00 4.347284308667584973e-01
9.337885192402917482e+02 -4.173809150587866945e+00 4.334243219518686963e-01
9.371354314956333837e+02 -4.161288456439412364e+00 4.321241251350361745e-01
9.404823437509750192e+02 -4.148805322177771870e+00 4.308278286806514479e-01
9.438292560063164274e+02 -4.136359635129862156e+00 4.295354208883100933e-01
9.471761682616580629e+02 -4.123951282960593545e+00 4.282468900927063338e-01
9.505230805169995847e+02 -4.111580153671866356e+00 4.269622246635286777e-01
9.538699927723411065e+02 -4.099246135601553931e+00 4.256814130053544476e-01
9.572169050276826283e+02 -4.086949117422494560e+00 4.244044435575449192e-01
9.605638172830242638e+02 -4.074688988141491386e+00 4.231313047941415717e-01
9.639107295383656719e+02 -4.062465637098308768e+00 4.218619852237618373e-01
9.672576417937073074e+02 -4.050278953964668638e+00 4.205964733894949625e-01
9.706045540490489429e+02 -4.038128828743261067e+00 4.193347578687992017e-01
9.739514663043903511e+02 -4.026015151766748623e+00 4.180768272733982327e-01
9.772983785597319866e+02 -4.013937813696776047e+00 4.168226702491787394e-01
9.806452908150735084e+02 -4.001896705522983488e+00 4.155722754760876048e-01
9.839922030704150302e+02 -3.989891718562025513e+00 4.143256316680300477e-01
9.873391153257565520e+02 -3.977922744456584780e+00 4.130827275727674830e-01
9.906860275810981875e+02 -3.965989675174398599e+00 4.118435519718160465e-01
9.940329398364395956e+02 -3.954092403007283707e+00 4.106080936803456760e-01
9.973798520917812311e+02 -3.942230820570157501e+00 4.093763415470783040e-01
1.000726764347122867e+03 -3.930404820800080579e+00 4.081482844541883259e-01
1.004073676602464275e+03 -3.918614296955278853e+00 4.069239113172012368e-01
1.007420588857805910e+03 -3.906859142614185654e+00 4.057032110848942108e-01
1.010767501113147546e+03 -3.895139251674482495e+00 4.044861727391961814e-01
1.014114413368488954e+03 -3.883454518352137175e+00 4.032727852950883096e-01
1.017461325623830476e+03 -3.871804837180451653e+00 4.020630378005048411e-01
1.020808237879172111e+03 -3.860190103009109919e+00 4.008569193362344074e-01
1.024155150134513633e+03 -3.848610211003229420e+00 3.996544190158213827e-01
1.027502062389855155e+03 -3.837065056642410710e+00 3.984555259854674070e-01
1.030848974645196677e+03 -3.825554535719801752e+00 3.972602294239339082e-01
1.034195886900538198e+03 -3.814078544341149790e+00 3.960685185424440147e-01
1.037542799155879720e+03 -3.802636978923865652e+00 3.948803825845850213e-01
1.040889711411221469e+03 -3.791229736196094713e+00 3.936958108262121891e-01
1.044236623666562764e+03 -3.779856713195775431e+00 3.925147925753508238e-01
1.047583535921904513e+03 -3.768517807269714304e+00 3.913373171721003518e-01
1.050930448177246035e+03 -3.757212916072663056e+00 3.901633739885382868e-01
1.054277360432587557e+03 -3.745941937566389157e+00 3.889929524286239171e-01
1.057624272687929079e+03 -3.734704770018755671e+00 3.878260419281027160e-01
1.060971184943270600e+03 -3.723501312002806873e+00 3.866626319544111956e-01
1.064318097198612122e+03 -3.712331462395848547e+00 3.855027120065816493e-01
1.067665009453953644e+03 -3.701195120378537595e+00 3.843462716151475611e-01
1.071011921709295393e+03 -3.690092185433969441e+00 3.831933003420486261e-01
1.074358833964636688e+03 -3.679022557346776523e+00 3.820437877805374915e-01
1.077705746219978437e+03 -3.667986136202216141e+00 3.808977235550846663e-01
1.081052658475319959e+03 -3.656982822385273835e+00 3.797550973212857062e-01
1.084399570730661480e+03 -3.646012516579763219e+00 3.786158987657675667e-01
1.087746482986003002e+03 -3.635075119767428919e+00 3.774801176060955110e-01
1.091093395241344524e+03 -3.624170533227051738e+00 3.763477435906801838e-01
1.094440307496686046e+03 -3.613298658533561802e+00 3.752187664986855187e-01
1.097787219752027568e+03 -3.602459397557142839e+00 3.740931761399355904e-01
1.101134132007369317e+03 -3.591652652462355544e+00 3.729709623548239650e-01
1.104481044262710611e+03 -3.580878325707247178e+00 3.718521150142207188e-01
1.107827956518052360e+03 -3.570136320042474054e+00 3.707366240193816775e-01
1.111174868773393882e+03 -3.559426538510423121e+00 3.696244793018571562e-01
1.114521781028735404e+03 -3.548748884444339335e+00 3.685156708234011980e-01
1.117868693284076926e+03 -3.538103261467448135e+00 3.674101885758804809e-01
1.121215605539418675e+03 -3.527489573492090802e+00 3.663080225811847224e-01
1.124562517794759970e+03 -3.516907724718854045e+00 3.652091628911360299e-01
1.127909430050101491e+03 -3.506357619635706246e+00 3.641135995873994169e-01
1.131256342305443241e+03 -3.495839163017133266e+00 3.630213227813928190e-01
1.134603254560784535e+03 -3.485352259923284013e+00 3.619323226141987204e-01
1.137950166816126284e+03 -3.474896815699108021e+00 3.608465892564741706e-01
1.141297079071467806e+03 -3.464472735973504136e+00 3.597641129083628542e-01
1.144643991326809328e+03 -3.454079926658469191e+00 3.586848837994061623e-01
1.147990903582150850e+03 -3.443718293948246689e+00 3.576088921884553185e-01
1.151337815837492599e+03 -3.433387744318478596e+00 3.565361283635828382e-01
1.154684728092833893e+03 -3.423088184525367783e+00 3.554665826419958763e-01
1.158031640348175415e+03 -3.412819521604829820e+00 3.544002453699479638e-01
1.161378552603517164e+03 -3.402581662871656309e+00 3.533371069226522443e-01
1.164725464858858459e+03 -3.392374515918680444e+00 3.522771577041946545e-01
1.168072377114200208e+03 -3.382197988615935902e+00 3.512203881474468270e-01
1.171419289369541730e+03 -3.372051989109836612e+00 3.501667887139807145e-01
1.174766201624883251e+03 -3.361936425822336538e+00 3.491163498939813814e-01
1.178113113880224773e+03 -3.351851207450108561e+00 3.480690622061617945e-01
1.181460026135566522e+03 -3.341796242963720687e+00 3.470249161976772245e-01
1.184806938390907817e+03 -3.331771441606813156e+00 3.459839024440397592e-01
1.188153850646249566e+03 -3.321776712895278205e+00 3.449460115490332601e-01
1.191500762901591088e+03 -3.311811966616446501e+00 3.439112341446287635e-01
1.194847675156932382e+03 -3.301877112828270011e+00 3.428795608908996595e-01
1.198194587412274132e+03 -3.291972061858509324e+00 3.418509824759372595e-01
1.201541499667615653e+03 -3.282096724303928958e+00 3.408254896157673075e-01
1.204888411922957175e+03 -3.272251011029486456e+00 3.398030730542657696e-01
1.208235324178298697e+03 -3.262434833167527692e+00 3.387837235630751787e-01
1.211582236433640446e+03 -3.252648102116989293e+00 3.377674319415218673e-01
1.214929148688981741e+03 -3.242890729542591721e+00 3.367541890165322571e-01
1.218276060944323490e+03 -3.233162627374046583e+00 3.357439856425504243e-01
1.221622973199665012e+03 -3.223463707805263478e+00 3.347368127014557215e-01
1.224969885455006306e+03 -3.213793883293553755e+00 3.337326611024802325e-01
1.228316797710348055e+03 -3.204153066558839136e+00 3.327315217821264492e-01
1.231663709965689577e+03 -3.194541170582869238e+00 3.317333857040861145e-01
1.235010622221031099e+03 -3.184958108608432426e+00 3.307382438591582319e-01
1.238357534476372621e+03 -3.175403794138573765e+00 3.297460872651677422e-01
1.241704446731714370e+03 -3.165878140935812546e+00 3.287569069668846433e-01
1.245051358987055664e+03 -3.156381063021367783e+00 3.277706940359429999e-01
1.248398271242397414e+03 -3.146912474674377513e+00 3.267874395707603408e-01
1.251745183497738935e+03 -3.137472290431127853e+00 3.258071346964575010e-01
1.255092095753080457e+03 -3.128060425084283391e+00 3.248297705647784639e-01
1.258439008008421979e+03 -3.118676793682114035e+00 3.238553383540103137e-01
1.261785920263763501e+03 -3.109321311527728060e+00 3.228838292689036327e-01
1.265132832519105023e+03 -3.099993894178314502e+00 3.219152345405935645e-01
1.268479744774446544e+03 -3.090694457444371324e+00 3.209495454265199332e-01
1.271826657029788294e+03 -3.081422917388952243e+00 3.199867532103488621e-01
1.275173569285129588e+03 -3.072179190326908671e+00 3.190268492018941138e-01
1.278520481540471337e+03 -3.062963192824129433e+00 3.180698247370382092e-01
1.281867393795812859e+03 -3.053774841696794695e+00 3.171156711776547121e-01
1.285214306051154381e+03 -3.044614054010618354e+00 3.161643799115299025e-01
1.288561218306495903e+03 -3.035480747080104624e+00 3.152159423522853388e-01
1.291908130561837424e+03 -3.026374838467798867e+00 3.142703499393000866e-01
1.295255042817179174e+03 -3.017296245983545511e+00 3.133275941376337248e-01
1.298601955072520468e+03 -3.008244887683745095e+00 3.123876664379491852e-01
1.301948867327862217e+03 -2.999220681870612193e+00 3.114505583564355917e-01
1.305295779583203739e+03 -2.990223547091442224e+00 3.105162614347322658e-01
1.308642691838545261e+03 -2.981253402137875597e+00 3.095847672398522876e-01
1.311989604093886783e+03 -2.972310166045161850e+00 3.086560673641059460e-01
1.315336516349228305e+03 -2.963393758091430907e+00 3.077301534250251880e-01
1.318683428604569826e+03 -2.954504097796966100e+00 3.068070170652881234e-01
1.322030340859911348e+03 -2.945641104923471865e+00 3.058866499526429750e-01
1.325377253115253097e+03 -2.936804699473356539e+00 3.049690437798335263e-01
1.328724165370594392e+03 -2.927994801689007609e+00 3.040541902645239047e-01
1.332071077625936141e+03 -2.919211332052068730e+00 3.031420811492236411e-01
1.335417989881277663e+03 -2.910454211282728298e+00 3.022327082012133959e-01
1.338764902136619185e+03 -2.901723360338997804e+00 3.013260632124706295e-01
1.342111814391960706e+03 -2.893018700416000843e+00 3.004221379995952179e-01
1.345458726647302228e+03 -2.884340152945262581e+00 2.995209244037358998e-01
1.348805638902643750e+03 -2.875687639594000977e+00 2.986224142905166690e-01
1.352152551157985272e+03 -2.867061082264414473e+00 2.977265995499628892e-01
1.355499463413327021e+03 -2.858460403092987434e+00 2.968334720964289075e-01
1.358846375668668315e+03 -2.849885524449777385e+00 2.959430238685243353e-01
1.362193287924010065e+03 -2.841336368937718238e+00 2.950552468290414954e-01
1.365540200179351586e+03 -2.832812859391921734e+00 2.941701329648829244e-01
1.368887112434693108e+03 -2.824314918878980674e+00 2.932876742869891529e-01
1.372234024690034630e+03 -2.815842470696277466e+00 2.924078628302666516e-01
1.375580936945376152e+03 -2.807395438371282914e+00 2.915306906535151676e-01
1.378927849200717674e+03 -2.798973745660878532e+00 2.906561498393575027e-01
1.382274761456059196e+03 -2.790577316550657994e+00 2.897842324941665160e-01
1.385621673711400945e+03 -2.782206075254245459e+00 2.889149307479949025e-01
1.388968585966742239e+03 -2.773859946212613004e+00 2.880482367545039168e-01
1.392315498222083988e+03 -2.765538854093392285e+00 2.871841426908919304e-01
1.395662410477425510e+03 -2.757242723790204408e+00 2.863226407578250976e-01
1.399009322732767032e+03 -2.748971480421972480e+00 2.854637231793656360e-01
1.402356234988108554e+03 -2.740725049332250585e+00 2.846073822029024369e-01
1.405703147243450076e+03 -2.732503356088550106e+00 2.837536100990808441e-01
1.409050059498791597e+03 -2.724306326481665153e+00 2.829023991617328759e-01
1.412396971754133119e+03 -2.716133886525006869e+00 2.820537417078077813e-01
1.415743884009474868e+03 -2.707985962453931528e+00 2.812076300773026505e-01
1.419090796264816163e+03 -2.699862480725076619e+00 2.803640566331931372e-01
1.422437708520157912e+03 -2.691763368015697377e+00 2.795230137613646249e-01
1.425784620775499434e+03 -2.683688551223002872e+00 2.786844938705435037e-01
1.429131533030840956e+03 -2.675637957463500971e+00 2.778484893922288923e-01
1.432478445286182478e+03 -2.667611514072334877e+00 2.770149927806238033e-01
1.435825357541523999e+03 -2.659609148602628537e+00 2.761839965125673091e-01
1.439172269796865521e+03 -2.651630788824837381e+00 2.753554930874669848e-01
1.442519182052207043e+03 -2.643676362726090190e+00 2.745294750272305184e-01
1.445866094307548792e+03 -2.635745798509542048e+00 2.737059348761987088e-01
1.449213006562890087e+03 -2.627839024593726869e+00 2.728848652010780196e-01
1.452559918818231836e+03 -2.619955969611909907e+00 2.720662585908735220e-01
1.455906831073573358e+03 -2.612096562411444278e+00 2.712501076568218927e-01
1.459253743328914879e+03 -2.604260732053128802e+00 2.704364050323249113e-01
1.462600655584256401e+03 -2.596448407810567183e+00 2.696251433728828473e-01
1.465947567839597923e+03 -2.588659519169529855e+00 2.688163153560281238e-01
1.469294480094939445e+03 -2.580893995827318488e+00 2.680099136812593152e-01
1.472641392350280967e+03 -2.573151767692128278e+00 2.672059310699751444e-01
1.475988304605622716e+03 -2.565432764882421335e+00 2.664043602654090903e-01
1.479335216860964010e+03 -2.557736917726288972e+00 2.656051940325634408e-01
1.482682129116305759e+03 -2.550064156760825984e+00 2.648084251581442339e-01
1.486029041371647281e+03 -2.542414412731506701e+00 2.640140464504963091e-01
1.489375953626988803e+03 -2.534787616591555270e+00 2.632220507395381381e-01
1.492722865882330325e+03 -2.527183699501321712e+00 2.624324308766968761e-01
1.496069778137671847e+03 -2.519602592827666410e+00 2.616451797348446351e-01
1.499416690393013369e+03 -2.512044228143336611e+00 2.608602902082333697e-01
1.502763602648354890e+03 -2.504508537226346920e+00 2.600777552124309833e-01
1.506110514903696640e+03 -2.496995452059367793e+00 2.592975676842576571e-01
1.509457427159037934e+03 -2.489504904829111798e+00 2.585197205817218458e-01
1.512804339414379683e+03 -2.482036827925715450e+00 2.577442068839565503e-01
1.516151251669721205e+03 -2.474591153942135691e+00 2.569710195911563688e-01
1.519498163925062727e+03 -2.467167815673537934e+00 2.562001517245139359e-01
1.522845076180404249e+03 -2.459766746116690772e+00 2.554315963261571953e-01
1.526191988435745770e+03 -2.452387878469358462e+00 2.546653464590861726e-01
1.529538900691087292e+03 -2.445031146129705846e+00 2.539013952071114133e-01
1.532885812946428814e+03 -2.437696482695685507e+00 2.531397356747900340e-01
1.536232725201770563e+03 -2.430383821964447133e+00 2.523803609873646603e-01
1.539579637457111858e+03 -2.423093097931739326e+00 2.516232642907009764e-01
1.542926549712453607e+03 -2.415824244791308750e+00 2.508684387512258307e-01
1.546273461967795129e+03 -2.408577196934309939e+00 2.501158775558654512e-01
1.549620374223136650e+03 -2.401351888948713764e+00 2.493655739119843284e-01
1.552967286478478172e+03 -2.394148255618715471e+00 2.486175210473236252e-01
1.556314198733819694e+03 -2.386966231924144921e+00 2.478717122099398928e-01
1.559661110989161216e+03 -2.379805753039883065e+00 2.471281406681446191e-01
1.563008023244502738e+03 -2.372666754335273520e+00 2.463867997104429719e-01
1.566354935499844487e+03 -2.365549171373539927e+00 2.456476826454734308e-01
1.569701847755185781e+03 -2.358452939911208635e+00 2.449107828019476962e-01
1.573048760010527531e+03 -2.351377995897519835e+00 2.441760935285896550e-01
1.576395672265869052e+03 -2.344324275473858687e+00 2.434436081940762886e-01
1.579742584521210574e+03 -2.337291714973174450e+00 2.427133201869772494e-01
1.583089496776552096e+03 -2.330280250919405383e+00 2.419852229156952694e-01
1.586436409031893845e+03 -2.323289820026906316e+00 2.412593098084066801e-01
1.589783321287235140e+03 -2.316320359199881107e+00 2.405355743130024038e-01
1.593130233542576661e+03 -2.309371805531804434e+00 2.398140098970280853e-01
1.596477145797918411e+03 -2.302444096304866239e+00 2.390946100476261105e-01
1.599824058053259705e+03 -2.295537168989393972e+00 2.383773682714759590e-01
1.603170970308601454e+03 -2.288650961243294812e+00 2.376622780947360014e-01
1.606517882563942976e+03 -2.281785410911491674e+00 2.369493330629850736e-01
1.609864794819284498e+03 -2.274940456025361435e+00 2.362385267411641065e-01
1.613211707074626020e+03 -2.268116034802174941e+00 2.355298527135179232e-01
1.616558619329967769e+03 -2.261312085644541892e+00 2.348233045835377286e-01
1.619905531585309063e+03 -2.254528547139854400e+00 2.341188759739031844e-01
1.623252443840650812e+03 -2.247765358059727880e+00 2.334165605264243992e-01
1.626599356095992107e+03 -2.241022457359457043e+00 2.327163519019855020e-01
1.629946268351333629e+03 -2.234299784177455450e+00 2.320182437804862996e-01
1.633293180606675378e+03 -2.227597277834714173e+00 2.313222298607862104e-01
1.636640092862016900e+03 -2.220914877834248458e+00 2.306283038606467273e-01
1.639987005117358649e+03 -2.214252523860555488e+00 2.299364595166751013e-01
1.643333917372699716e+03 -2.207610155779068606e+00 2.292466905842677205e-01
1.646680829628041465e+03 -2.200987713635611076e+00 2.285589908375532942e-01
1.650027741883382987e+03 -2.194385137655862739e+00 2.278733540693376192e-01
1.653374654138724736e+03 -2.187802368244812445e+00 2.271897740910465424e-01
1.656721566394066258e+03 -2.181239345986225597e+00 2.265082447326707826e-01
1.660068478649407780e+03 -2.174696011642105908e+00 2.258287598427100029e-01
1.663415390904749074e+03 -2.168172306152160278e+00 2.251513132881172718e-01
1.666762303160090596e+03 -2.161668170633264996e+00 2.244758989542435801e-01
1.670109215415432345e+03 -2.155183546378936832e+00 2.238025107447829398e-01
1.673456127670773867e+03 -2.148718374858801905e+00 2.231311425817172345e-01
1.676803039926115616e+03 -2.142272597718065441e+00 2.224617884052611516e-01
1.680149952181457138e+03 -2.135846156776989080e+00 2.217944421738079486e-01
1.683496864436798433e+03 -2.129438994030363297e+00 2.211290978638745519e-01
1.686843776692139954e+03 -2.123051051646982046e+00 2.204657494700471287e-01
1.690190688947481704e+03 -2.116682271969123175e+00 2.198043910049270744e-01
1.693537601202823225e+03 -2.110332597512030617e+00 2.191450164990772498e-01
1.696884513458164747e+03 -2.104001970963389034e+00 2.184876200009673586e-01
1.700231425713506496e+03 -2.097690335182811339e+00 2.178321955769208507e-01
1.703578337968847563e+03 -2.091397633201323103e+00 2.171787373110613262e-01
1.706925250224189313e+03 -2.085123808220842090e+00 2.165272393052584954e-01
1.710272162479530834e+03 -2.078868803613676430e+00 2.158776956790759705e-01
1.713619074734872584e+03 -2.072632562922003707e+00 2.152301005697173641e-01
1.716965986990214105e+03 -2.066415029857366026e+00 2.145844481319736929e-01
1.720312899245555627e+03 -2.060216148300161532e+00 2.139407325381706415e-01
1.723659811500897376e+03 -2.054035862299135040e+00 2.132989479781156605e-01
1.727006723756238443e+03 -2.047874116070880213e+00 2.126590886590462304e-01
1.730353636011580193e+03 -2.041730853999324857e+00 2.120211488055765425e-01
1.733700548266921714e+03 -2.035606020635240654e+00 2.113851226596464017e-01
1.737047460522263464e+03 -2.029499560695734672e+00 2.107510044804685456e-01
1.740394372777604985e+03 -2.023411419063752437e+00 2.101187885444770198e-01
1.743741285032946507e+03 -2.017341540787582765e+00 2.094884691452757741e-01
1.747088197288287802e+03 -2.011289871080360836e+00 2.088600405935870097e-01
1.750435109543629551e+03 -2.005256355319567696e+00 2.082334972171991927e-01
1.753782021798971073e+03 -1.999240939046548426e+00 2.076088333609171221e-01
1.757128934054312595e+03 -1.993243567966011653e+00 2.069860433865098603e-01
1.760475846309654344e+03 -1.987264187945542382e+00 2.063651216726601900e-01
1.763822758564995866e+03 -1.981302745015113720e+00 2.057460626149138772e-01
1.767169670820337160e+03 -1.975359185366600823e+00 2.051288606256292668e-01
1.770516583075678682e+03 -1.969433455353289952e+00 2.045135101339261852e-01
1.773863495331020431e+03 -1.963525501489402636e+00 2.039000055856366178e-01
1.777210407586361953e+03 -1.957635270449605835e+00 2.032883414432538061e-01
1.780557319841703475e+03 -1.951762709068533441e+00 2.026785121858826200e-01
1.783904232097045224e+03 -1.945907764340306656e+00 2.020705123091896815e-01
1.787251144352386518e+03 -1.940070383418055044e+00 2.014643363253535713e-01
1.790598056607728040e+03 -1.934250513613438915e+00 2.008599787630154510e-01
1.793944968863069562e+03 -1.928448102396175035e+00 2.002574341672295200e-01
1.797291881118411311e+03 -1.922663097393561005e+00 1.996566970994139156e-01
1.800638793373752833e+03 -1.916895446390004532e+00 1.990577621373015860e-01
1.803985705629094355e+03 -1.911145097326550246e+00 1.984606238748912732e-01
1.807332617884435649e+03 -1.905411998300411414e+00 1.978652769223989416e-01
1.810679530139777398e+03 -1.899696097564498309e+00 1.972717159062086223e-01
1.814026442395118920e+03 -1.893997343526955479e+00 1.966799354688245627e-01
1.817373354650460442e+03 -1.888315684750693446e+00 1.960899302688224599e-01
1.820720266905802191e+03 -1.882651069952925749e+00 1.955016949808013882e-01
1.824067179161143713e+03 -1.877003448004703534e+00 1.949152242953355874e-01
1.827414091416485007e+03 -1.871372767930458592e+00 1.943305129189268898e-01
1.830761003671826529e+03 -1.865758978907536614e+00 1.937475555739562594e-01
1.834107915927168278e+03 -1.860162030265745337e+00 1.931663469986369674e-01
1.837454828182509800e+03 -1.854581871486894018e+00 1.925868819469666593e-01
1.840801740437851322e+03 -1.849018452204336915e+00 1.920091551886800030e-01
1.844148652693193071e+03 -1.843471722202518981e+00 1.914331615092015326e-01
1.847495564948534366e+03 -1.837941631416524224e+00 1.908588957095986860e-01
1.850842477203875887e+03 -1.832428129931621852e+00 1.902863526065347033e-01
1.854189389459217409e+03 -1.826931167982816406e+00 1.897155270322219145e-01
1.857536301714559158e+03 -1.821450695954399235e+00 1.891464138343752210e-01
1.860883213969900680e+03 -1.815986664379500182e+00 1.885790078761654109e-01
1.864230126225242202e+03 -1.810539023939640613e+00 1.880133040361728347e-01
1.867577038480583496e+03 -1.805107725464289103e+00 1.874492972083412479e-01
1.870923950735925246e+03 -1.799692719930416018e+00 1.868869823019315979e-01
1.874270862991266767e+03 -1.794293958462054084e+00 1.863263542414763108e-01
1.877617775246608289e+03 -1.788911392329854078e+00 1.857674079667331613e-01
1.880964687501950038e+03 -1.783544972950647178e+00 1.852101384326399480e-01
1.884311599757291560e+03 -1.778194651887004873e+00 1.846545406092686137e-01
1.887658512012632855e+03 -1.772860380846802864e+00 1.841006094817800864e-01
1.891005424267974377e+03 -1.767542111682784078e+00 1.835483400503788720e-01
1.894352336523316126e+03 -1.762239796392125690e+00 1.829977273302680618e-01
1.897699248778657648e+03 -1.756953387116004350e+00 1.824487663516041747e-01
1.901046161033999169e+03 -1.751682836139165200e+00 1.819014521594524980e-01
1.904393073289340919e+03 -1.746428095889490439e+00 1.813557798137421795e-01
1.907739985544682213e+03 -1.741189118937571445e+00 1.808117443892218457e-01
1.911086897800023735e+03 -1.735965857996276895e+00 1.802693409754147214e-01
1.914433810055365257e+03 -1.730758265920331773e+00 1.797285646765749423e-01
1.917780722310707006e+03 -1.725566295705885711e+00 1.791894106116427854e-01
1.921127634566048528e+03 -1.720389900490093771e+00 1.786518739142009260e-01
1.924474546821390049e+03 -1.715229033550690785e+00 1.781159497324305563e-01
1.927821459076731344e+03 -1.710083648305570803e+00 1.775816332290673927e-01
1.931168371332073093e+03 -1.704953698312363208e+00 1.770489195813578776e-01
1.934515283587414615e+03 -1.699839137268020384e+00 1.765178039810162691e-01
1.937862195842756137e+03 -1.694739919008392937e+00 1.759882816341805656e-01
1.941209108098097886e+03 -1.689655997507816476e+00 1.754603477613695672e-01
1.944556020353439408e+03 -1.684587326878696167e+00 1.749339975974397166e-01
1.947902932608780702e+03 -1.679533861371093062e+00 1.744092263915422159e-01
1.951249844864122224e+03 -1.674495555372305766e+00 1.738860294070795065e-01
1.954596757119463973e+03 -1.669472363406467430e+00 1.733644019216634968e-01
1.957943669374805495e+03 -1.664464240134128969e+00 1.728443392270721524e-01
1.961290581630147017e+03 -1.659471140351851615e+00 1.723258366292073906e-01
1.964637493885488766e+03 -1.654493018991799680e+00 1.718088894480525597e-01
1.967984406140830060e+03 -1.649529831121333778e+00 1.712934930176303605e-01
1.971331318396171582e+03 -1.644581531942601149e+00 1.707796426859602978e-01
1.974678230651513104e+03 -1.639648076792138420e+00 1.702673338150172966e-01
1.978025142906854853e+03 -1.634729421140464156e+00 1.697565617806895133e-01
1.981372055162196375e+03 -1.629825520591675181e+00 1.692473219727364253e-01
1.984718967417538124e+03 -1.624936330883051783e+00 1.687396097947476969e-01
1.988065879672879191e+03 -1.620061807884652705e+00 1.682334206641013519e-01
1.991412791928220940e+03 -1.615201907598917908e+00 1.677287500119222508e-01
1.994759704183562462e+03 -1.610356586160273995e+00 1.672255932830413183e-01
1.998106616438903984e+03 -1.605525799834736089e+00 1.667239459359541320e-01
2.001453528694245733e+03 -1.600709505019513257e+00 1.662238034427799271e-01
2.004800440949587255e+03 -1.595907658242615934e+00 1.657251612892209069e-01
2.008147353204928550e+03 -1.591120216162462908e+00 1.652280149745213311e-01
2.011494265460270071e+03 -1.586347135567488742e+00 1.647323600114267705e-01
2.014841177715611821e+03 -1.581588373375756529e+00 1.642381919261440004e-01
2.018188089970953342e+03 -1.576843886634568426e+00 1.637455062583004217e-01
2.021535002226295092e+03 -1.572113632520074411e+00 1.632542985609034547e-01
2.024881914481636613e+03 -1.567397568336890812e+00 1.627645644003010428e-01
2.028228826736977908e+03 -1.562695651517712836e+00 1.622762993561412403e-01
2.031575738992319430e+03 -1.558007839622927548e+00 1.617894990213322171e-01
2.034922651247660951e+03 -1.553334090340236173e+00 1.613041590020028171e-01
2.038269563503002701e+03 -1.548674361484268402e+00 1.608202749174627022e-01
2.041616475758344222e+03 -1.544028610996202699e+00 1.603378424001628000e-01
2.044963388013685972e+03 -1.539396796943386159e+00 1.598568570956559187e-01
2.048310300269027266e+03 -1.534778877518957696e+00 1.593773146625575010e-01
2.051657212524368788e+03 -1.530174811041467686e+00 1.588992107725062941e-01
2.055004124779710310e+03 -1.525584555954505372e+00 1.584225411101254644e-01
2.058351037035051831e+03 -1.521008070826320502e+00 1.579473013729834341e-01
2.061697949290393353e+03 -1.516445314349452289e+00 1.574734872715553569e-01
2.065044861545735330e+03 -1.511896245340353939e+00 1.570010945291840376e-01
2.068391773801076397e+03 -1.507360822739022943e+00 1.565301188820416023e-01
2.071738686056417919e+03 -1.502839005608628042e+00 1.560605560790908064e-01
2.075085598311759441e+03 -1.498330753135142857e+00 1.555924018820468435e-01
2.078432510567101417e+03 -1.493836024626975734e+00 1.551256520653390980e-01
2.081779422822442939e+03 -1.489354779514602711e+00 1.546603024160728146e-01
2.085126335077784461e+03 -1.484886977350200477e+00 1.541963487339912120e-01
2.088473247333125528e+03 -1.480432577807282435e+00 1.537337868314375133e-01
2.091820159588467504e+03 -1.475991540680335445e+00 1.532726125333173095e-01
2.095167071843809026e+03 -1.471563825884454113e+00 1.528128216770605341e-01
2.098513984099150548e+03 -1.467149393454981743e+00 1.523544101125842709e-01
2.101860896354492070e+03 -1.462748203547149295e+00 1.518973737022550896e-01
2.105207808609833592e+03 -1.458360216435713674e+00 1.514417083208517145e-01
2.108554720865175113e+03 -1.453985392514601349e+00 1.509874098555278321e-01
2.111901633120516635e+03 -1.449623692296549526e+00 1.505344742057748431e-01
2.115248545375858157e+03 -1.445275076412751325e+00 1.500828972833851693e-01
2.118595457631199679e+03 -1.440939505612497840e+00 1.496326750124148952e-01
2.121942369886541201e+03 -1.436616940762827310e+00 1.491838033291474630e-01
2.125289282141883177e+03 -1.432307342848168075e+00 1.487362781820565083e-01
2.128636194397224244e+03 -1.428010672969990624e+00 1.482900955317698333e-01
2.131983106652565766e+03 -1.423726892346451223e+00 1.478452513510322974e-01
2.135330018907907288e+03 -1.419455962312047959e+00 1.474017416246701240e-01
2.138676931163249265e+03 -1.415197844317265918e+00 1.469595623495541237e-01
2.142023843418590786e+03 -1.410952499928234349e+00 1.465187095345640012e-01
2.145370755673932308e+03 -1.406719890826376496e+00 1.460791792005520506e-01
2.148717667929273375e+03 -1.402499978808063874e+00 1.456409673803072125e-01
2.152064580184615352e+03 -1.398292725784272772e+00 1.452040701185194349e-01
2.155411492439956874e+03 -1.394098093780240077e+00 1.447684834717439251e-01
2.158758404695298395e+03 -1.389916044935120221e+00 1.443342035083655384e-01
2.162105316950639917e+03 -1.385746541501643447e+00 1.439012263085632792e-01
2.165452229205981439e+03 -1.381589545845775202e+00 1.434695479642748572e-01
2.168799141461322961e+03 -1.377445020446377066e+00 1.430391645791616595e-01
2.172146053716664483e+03 -1.373312927894865476e+00 1.426100722685731403e-01
2.175492965972006004e+03 -1.369193230894878432e+00 1.421822671595122656e-01
2.178839878227347526e+03 -1.365085892261935774e+00 1.417557453906002629e-01
2.182186790482689048e+03 -1.360990874923103444e+00 1.413305031120416777e-01
2.185533702738031025e+03 -1.356908141916660426e+00 1.409065364855899560e-01
2.188880614993372092e+03 -1.352837656391764787e+00 1.404838416845125559e-01
2.192227527248713614e+03 -1.348779381608119277e+00 1.400624148935563362e-01
2.195574439504055135e+03 -1.344733280935642483e+00 1.396422523089134449e-01
2.198921351759397112e+03 -1.340699317854136208e+00 1.392233501381866245e-01
2.202268264014738634e+03 -1.336677455952956173e+00 1.388057046003551842e-01
2.205615176270080156e+03 -1.332667658930684285e+00 1.383893119257409154e-01
2.208962088525421223e+03 -1.328669890594800895e+00 1.379741683559739807e-01
2.212309000780763199e+03 -1.324684114861355733e+00 1.375602701439588571e-01
2.215655913036104721e+03 -1.320710295754645047e+00 1.371476135538407248e-01
2.219002825291446243e+03 -1.316748397406886761e+00 1.367361948609717714e-01
2.222349737546787765e+03 -1.312798384057894507e+00 1.363260103518773025e-01
2.225696649802129286e+03 -1.308860220054756995e+00 1.359170563242225738e-01
2.229043562057470808e+03 -1.304933869851515382e+00 1.355093290867790679e-01
2.232390474312812330e+03 -1.301019298008841973e+00 1.351028249593913544e-01
2.235737386568153852e+03 -1.297116469193720478e+00 1.346975402729437277e-01
2.239084298823495374e+03 -1.293225348179130041e+00 1.342934713693274829e-01
2.242431211078837350e+03 -1.289345899843720833e+00 1.338906146014071652e-01
2.245778123334178872e+03 -1.285478089171504079e+00 1.334889663329884568e-01
2.249125035589519939e+03 -1.281621881251532091e+00 1.330885229387848978e-01
2.252471947844861461e+03 -1.277777241277582077e+00 1.326892808043850513e-01
2.255818860100202983e+03 -1.273944134547846607e+00 1.322912363262203628e-01
2.259165772355544959e+03 -1.270122526464614987e+00 1.318943859115321027e-01
2.262512684610886481e+03 -1.266312382533965941e+00 1.314987259783394202e-01
2.265859596866228003e+03 -1.262513668365452091e+00 1.311042529554065916e-01
2.269206509121569070e+03 -1.258726349671792866e+00 1.307109632822111567e-01
2.272553421376911047e+03 -1.254950392268562087e+00 1.303188534089113892e-01
2.275900333632252568e+03 -1.251185762073881547e+00 1.299279197963145727e-01
2.279247245887594090e+03 -1.247432425108113252e+00 1.295381589158449975e-01
2.282594158142935612e+03 -1.243690347493550785e+00 1.291495672495119873e-01
2.285941070398277134e+03 -1.239959495454116878e+00 1.287621412898782847e-01
2.289287982653618656e+03 -1.236239835315055435e+00 1.283758775400283270e-01
2.292634894908960177e+03 -1.232531333502627557e+00 1.279907725135365493e-01
2.295981807164301699e+03 -1.228833956543812000e+00 1.276068227344362149e-01
2.299328719419643221e+03 -1.225147671065998534e+00 1.272240247371877742e-01
2.302675631674985198e+03 -1.221472443796691287e+00 1.268423750666478056e-01
2.306022543930326719e+03 -1.217808241563203664e+00 1.264618702780375692e-01
2.309369456185667786e+03 -1.214155031292363685e+00 1.260825069369122531e-01
2.312716368441009308e+03 -1.210512780010210454e+00 1.257042816191295265e-01
2.316063280696350830e+03 -1.206881454841701284e+00 1.253271909108190640e-01
2.319410192951692807e+03 -1.203261023010412378e+00 1.249512314083515568e-01
2.322757105207034328e+03 -1.199651451838242178e+00 1.245763997183078203e-01
2.326104017462375850e+03 -1.196052708745120041e+00 1.242026924574485824e-01
2.329450929717716917e+03 -1.192464761248708038e+00 1.238301062526835083e-01
2.332797841973058894e+03 -1.188887576964109849e+00 1.234586377410409747e-01
2.336144754228400416e+03 -1.185321123603578108e+00 1.230882835696376909e-01
2.339491666483741938e+03 -1.181765368976223973e+00 1.227190403956485015e-01
2.342838578739083459e+03 -1.178220280987724911e+00 1.223509048862760767e-01
2.346185490994424981e+03 -1.174685827640035152e+00 1.219838737187208533e-01
2.349532403249766503e+03 -1.171161977031099921e+00 1.216179435801513081e-01
2.352879315505108025e+03 -1.167648697354560783e+00 1.212531111676734275e-01
2.356226227760449547e+03 -1.164145956899476753e+00 1.208893731883016742e-01
2.359573140015791068e+03 -1.160653724050032309e+00 1.205267263589287208e-01
2.362920052271133045e+03 -1.157171967285253844e+00 1.201651674062959863e-01
2.366266964526474567e+03 -1.153700655178725665e+00 1.198046930669641602e-01
2.369613876781815634e+03 -1.150239756398305779e+00 1.194453000872836568e-01
2.372960789037157156e+03 -1.146789239705843233e+00 1.190869852233652770e-01
2.376307701292499132e+03 -1.143349073956894557e+00 1.187297452410507742e-01
2.379654613547840654e+03 -1.139919228100446436e+00 1.183735769158840434e-01
2.383001525803182176e+03 -1.136499671178631710e+00 1.180184770330816313e-01
2.386348438058523698e+03 -1.133090372326452044e+00 1.176644423875039536e-01
2.389695350313864765e+03 -1.129691300771498819e+00 1.173114697836262765e-01
2.393042262569206741e+03 -1.126302425833673349e+00 1.169595560355096847e-01
2.396389174824548263e+03 -1.122923716924915327e+00 1.166086979667729090e-01
2.399736087079889785e+03 -1.119555143548919496e+00 1.162588924105628224e-01
2.403082999335231307e+03 -1.116196675300867414e+00 1.159101362095266985e-01
2.406429911590572829e+03 -1.112848281867147682e+00 1.155624262157830540e-01
2.409776823845914350e+03 -1.109509933025085715e+00 1.152157592908936573e-01
2.413123736101255872e+03 -1.106181598642668407e+00 1.148701323058349127e-01
2.416470648356597394e+03 -1.102863248678273900e+00 1.145255421409697716e-01
2.419817560611938916e+03 -1.099554853180400915e+00 1.141819856860196852e-01
2.423164472867280892e+03 -1.096256382287396303e+00 1.138394598400362528e-01
2.426511385122622414e+03 -1.092967806227186589e+00 1.134979615113733825e-01
2.429858297377963481e+03 -1.089689095317010414e+00 1.131574876176594940e-01
2.433205209633305003e+03 -1.086420219963147638e+00 1.128180350857693887e-01
2.436552121888646980e+03 -1.083161150660656435e+00 1.124796008517969376e-01
2.439899034143988501e+03 -1.079911857993102409e+00 1.121421818610269794e-01
2.443245946399330023e+03 -1.076672312632297013e+00 1.118057750679081197e-01
2.446592858654671545e+03 -1.073442485338030439e+00 1.114703774360250310e-01
2.449939770910012612e+03 -1.070222346957808490e+00 1.111359859380710996e-01
2.453286683165354589e+03 -1.067011868426588350e+00 1.108025975558210169e-01
2.456633595420696111e+03 -1.063811020766519011e+00 1.104702092801037594e-01
2.459980507676037632e+03 -1.060619775086677041e+00 1.101388181107752634e-01
2.463327419931379154e+03 -1.057438102582806128e+00 1.098084210566912383e-01
2.466674332186720676e+03 -1.054265974537058836e+00 1.094790151356804797e-01
2.470021244442062198e+03 -1.051103362317736156e+00 1.091505973745177382e-01
2.473368156697403720e+03 -1.047950237379028149e+00 1.088231648088968245e-01
2.476715068952745241e+03 -1.044806571260757488e+00 1.084967144834039499e-01
2.480061981208086763e+03 -1.041672335588123000e+00 1.081712434514911364e-01
2.483408893463428740e+03 -1.038547502071443196e+00 1.078467487754495580e-01
2.486755805718770262e+03 -1.035432042505900263e+00 1.075232275263829224e-01
2.490102717974111329e+03 -1.032325928771285373e+00 1.072006767841811176e-01
2.493449630229452850e+03 -1.029229132831745996e+00 1.068790936374938438e-01
2.496796542484794827e+03 -1.026141626735531887e+00 1.065584751837043709e-01
2.500143454740136349e+03 -1.023063382614743944e+00 1.062388185289033365e-01
2.503490366995477871e+03 -1.019994372685080863e+00 1.059201207878625456e-01
2.506837279250819392e+03 -1.016934569245590003e+00 1.056023790840089904e-01
2.510184191506160914e+03 -1.013883944678417137e+00 1.052855905493989691e-01
2.513531103761502436e+03 -1.010842471448555324e+00 1.049697523246919395e-01
2.516878016016843958e+03 -1.007810122103599104e+00 1.046548615591250259e-01
2.520224928272185480e+03 -1.004786869273494476e+00 1.043409154104870118e-01
2.523571840527527002e+03 -1.001772685670294427e+00 1.040279110450930133e-01
2.526918752782868523e+03 -9.987675440879089095e-01 1.037158456377584720e-01
2.530265665038210045e+03 -9.957714174018633679e-01 1.034047163717741191e-01
2.533612577293551567e+03 -9.927842785690496052e-01 1.030945204388800523e-01
2.536959489548893089e+03 -9.898061006274866402e-01 1.027852550392409359e-01
2.540306401804234611e+03 -9.868368566960725730e-01 1.024769173814202433e-01
2.543653314059576587e+03 -9.838765199743454426e-01 1.021695046823553887e-01
2.547000226314918109e+03 -9.809250637422392005e-01 1.018630141673324135e-01
2.550347138570259176e+03 -9.779824613598439020e-01 1.015574430699610897e-01
2.553694050825600698e+03 -9.750486862671642330e-01 1.012527886321498011e-01
2.557040963080942674e+03 -9.721237119838800345e-01 1.009490481040807158e-01
2.560387875336284196e+03 -9.692075121091078271e-01 1.006462187441850425e-01
2.563734787591625718e+03 -9.663000603211627793e-01 1.003442978191182167e-01
2.567081699846967240e+03 -9.634013303773190096e-01 1.000432826037351425e-01
2.570428612102308762e+03 -9.605112961135759964e-01 9.974317038106582378e-02
2.573775524357650283e+03 -9.576299314444184363e-01 9.944395844229048098e-02
2.577122436612991805e+03 -9.547572103625850959e-01 9.914564408671552864e-02
2.580469348868333327e+03 -9.518931069388312238e-01 9.884822462174891466e-02
2.583816261123674849e+03 -9.490375953216940719e-01 9.855169736287580640e-02
2.587163173379016371e+03 -9.461906497372633007e-01 9.825605963363463757e-02
2.590510085634358347e+03 -9.433522444889430592e-01 9.796130876559254463e-02
2.593856997889699414e+03 -9.405223539572254987e-01 9.766744209832173285e-02
2.597203910145040936e+03 -9.377009525994536299e-01 9.737445697937489875e-02
2.600550822400382458e+03 -9.348880149495968350e-01 9.708235076426194321e-02
2.603897734655724435e+03 -9.320835156180166114e-01 9.679112081642557430e-02
2.607244646911065956e+03 -9.292874292912390866e-01 9.650076450721777055e-02
2.610591559166407478e+03 -9.264997307317270892e-01 9.621127921587604992e-02
2.613938471421748545e+03 -9.237203947776509994e-01 9.592266232949968330e-02
2.617285383677090522e+03 -9.209493963426619301e-01 9.563491124302614388e-02
2.620632295932432044e+03 -9.181867104156666848e-01 9.534802335920777860e-02
2.623979208187773565e+03 -9.154323120605994957e-01 9.506199608858804939e-02
2.627326120443115087e+03 -9.126861764162006452e-01 9.477682684947853764e-02
2.630673032698456609e+03 -9.099482786957872049e-01 9.449251306793521321e-02
2.634019944953798131e+03 -9.072185941870346548e-01 9.420905217773568874e-02
2.637366857209139653e+03 -9.044970982517485103e-01 9.392644162035548860e-02
2.640713769464481175e+03 -9.017837663256462744e-01 9.364467884494551142e-02
2.644060681719822696e+03 -8.990785739181336167e-01 9.336376130830865983e-02
2.647407593975164218e+03 -8.963814966120828842e-01 9.308368647487690051e-02
2.650754506230506195e+03 -8.936925100636151642e-01 9.280445181668867116e-02
2.654101418485847262e+03 -8.910115900018776847e-01 9.252605481336569071e-02
2.657448330741188784e+03 -8.883387122288259885e-01 9.224849295209036626e-02
2.660795242996530305e+03 -8.856738526190055527e-01 9.197176372758313068e-02
2.664142155251872282e+03 -8.830169871193347397e-01 9.169586464207991894e-02
2.667489067507213804e+03 -8.803680917488865276e-01 9.142079320530945019e-02
2.670835979762555326e+03 -8.777271425986716835e-01 9.114654693447073186e-02
2.674182892017896393e+03 -8.750941158314257118e-01 9.087312335421096621e-02
2.677529804273238369e+03 -8.724689876813888079e-01 9.060051999660266586e-02
2.680876716528579891e+03 -8.698517344540970253e-01 9.032873440112197672e-02
2.684223628783921413e+03 -8.672423325261643390e-01 9.005776411462604325e-02
2.687570541039262935e+03 -8.646407583450709256e-01 8.978760669133104000e-02
2.690917453294604456e+03 -8.620469884289503337e-01 8.951825969279006423e-02
2.694264365549945978e+03 -8.594609993663782088e-01 8.924972068787116741e-02
2.697611277805287500e+03 -8.568827678161593520e-01 8.898198725273526177e-02
2.700958190060629022e+03 -8.543122705071184431e-01 8.871505697081442932e-02
2.704305102315970544e+03 -8.517494842378903197e-01 8.844892743279007818e-02
2.707652014571312520e+03 -8.491943858767089237e-01 8.818359623657105739e-02
2.710998926826654042e+03 -8.466469523611996895e-01 8.791906098727210461e-02
2.714345839081995109e+03 -8.441071606981719322e-01 8.765531929719223847e-02
2.717692751337336631e+03 -8.415749879634085717e-01 8.739236878579302592e-02
2.721039663592678153e+03 -8.390504113014635168e-01 8.713020707967741862e-02
2.724386575848020129e+03 -8.365334079254509447e-01 8.686883181256795095e-02
2.727733488103361651e+03 -8.340239551168437959e-01 8.660824062528581224e-02
2.731080400358703173e+03 -8.315220302252644968e-01 8.634843116572905874e-02
2.734427312614044240e+03 -8.290276106682843427e-01 8.608940108885185238e-02
2.737774224869386217e+03 -8.265406739312165518e-01 8.583114805664289471e-02
2.741121137124727738e+03 -8.240611975669152045e-01 8.557366973810462407e-02
2.744468049380069260e+03 -8.215891591955722939e-01 8.531696380923209366e-02
2.747814961635410782e+03 -8.191245365045144444e-01 8.506102795299189112e-02
2.751161873890752304e+03 -8.166673072480027384e-01 8.480585985930129411e-02
2.754508786146093826e+03 -8.142174492470318770e-01 8.455145722500748140e-02
2.757855698401435347e+03 -8.117749403891295623e-01 8.429781775386667453e-02
2.761202610656776869e+03 -8.093397586281562139e-01 8.404493915652334890e-02
2.764549522912118391e+03 -8.069118819841079038e-01 8.379281915048972240e-02
2.767896435167460368e+03 -8.044912885429166272e-01 8.354145546012507750e-02
2.771243347422801889e+03 -8.020779564562523500e-01 8.329084581661518050e-02
2.774590259678142957e+03 -7.996718639413266105e-01 8.304098795795189503e-02
2.777937171933484478e+03 -7.972729892806950103e-01 8.279187962891261521e-02
2.781284084188826000e+03 -7.948813108220619261e-01 8.254351858104008732e-02
2.784630996444167977e+03 -7.924968069780852220e-01 8.229590257262206499e-02
2.787977908699509499e+03 -7.901194562261802945e-01 8.204902936867093655e-02
2.791324820954851020e+03 -7.877492371083272271e-01 8.180289674090376884e-02
2.794671733210192087e+03 -7.853861282308760572e-01 8.155750246772204559e-02
2.798018645465534064e+03 -7.830301082643538191e-01 8.131284433419164182e-02
2.801365557720875586e+03 -7.806811559432724756e-01 8.106892013202285363e-02
2.804712469976217108e+03 -7.783392500659364055e-01 8.082572765955042815e-02
2.808059382231558629e+03 -7.760043694942523329e-01 8.058326472171384314e-02
2.811406294486900151e+03 -7.736764931535364820e-01 8.034152913003723973e-02
2.814753206742241673e+03 -7.713556000323256168e-01 8.010051870260984086e-02
2.818100118997583195e+03 -7.690416691821874151e-01 7.986023126406623096e-02
2.821447031252924717e+03 -7.667346797175315087e-01 7.962066464556673273e-02
2.824793943508266238e+03 -7.644346108154201902e-01 7.938181668477778397e-02
2.828140855763608215e+03 -7.621414417153807852e-01 7.914368522585241150e-02
2.831487768018949737e+03 -7.598551517192190241e-01 7.890626811941087171e-02
2.834834680274290804e+03 -7.575757201908309701e-01 7.866956322252115219e-02
2.838181592529632326e+03 -7.553031265560177232e-01 7.843356839867964003e-02
2.841528504784974302e+03 -7.530373503022992354e-01 7.819828151779188719e-02
2.844875417040315824e+03 -7.507783709787290150e-01 7.796370045615330646e-02
2.848222329295657346e+03 -7.485261681957106061e-01 7.772982309643014509e-02
2.851569241550998868e+03 -7.462807216248120712e-01 7.749664732764019459e-02
2.854916153806339935e+03 -7.440420109985839137e-01 7.726417104513391698e-02
2.858263066061681911e+03 -7.418100161103742263e-01 7.703239215057519629e-02
2.861609978317023433e+03 -7.395847168141487238e-01 7.680130855192271455e-02
2.864956890572364955e+03 -7.373660930243073341e-01 7.657091816341085599e-02
2.868303802827706477e+03 -7.351541247155025660e-01 7.634121890553086098e-02
2.871650715083047999e+03 -7.329487919224606518e-01 7.611220870501228530e-02
2.874997627338389520e+03 -7.307500747397994711e-01 7.588388549480402923e-02
2.878344539593731042e+03 -7.285579533218494719e-01 7.565624721405576902e-02
2.881691451849072564e+03 -7.263724078824744801e-01 7.542929180809940237e-02
2.885038364104414086e+03 -7.241934186948939534e-01 7.520301722843047987e-02
2.888385276359756062e+03 -7.220209660915041239e-01 7.497742143268974757e-02
2.891732188615097584e+03 -7.198550304636996966e-01 7.475250238464456465e-02
2.895079100870438651e+03 -7.176955922616991002e-01 7.452825805417073735e-02
2.898426013125780173e+03 -7.155426319943652969e-01 7.430468641723400602e-02
2.901772925381122150e+03 -7.133961302290321438e-01 7.408178545587189301e-02
2.905119837636463672e+03 -7.112560675913279784e-01 7.385955315817548106e-02
2.908466749891805193e+03 -7.091224247650004253e-01 7.363798751827116407e-02
2.911813662147146715e+03 -7.069951824917433125e-01 7.341708653630270309e-02
2.915160574402487782e+03 -7.048743215710211452e-01 7.319684821841297706e-02
2.918507486657829759e+03 -7.027598228598967989e-01 7.297727057672610818e-02
2.921854398913171281e+03 -7.006516672728591022e-01 7.275835162932953182e-02
2.925201311168512802e+03 -6.985498357816496418e-01 7.254008940025606644e-02
2.928548223423854324e+03 -6.964543094150920099e-01 7.232248191946610838e-02
2.931895135679195846e+03 -6.943650692589189433e-01 7.210552722282972948e-02
2.935242047934537368e+03 -6.922820964556041234e-01 7.188922335210920500e-02
2.938588960189878890e+03 -6.902053722041886497e-01 7.167356835494097245e-02
2.941935872445220411e+03 -6.881348777601149491e-01 7.145856028481842315e-02
2.945282784700561933e+03 -6.860705944350549146e-01 7.124419720107399989e-02
2.948629696955903910e+03 -6.840125035967423717e-01 7.103047716886186358e-02
2.951976609211245432e+03 -6.819605866688048801e-01 7.081739825914036557e-02
2.955323521466586499e+03 -6.799148251305953128e-01 7.060495854865460330e-02
2.958670433721928021e+03 -6.778752005170257666e-01 7.039315611991915633e-02
2.962017345977269997e+03 -6.758416944183998076e-01 7.018198906120066971e-02
2.965364258232611519e+03 -6.738142884802477139e-01 6.997145546650074266e-02
2.968711170487953041e+03 -6.717929644031593872e-01 6.976155343553853971e-02
2.972058082743294563e+03 -6.697777039426193735e-01 6.955228107373374880e-02
2.975404994998636084e+03 -6.677684889088438824e-01 6.934363649218958092e-02
2.978751907253977606e+03 -6.657653011666133658e-01 6.913561780767539522e-02
2.982098819509319128e+03 -6.637681226351125341e-01 6.892822314261011496e-02
2.985445731764660650e+03 -6.617769352877642675e-01 6.872145062504494972e-02
2.988792644020002172e+03 -6.597917211520688552e-01 6.851529838864672817e-02
2.992139556275343693e+03 -6.578124623094402379e-01 6.830976457268086999e-02
2.995486468530685215e+03 -6.558391408950452472e-01 6.810484732199469093e-02
2.998833380786026737e+03 -6.538717390976419574e-01 6.790054478700066620e-02
3.002180293041368259e+03 -6.519102391594190360e-01 6.769685512365963831e-02
3.005527205296709781e+03 -6.499546233758358715e-01 6.749377649346435804e-02
3.008874117552051757e+03 -6.480048740954617026e-01 6.729130706342267843e-02
3.012221029807393279e+03 -6.460609737198180769e-01 6.708944500604119288e-02
3.015567942062734346e+03 -6.441229047032174249e-01 6.688818849930854016e-02
3.018914854318075868e+03 -6.421906495526071845e-01 6.668753572667918128e-02
3.022261766573417844e+03 -6.402641908274105953e-01 6.648748487705684329e-02
3.025608678828759366e+03 -6.383435111393691574e-01 6.628803414477819900e-02
3.028955591084100888e+03 -6.364285931523873119e-01 6.608918172959669934e-02
3.032302503339442410e+03 -6.345194195823732342e-01 6.589092583666607272e-02
3.035649415594783932e+03 -6.326159731970855127e-01 6.569326467652442103e-02
3.038996327850125454e+03 -6.307182368159758301e-01 6.549619646507780224e-02
3.042343240105466975e+03 -6.288261933100341983e-01 6.529971942358425707e-02
3.045690152360808497e+03 -6.269398256016359694e-01 6.510383177863786341e-02
3.049037064616150019e+03 -6.250591166643845176e-01 6.490853176215238829e-02
3.052383976871491541e+03 -6.231840495229613586e-01 6.471381761134578636e-02
3.055730889126833063e+03 -6.213146072529698305e-01 6.451968756872389354e-02
3.059077801382174584e+03 -6.194507729807834373e-01 6.432613988206474509e-02
3.062424713637516106e+03 -6.175925298833939703e-01 6.413317280440276880e-02
3.065771625892857628e+03 -6.157398611882589634e-01 6.394078459401293657e-02
3.069118538148199605e+03 -6.138927501731514802e-01 6.374897351439516580e-02
3.072465450403541126e+03 -6.120511801660070139e-01 6.355773783425845702e-02
3.075812362658882194e+03 -6.102151345447759390e-01 6.336707582750553125e-02
3.079159274914223715e+03 -6.083845967372700780e-01 6.317698577321693987e-02
3.082506187169565692e+03 -6.065595502210162637e-01 6.298746595563578521e-02
3.085853099424907214e+03 -6.047399785231053482e-01 6.279851466415213579e-02
3.089200011680248736e+03 -6.029258652200437663e-01 6.261013019328753870e-02
3.092546923935590257e+03 -6.011171939376064310e-01 6.242231084267976099e-02
3.095893836190931779e+03 -5.993139483506870757e-01 6.223505491706726733e-02
3.099240748446273301e+03 -5.975161121831524813e-01 6.204836072627407245e-02
3.102587660701614823e+03 -5.957236692076947060e-01 6.186222658519439921e-02
3.105934572956956345e+03 -5.939366032456847577e-01 6.167665081377745467e-02
3.109281485212297866e+03 -5.921548981670271550e-01 6.149163173701238660e-02
3.112628397467639388e+03 -5.903785378900135994e-01 6.130716768491302482e-02
3.115975309722980910e+03 -5.886075063811784247e-01 6.112325699250291400e-02
3.119322221978322432e+03 -5.868417876551523804e-01 6.093989799980010363e-02
3.122669134233663954e+03 -5.850813657745213003e-01 6.075708905180249308e-02
3.126016046489005475e+03 -5.833262248496791091e-01 6.057482849847255907e-02
3.129362958744347452e+03 -5.815763490386862689e-01 6.039311469472263827e-02
3.132709870999688974e+03 -5.798317225471263381e-01 6.021194600040005729e-02
3.136056783255030041e+03 -5.780923296279631973e-01 6.003132078027230423e-02
3.139403695510371563e+03 -5.763581545813990514e-01 5.985123740401226272e-02
3.142750607765713539e+03 -5.746291817547326541e-01 5.967169424618350843e-02
3.146097520021055061e+03 -5.729053955422188649e-01 5.949268968622572346e-02
3.149444432276396583e+03 -5.711867803849257630e-01 5.931422210843984022e-02
3.152791344531738105e+03 -5.694733207705965361e-01 5.913628990197372648e-02
3.156138256787079627e+03 -5.677650012335082597e-01 5.895889146080750265e-02
3.159485169042421148e+03 -5.660618063543316758e-01 5.878202518373897706e-02
3.162832081297762670e+03 -5.643637207599940808e-01 5.860568947436943510e-02
3.166178993553104192e+03 -5.626707291235381048e-01 5.842988274108893570e-02
3.169525905808445714e+03 -5.609828161639852651e-01 5.825460339706216295e-02
3.172872818063787690e+03 -5.592999666461972996e-01 5.807984986021404866e-02
3.176219730319128757e+03 -5.576221653807384993e-01 5.790562055321541585e-02
3.179566642574470279e+03 -5.559493972237388171e-01 5.773191390346883028e-02
3.182913554829811801e+03 -5.542816470767568671e-01 5.755872834309432723e-02
3.186260467085153323e+03 -5.526188998866446989e-01 5.738606230891539484e-02
3.189607379340495299e+03 -5.509611406454104632e-01 5.721391424244470086e-02
3.192954291595836821e+03 -5.493083543900840748e-01 5.704228258987014549e-02
3.196301203851177888e+03 -5.476605262025816545e-01 5.687116580204077537e-02
3.199648116106519410e+03 -5.460176412095705256e-01 5.670056233445279481e-02
3.202995028361861387e+03 -5.443796845823358765e-01 5.653047064723567411e-02
3.206341940617202908e+03 -5.427466415366465347e-01 5.636088920513824402e-02
3.209688852872544430e+03 -5.411184973326210734e-01 5.619181647751479713e-02
3.213035765127885952e+03 -5.394952372745953628e-01 5.602325093831130032e-02
3.216382677383227474e+03 -5.378768467109895646e-01 5.585519106605160017e-02
3.219729589638568996e+03 -5.362633110341756826e-01 5.568763534382369096e-02
3.223076501893910518e+03 -5.346546156803466676e-01 5.552058225926608664e-02
3.226423414149252039e+03 -5.330507461293841898e-01 5.535403030455410961e-02
3.229770326404593561e+03 -5.314516879047276321e-01 5.518797797638627656e-02
3.233117238659935538e+03 -5.298574265732429733e-01 5.502242377597069134e-02
3.236464150915276605e+03 -5.282679477450944461e-01 5.485736620901171534e-02
3.239811063170618127e+03 -5.266832370736115321e-01 5.469280378569616602e-02
3.243157975425959648e+03 -5.251032802551625078e-01 5.452873502068014688e-02
3.246504887681301625e+03 -5.235280630290235493e-01 5.436515843307550971e-02
3.249851799936643147e+03 -5.219575711772505011e-01 5.420207254643649025e-02
3.253198712191984214e+03 -5.203917905245507569e-01 5.403947588874644103e-02
3.256545624447326190e+03 -5.188307069381546954e-01 5.387736699240444627e-02
3.259892536702667257e+03 -5.172743063276894482e-01 5.371574439421224895e-02
3.263239448958009234e+03 -5.157225746450486703e-01 5.355460663536070615e-02
3.266586361213350756e+03 -5.141754978842710821e-01 5.339395226141716022e-02
3.269933273468691823e+03 -5.126330620814081307e-01 5.323377982231174838e-02
3.273280185724033799e+03 -5.110952533144014209e-01 5.307408787232461428e-02
3.276627097979375321e+03 -5.095620577029571496e-01 5.291487497007290458e-02
3.279974010234717298e+03 -5.080334614084185407e-01 5.275613967849752950e-02
3.283320922490058365e+03 -5.065094506336439428e-01 5.259788056485047159e-02
3.286667834745399432e+03 -5.049900116228793756e-01 5.244009620068156713e-02
3.290014747000741409e+03 -5.034751306616357391e-01 5.228278516182577329e-02
3.293361659256082930e+03 -5.019647940765665783e-01 5.212594602839042829e-02
3.296708571511424907e+03 -5.004589882353408514e-01 5.196957738474209526e-02
3.300055483766765974e+03 -4.989576995465242470e-01 5.181367781949419715e-02
3.303402396022107951e+03 -4.974609144594522303e-01 5.165824592549385363e-02
3.306749308277449472e+03 -4.959686194641123036e-01 5.150328029980962702e-02
3.310096220532790539e+03 -4.944808010910172746e-01 5.134877954371841469e-02
3.313443132788132516e+03 -4.929974459110873508e-01 5.119474226269315337e-02
3.316790045043473583e+03 -4.915185405355279036e-01 5.104116706639014178e-02
3.320136957298815560e+03 -4.900440716157070109e-01 5.088805256863634247e-02
3.323483869554157081e+03 -4.885740258430382177e-01 5.073539738741718319e-02
3.326830781809498149e+03 -4.871083899488565239e-01 5.058320014486369226e-02
3.330177694064840125e+03 -4.856471507043013669e-01 5.043145946724032769e-02
3.333524606320181192e+03 -4.841902949201972173e-01 5.028017398493262596e-02
3.336871518575523169e+03 -4.827378094469323977e-01 5.012934233243455245e-02
3.340218430830864691e+03 -4.812896811743431202e-01 4.997896314833651099e-02
3.343565343086206667e+03 -4.798458970315925276e-01 4.982903507531276366e-02
