0.000000000000000000e+00 -1.349630243253796964e-12 1.000000000000000000e+00
3.346912255341548015e+00 -4.999276228926811055e-06 3.704182129821094219e+06
6.693824510683096030e+00 -1.428737708018682717e-05 1.058614176112538204e+07
1.004073676602464360e+01 -2.394219621461503666e-05 1.773981898693472147e+07
1.338764902136619206e+01 -3.357612991028463583e-05 2.487802127887754515e+07
1.673456127670774052e+01 -4.315895693191488895e-05 3.197835640365009010e+07
2.008147353204928720e+01 -5.268756996274825478e-05 3.903852201453698426e+07
2.342838578739083388e+01 -6.216123056345484695e-05 4.605797096958316863e+07
2.677529804273238412e+01 -7.157956403655353378e-05 5.303642563905782998e+07
3.012221029807392725e+01 -8.094234845380729731e-05 5.997372158663619310e+07
3.346912255341548104e+01 -9.024946976736568252e-05 6.686977430928415805e+07
3.681603480875702417e+01 -9.950089803108545447e-05 7.372456161859613657e+07
4.016294706409857440e+01 -1.086966692531863074e-04 8.053811019463497400e+07
4.350985931944012464e+01 -1.178368707280575962e-04 8.731048471762681007e+07
4.685677157478166777e+01 -1.269216292428371434e-04 9.404177912970021367e+07
5.020368383012321800e+01 -1.359511017110214546e-04 1.007321096949188262e+08
5.355059608546476824e+01 -1.449254678135505783e-04 1.073816095467397273e+08
5.689750834080631847e+01 -1.538449242927403943e-04 1.139904244601385742e+08
6.024442059614785450e+01 -1.627096805346496598e-04 1.205587095783924460e+08
6.359133285148940473e+01 -1.715199551990925883e-04 1.270866269161088914e+08
6.693824510683096207e+01 -1.802759736553411168e-04 1.335743434592257887e+08
7.028515736217249810e+01 -1.889779660390785961e-04 1.400220297253233790e+08
7.363206961751404833e+01 -1.976261657839425447e-04 1.464298586755802929e+08
7.697898187285559857e+01 -2.062208085291947278e-04 1.527980049054184258e+08
8.032589412819714880e+01 -2.147621312949409445e-04 1.591266440333873630e+08
8.367280638353869904e+01 -2.232503718712353623e-04 1.654159522485250831e+08
8.701971863888024927e+01 -2.316857683638253937e-04 1.716661059737804532e+08
9.036663089422179951e+01 -2.400685588597260400e-04 1.778772816182226837e+08
9.371354314956333553e+01 -2.483989811765352994e-04 1.840496553912982047e+08
9.706045540490488577e+01 -2.566772726809827426e-04 1.901834031683852673e+08
1.004073676602464360e+02 -2.649036701598223649e-04 1.962787003951328993e+08
1.037542799155879862e+02 -2.730784097135637522e-04 2.023357220087217391e+08
1.071011921709295365e+02 -2.812017266938210782e-04 2.083546423914429843e+08
1.104481044262710725e+02 -2.892738556515180568e-04 2.143356353323214054e+08
1.137950166816126369e+02 -2.972950302951942424e-04 2.202788739962224960e+08
1.171419289369541730e+02 -3.052654834724419165e-04 2.261845309100982845e+08
1.204888411922957090e+02 -3.131854471432117841e-04 2.320527779432084858e+08
1.238357534476372734e+02 -3.210551523810833865e-04 2.378837863080615699e+08
1.271826657029788095e+02 -3.288748293494461023e-04 2.436777265427664518e+08
1.305295779583203455e+02 -3.366447073074114093e-04 2.494347685154130161e+08
1.338764902136619241e+02 -3.443650146090991007e-04 2.551550814235433042e+08
1.372234024690034460e+02 -3.520359786903583558e-04 2.608388337843124866e+08
1.405703147243449962e+02 -3.596578260833354062e-04 2.664861934452827871e+08
1.439172269796865749e+02 -3.672307824079337085e-04 2.720973275780959725e+08
1.472641392350280967e+02 -3.747550723763458554e-04 2.776724026818310022e+08
1.506110514903696469e+02 -3.822309197980478987e-04 2.832115845867049694e+08
1.539579637457111971e+02 -3.896585475789132854e-04 2.887150384534160495e+08
1.573048760010527474e+02 -3.970381777250110884e-04 2.941829287759583592e+08
1.606517882563942976e+02 -4.043700313448060700e-04 2.996154193832514882e+08
1.639987005117358478e+02 -4.116543286532622242e-04 3.050126734421814084e+08
1.673456127670773981e+02 -4.188912889778177609e-04 3.103748534620274901e+08
1.706925250224189483e+02 -4.260811307528787682e-04 3.157021212903825641e+08
1.740394372777604985e+02 -4.332240715339040829e-04 3.209946381235890985e+08
1.773863495331020204e+02 -4.403203279919835206e-04 3.262525645027217865e+08
1.807332617884435990e+02 -4.473701159226537946e-04 3.314760603201199770e+08
1.840801740437851208e+02 -4.543736502449620906e-04 3.366652848186934590e+08
1.874270862991266711e+02 -4.613311450094253574e-04 3.418203965978201628e+08
1.907739985544682213e+02 -4.682428133962289051e-04 3.469415536120111942e+08
1.941209108098097715e+02 -4.751088677214256560e-04 3.520289131755043268e+08
1.974678230651513218e+02 -4.819295194418083870e-04 3.570826319658738375e+08
2.008147353204928720e+02 -4.887049791544556109e-04 3.621028660236943364e+08
2.041616475758344222e+02 -4.954354565993897156e-04 3.670897707545098662e+08
2.075085598311759725e+02 -5.021211606702307133e-04 3.720435009367281795e+08
2.108554720865174943e+02 -5.087622994075302954e-04 3.769642107166814208e+08
2.142023843418590729e+02 -5.153590800076517184e-04 3.818520536152055264e+08
2.175492965972006232e+02 -5.219117088263206753e-04 3.867071825302714109e+08
2.208962088525421450e+02 -5.284203913808438978e-04 3.915297497386288643e+08
2.242431211078836952e+02 -5.348853323496644170e-04 3.963199068954766989e+08
2.275900333632252739e+02 -5.413067355821306586e-04 4.010778050417015553e+08
2.309369456185667957e+02 -5.476848040962755629e-04 4.058035946022319794e+08
2.342838578739083459e+02 -5.540197400845888777e-04 4.104974253903154731e+08
2.376307701292498962e+02 -5.603117449171263241e-04 4.151594466098223925e+08
2.409776823845914180e+02 -5.665610191423961495e-04 4.197898068559024930e+08
2.443245946399329966e+02 -5.727677624931333707e-04 4.243886541192637086e+08
2.476715068952745469e+02 -5.789321738876313916e-04 4.289561357871584296e+08
2.510184191506160687e+02 -5.850544514355145121e-04 4.334923986476609111e+08
2.543653314059576189e+02 -5.911347924364065282e-04 4.379975888886805773e+08
2.577122436612991692e+02 -5.971733933874790552e-04 4.424718521035550237e+08
2.610591559166406910e+02 -6.031704499812318414e-04 4.469153332894053459e+08
2.644060681719822696e+02 -6.091261571148182076e-04 4.513281768540455699e+08
2.677529804273238483e+02 -6.150407088900446129e-04 4.557105266159826517e+08
2.710998926826653701e+02 -6.209142986133708722e-04 4.600625258044164777e+08
2.744468049380068919e+02 -6.267471188052364632e-04 4.643843170661500692e+08
2.777937171933484706e+02 -6.325393611965064028e-04 4.686760424629561901e+08
2.811406294486899924e+02 -6.382912167382425112e-04 4.729378434788174033e+08
2.844875417040315710e+02 -6.440028755977057415e-04 4.771698610169640779e+08
2.878344539593731497e+02 -6.496745271672377470e-04 4.813722354064549208e+08
2.911813662147146147e+02 -6.553063600629294811e-04 4.855451064011905193e+08
2.945282784700561933e+02 -6.608985621308370367e-04 4.896886131845191121e+08
2.978751907253977720e+02 -6.664513204456503541e-04 4.938028943682500720e+08
3.012221029807392938e+02 -6.719648213195744636e-04 4.978880879992343187e+08
3.045690152360808725e+02 -6.774392503014410897e-04 5.019443315587061644e+08
3.079159274914223943e+02 -6.828747921775973721e-04 5.059717619629417658e+08
3.112628397467639161e+02 -6.882716309798986038e-04 5.099705155691814423e+08
3.146097520021054947e+02 -6.936299499848204864e-04 5.139407281749716401e+08
3.179566642574470734e+02 -6.989499317192320732e-04 5.178825350224424601e+08
3.213035765127885952e+02 -7.042317579603955520e-04 5.217960707983077765e+08
3.246504887681301170e+02 -7.094756097386309976e-04 5.256814696358391047e+08
3.279974010234716957e+02 -7.146816673439772760e-04 5.295388651198015213e+08
3.313443132788132743e+02 -7.198501103253040828e-04 5.333683902857953310e+08
3.346912255341547962e+02 -7.249811174947526186e-04 5.371701776235467196e+08
3.380381377894963180e+02 -7.300748669295119460e-04 5.409443590782233477e+08
3.413850500448378966e+02 -7.351315359762595559e-04 5.446910660537254810e+08
3.447319623001794184e+02 -7.401513012529380500e-04 5.484104294140014648e+08
3.480788745555209971e+02 -7.451343386505310641e-04 5.521025794843640327e+08
3.514257868108625189e+02 -7.500808233383924467e-04 5.557676460554391146e+08
3.547726990662040407e+02 -7.549909297642461506e-04 5.594057583831652403e+08
3.581196113215456194e+02 -7.598648316577388383e-04 5.630170451914263964e+08
3.614665235768871980e+02 -7.647027020353247551e-04 5.666016346756709814e+08
3.648134358322287198e+02 -7.695047132002658368e-04 5.701596545029119253e+08
3.681603480875702417e+02 -7.742710367466281883e-04 5.736912318146883249e+08
3.715072603429118203e+02 -7.790018435610585480e-04 5.771964932283810377e+08
3.748541725982533421e+02 -7.836973038258928043e-04 5.806755648395166397e+08
3.782010848535949208e+02 -7.883575870244847409e-04 5.841285722257149220e+08
3.815479971089364426e+02 -7.929828619385419350e-04 5.875556404447156191e+08
3.848949093642779644e+02 -7.975732966561189293e-04 5.909568940403003693e+08
3.882418216196195431e+02 -8.021290585693965696e-04 5.943324570406479836e+08
3.915887338749611217e+02 -8.066503143813436678e-04 5.976824529632695913e+08
3.949356461303026435e+02 -8.111372301074932503e-04 6.010070048163254261e+08
3.982825583856441654e+02 -8.155899710763861053e-04 6.043062350989530087e+08
4.016294706409857440e+02 -8.200087019349002870e-04 6.075802658052159548e+08
4.049763828963272658e+02 -8.243935866486949877e-04 6.108292184244335890e+08
4.083232951516688445e+02 -8.287447885062071244e-04 6.140532139441411495e+08
4.116702074070103663e+02 -8.330624701208717842e-04 6.172523728517359495e+08
4.150171196623519450e+02 -8.373467934333428874e-04 6.204268151361219883e+08
4.183640319176934668e+02 -8.415979197159336464e-04 6.235766602910007238e+08
4.217109441730349886e+02 -8.458160095717281697e-04 6.267020273142124414e+08
4.250578564283766241e+02 -8.500012229385789158e-04 6.298030347106980085e+08
4.284047686837181459e+02 -8.541537190939908070e-04 6.328798004961184263e+08
4.317516809390596109e+02 -8.582736566546775737e-04 6.359324421965252161e+08
4.350985931944012464e+02 -8.623611935810023216e-04 6.389610768516514301e+08
4.384455054497427682e+02 -8.664164871774217291e-04 6.419658210152399540e+08
4.417924177050842900e+02 -8.704396940969268311e-04 6.449467907583346367e+08
4.451393299604258686e+02 -8.744309703432632478e-04 6.479041016709249020e+08
4.484862422157673905e+02 -8.783904712718195807e-04 6.508378688626043797e+08
4.518331544711089123e+02 -8.823183515940677618e-04 6.537482069658603668e+08
4.551800667264505478e+02 -8.862147653793400618e-04 6.566352301373910904e+08
4.585269789817920696e+02 -8.900798660574927570e-04 6.594990520600788593e+08
4.618738912371335914e+02 -8.939138064197948508e-04 6.623397859436490536e+08
4.652208034924751701e+02 -8.977167386233687483e-04 6.651575445279598236e+08
4.685677157478166919e+02 -9.014888141934104858e-04 6.679524400846477747e+08
4.719146280031582137e+02 -9.052301840240776923e-04 6.707245844177855253e+08
4.752615402584997923e+02 -9.089409983833752213e-04 6.734740888675013781e+08
4.786084525138413142e+02 -9.126214069127101943e-04 6.762010643096506596e+08
4.819553647691828360e+02 -9.162715586308892374e-04 6.789056211587761641e+08
4.853022770245244715e+02 -9.198916019367825827e-04 6.815878693700832129e+08
4.886491892798659933e+02 -9.234816846115447312e-04 6.842479184410842657e+08
4.919961015352075151e+02 -9.270419538190586509e-04 6.868858774119284153e+08
4.953430137905490938e+02 -9.305725561125965722e-04 6.895018548703365326e+08
4.986899260458906156e+02 -9.340736374321554529e-04 6.920959589496273994e+08
5.020368383012321374e+02 -9.375453431102307887e-04 6.946682973329948187e+08
5.053837505565737729e+02 -9.409878178718154200e-04 6.972189772535079718e+08
5.087306628119152379e+02 -9.444012058406176489e-04 6.997481054987174273e+08
5.120775750672568165e+02 -9.477856505355080913e-04 7.022557884080237150e+08
5.154244873225983383e+02 -9.511412948776251045e-04 7.047421318779411316e+08
5.187713995779398601e+02 -9.544682811939271755e-04 7.072072413647300005e+08
5.221183118332813820e+02 -9.577667512100880359e-04 7.096512218791326284e+08
5.254652240886230175e+02 -9.610368460655950443e-04 7.120741779975605011e+08
5.288121363439645393e+02 -9.642787063075321545e-04 7.144762138574870825e+08
5.321590485993060611e+02 -9.674924718928002527e-04 7.168574331590937376e+08
5.355059608546476966e+02 -9.706782821969989422e-04 7.192179391718503237e+08
5.388528731099892184e+02 -9.738362760095414534e-04 7.215578347308954000e+08
5.421997853653307402e+02 -9.769665915403157649e-04 7.238772222419722080e+08
5.455466976206722620e+02 -9.800693664187968591e-04 7.261762036807702780e+08
5.488936098760137838e+02 -9.831447376984869639e-04 7.284548805962162018e+08
5.522405221313553056e+02 -9.861928418591358898e-04 7.307133541121181250e+08
5.555874343866969411e+02 -9.892138148076302928e-04 7.329517249278248549e+08
5.589343466420384630e+02 -9.922077918815448705e-04 7.351700933208570480e+08
5.622812588973799848e+02 -9.951749078486987060e-04 7.373685591465786695e+08
5.656281711527216203e+02 -9.981152969138174739e-04 7.395472218431330919e+08
5.689750834080631421e+02 -1.001029092716755565e-03 7.417061804301259518e+08
5.723219956634046639e+02 -1.003916428337381936e-03 7.438455335122452974e+08
5.756689079187462994e+02 -1.006777436294247407e-03 7.459653792782737017e+08
5.790158201740877075e+02 -1.009612248551246217e-03 7.480658155060247183e+08
5.823627324294292293e+02 -1.012420996516283540e-03 7.501469395613554716e+08
5.857096446847708648e+02 -1.015203811044828198e-03 7.522088484007985592e+08
5.890565569401123867e+02 -1.017960822443021284e-03 7.542516385738656521e+08
5.924034691954539085e+02 -1.020692160465899159e-03 7.562754062217311859e+08
5.957503814507955440e+02 -1.023397954324944265e-03 7.582802470828263760e+08
5.990972937061370658e+02 -1.026078332685863162e-03 7.602662564911935329e+08
6.024442059614785876e+02 -1.028733423673472381e-03 7.622335293801058531e+08
6.057911182168202231e+02 -1.031363354871697984e-03 7.641821602820668221e+08
6.091380304721617449e+02 -1.033968253326684192e-03 7.661122433311145306e+08
6.124849427275031530e+02 -1.036548245549902009e-03 7.680238722651237249e+08
6.158318549828447885e+02 -1.039103457517260827e-03 7.699171404251483679e+08
6.191787672381863104e+02 -1.041634014674437930e-03 7.717921407593705654e+08
6.225256794935278322e+02 -1.044140041937766236e-03 7.736489658237574100e+08
6.258725917488694677e+02 -1.046621663694234086e-03 7.754877077820622921e+08
6.292195040042109895e+02 -1.049079003806370437e-03 7.773084584094430208e+08
6.325664162595525113e+02 -1.051512185614465310e-03 7.791113090941081047e+08
6.359133285148941468e+02 -1.053921331935237307e-03 7.808963508363292217e+08
6.392602407702356686e+02 -1.056306565067162678e-03 7.826636742523893118e+08
6.426071530255771904e+02 -1.058668006790475105e-03 7.844133695745830536e+08
6.459540652809187122e+02 -1.061005778371163161e-03 7.861455266541783810e+08
6.493009775362602340e+02 -1.063320000561857612e-03 7.878602349620740414e+08
6.526478897916018695e+02 -1.065610793601831207e-03 7.895575835887992382e+08
6.559948020469433914e+02 -1.067878277222329047e-03 7.912376612484633923e+08
6.593417143022849132e+02 -1.070122570648343423e-03 7.929005562800712585e+08
6.626886265576265487e+02 -1.072343792596394023e-03 7.945463566458777189e+08
6.660355388129680705e+02 -1.074542061280745180e-03 7.961751499359949827e+08
6.693824510683095923e+02 -1.076717494416069973e-03 7.977870233703662157e+08
6.727293633236511141e+02 -1.078870209214341817e-03 7.993820637964624166e+08
6.760762755789926359e+02 -1.081000322391939897e-03 8.009603576945471764e+08
6.794231878343341577e+02 -1.083107950167428715e-03 8.025219911760313511e+08
6.827701000896757932e+02 -1.085193208268663088e-03 8.040670499887378216e+08
6.861170123450173151e+02 -1.087256211927903598e-03 8.055956195132817030e+08
6.894639246003588369e+02 -1.089297075891141817e-03 8.071077847699804306e+08
6.928108368557004724e+02 -1.091315914410995744e-03 8.086036304135892391e+08
6.961577491110419942e+02 -1.093312841259587312e-03 8.100832407428429127e+08
6.995046613663835160e+02 -1.095287969722770092e-03 8.115466996961789131e+08
7.028515736217250378e+02 -1.097241412601016606e-03 8.129940908523944616e+08
7.061984858770665596e+02 -1.099173282216968925e-03 8.144254974362412691e+08
7.095453981324080814e+02 -1.101083690416769208e-03 8.158410023194117546e+08
7.128923103877497169e+02 -1.102972748564288053e-03 8.172406880162619352e+08
7.162392226430912388e+02 -1.104840567552226299e-03 8.186246366920379400e+08
7.195861348984327606e+02 -1.106687257798561440e-03 8.199929301602421999e+08
7.229330471537743961e+02 -1.108512929250989607e-03 8.213456498859255314e+08
7.262799594091159179e+02 -1.110317691387369002e-03 8.226828769860150814e+08
7.296268716644574397e+02 -1.112101653217051952e-03 8.240046922303014994e+08
7.329737839197989615e+02 -1.113864923284882142e-03 8.253111760444009304e+08
7.363206961751404833e+02 -1.115607609672083014e-03 8.266024085104129314e+08
7.396676084304820051e+02 -1.117329819993591713e-03 8.278784693649449348e+08
7.430145206858236406e+02 -1.119031661409607354e-03 8.291394380076694489e+08
7.463614329411651624e+02 -1.120713240618927955e-03 8.303853934963864088e+08
7.497083451965066843e+02 -1.122374663861616054e-03 8.316164145489990711e+08
7.530552574518483198e+02 -1.124016036927435970e-03 8.328325795497645140e+08
7.564021697071898416e+02 -1.125637465149192246e-03 8.340339665443588495e+08
7.597490819625313634e+02 -1.127239053408058723e-03 8.352206532438249588e+08
7.630959942178728852e+02 -1.128820906138907829e-03 8.363927170285216570e+08
7.664429064732144070e+02 -1.130383127323205143e-03 8.375502349428586960e+08
7.697898187285559288e+02 -1.131925820502331431e-03 8.386932837051678896e+08
7.731367309838975643e+02 -1.133449088768701506e-03 8.398219397011224031e+08
7.764836432392390861e+02 -1.134953034772869440e-03 8.409362789890018702e+08
7.798305554945806080e+02 -1.136437760726636756e-03 8.420363773019944429e+08
7.831774677499222435e+02 -1.137903368398168096e-03 8.431223100445787907e+08
7.865243800052637653e+02 -1.139349959122648494e-03 8.441941523004198074e+08
7.898712922606052871e+02 -1.140777633796066781e-03 8.452519788277628422e+08
7.932182045159469226e+02 -1.142186492882764880e-03 8.462958640650271177e+08
7.965651167712883307e+02 -1.143576636411884877e-03 8.473258821281734705e+08
7.999120290266298525e+02 -1.144948163984030364e-03 8.483421068156396151e+08
8.032589412819714880e+02 -1.146301174769046201e-03 8.493446116066955328e+08
8.066058535373130098e+02 -1.147635767510902854e-03 8.503334696650620699e+08
8.099527657926545317e+02 -1.148952040526364992e-03 8.513087538379245996e+08
8.132996780479960535e+02 -1.150250091709431729e-03 8.522705366592233181e+08
8.166465903033376890e+02 -1.151530018530448445e-03 8.532188903489947319e+08
8.199935025586793245e+02 -1.152791918039659498e-03 8.541538868160039186e+08
8.233404148140207326e+02 -1.154035886867652320e-03 8.550755976580740213e+08
8.266873270693623681e+02 -1.155262021228910339e-03 8.559840941647187471e+08
8.300342393247038899e+02 -1.156470416919148014e-03 8.568794473151670694e+08
8.333811515800452980e+02 -1.157661169324192838e-03 8.577617277849452496e+08
8.367280638353869335e+02 -1.158834373412879473e-03 8.586310059406112432e+08
8.400749760907285690e+02 -1.159990123744599920e-03 8.594873518453488350e+08
8.434218883460699772e+02 -1.161128514471523095e-03 8.603308352606127262e+08
8.467688006014116127e+02 -1.162249639335042987e-03 8.611615256434963942e+08
8.501157128567532482e+02 -1.163353591672439341e-03 8.619794921516674757e+08
8.534626251120946563e+02 -1.164440464413768819e-03 8.627848036410641670e+08
8.568095373674362918e+02 -1.165510350089859473e-03 8.635775286718187332e+08
8.601564496227778136e+02 -1.166563340826980806e-03 8.643577355043083429e+08
8.635033618781192217e+02 -1.167599528352616933e-03 8.651254921034328938e+08
8.668502741334608572e+02 -1.168619003996799284e-03 8.658808661396018267e+08
8.701971863888024927e+02 -1.169621858691662292e-03 8.666239249884057045e+08
8.735440986441439009e+02 -1.170608182974995897e-03 8.673547357332477570e+08
8.768910108994855364e+02 -1.171578066989801452e-03 8.680733651650151014e+08
8.802379231548271719e+02 -1.172531600488288745e-03 8.687798797850404978e+08
8.835848354101685800e+02 -1.173468872831875780e-03 8.694743458051019907e+08
8.869317476655102155e+02 -1.174389972992965136e-03 8.701568291487388611e+08
8.902786599208517373e+02 -1.175294989555831929e-03 8.708273954519101381e+08
8.936255721761932591e+02 -1.176184010720176957e-03 8.714861100656266212e+08
8.969724844315347809e+02 -1.177057124300237654e-03 8.721330380552927256e+08
9.003193966868764164e+02 -1.177914417727453714e-03 8.727682442026810646e+08
9.036663089422178246e+02 -1.178755978051798485e-03 8.733917930069193840e+08
9.070132211975594601e+02 -1.179581891944887816e-03 8.740037486867936850e+08
9.103601334529010956e+02 -1.180392245697315518e-03 8.746041751787742376e+08
9.137070457082425037e+02 -1.181187125225314485e-03 8.751931361419508457e+08
9.170539579635841392e+02 -1.181966616067648291e-03 8.757706949557297230e+08
9.204008702189256610e+02 -1.182730803390496166e-03 8.763369147234532833e+08
9.237477824742671828e+02 -1.183479771987008692e-03 8.768918582720706463e+08
9.270946947296087046e+02 -1.184213606279528250e-03 8.774355881537827253e+08
9.304416069849503401e+02 -1.184932390320920853e-03 8.779681666470297575e+08
9.337885192402917482e+02 -1.185636207795909714e-03 8.784896557574782372e+08
9.371354314956333837e+02 -1.186325142022405781e-03 8.790001172190079689e+08
9.404823437509750192e+02 -1.186999275954173138e-03 8.794996124956861734e+08
9.438292560063164274e+02 -1.187658692178608774e-03 8.799882027801228762e+08
9.471761682616580629e+02 -1.188303472924291670e-03 8.804659489990638494e+08
9.505230805169995847e+02 -1.188933700056097383e-03 8.809329118097712994e+08
9.538699927723411065e+02 -1.189549455080972070e-03 8.813891516043021679e+08
9.572169050276826283e+02 -1.190150819148375928e-03 8.818347285098359585e+08
9.605638172830242638e+02 -1.190737873048951147e-03 8.822697023876885176e+08
9.639107295383656719e+02 -1.191310697220294848e-03 8.826941328375891447e+08
9.672576417937073074e+02 -1.191869371744738639e-03 8.831080791960353851e+08
9.706045540490489429e+02 -1.192413976353346068e-03 8.835116005392549038e+08
9.739514663043903511e+02 -1.192944590425688844e-03 8.839047556830396652e+08
9.772983785597319866e+02 -1.193461292991403536e-03 8.842876031838996410e+08
9.806452908150735084e+02 -1.193964162732853501e-03 8.846602013410345316e+08
9.839922030704150302e+02 -1.194453277984021053e-03 8.850226081955137253e+08
9.873391153257565520e+02 -1.194928716735168227e-03 8.853748815337289572e+08
9.906860275810981875e+02 -1.195390556630173762e-03 8.857170788854213953e+08
9.940329398364395956e+02 -1.195838874973415835e-03 8.860492575287816525e+08
9.973798520917812311e+02 -1.196273748725108907e-03 8.863714744869943857e+08
1.000726764347122867e+03 -1.196695254505967306e-03 8.866837865316935778e+08
1.004073676602464275e+03 -1.197103468599424597e-03 8.869862501846071482e+08
1.007420588857805910e+03 -1.197498466950302608e-03 8.872789217165712118e+08
1.010767501113147546e+03 -1.197880325166364663e-03 8.875618571486799717e+08
1.014114413368488954e+03 -1.198249118523644864e-03 8.878351122562352419e+08
1.017461325623830476e+03 -1.198604921962673556e-03 8.880987425659494400e+08
1.020808237879172111e+03 -1.198947810092251863e-03 8.883528033587423563e+08
1.024155150134513633e+03 -1.199277857190784178e-03 8.885973496707282066e+08
1.027502062389855155e+03 -1.199595137207165683e-03 8.888324362938736677e+08
1.030848974645196677e+03 -1.199899723762115709e-03 8.890581177769854069e+08
1.034195886900538198e+03 -1.200191690149952353e-03 8.892744484270253181e+08
1.037542799155879720e+03 -1.200471109339038738e-03 8.894814823094409704e+08
1.040889711411221469e+03 -1.200738053973557417e-03 8.896792732494803667e+08
1.044236623666562764e+03 -1.200992596375287597e-03 8.898678748335086107e+08
1.047583535921904513e+03 -1.201234808543382880e-03 8.900473404088437557e+08
1.050930448177246035e+03 -1.201464762158146234e-03 8.902177230865533352e+08
1.054277360432587557e+03 -1.201682528579475469e-03 8.903790757403025627e+08
1.057624272687929079e+03 -1.201888178849749595e-03 8.905314510084933043e+08
1.060971184943270600e+03 -1.202081783695827443e-03 8.906749012957446575e+08
1.064318097198612122e+03 -1.202263413527493137e-03 8.908094787717411518e+08
1.067665009453953644e+03 -1.202433138442341723e-03 8.909352353748530149e+08
1.071011921709295393e+03 -1.202591028223557639e-03 8.910522228104896545e+08
1.074358833964636688e+03 -1.202737152344578089e-03 8.911604925545554161e+08
1.077705746219978437e+03 -1.202871579966650764e-03 8.912600958516396284e+08
1.081052658475319959e+03 -1.202994379943496785e-03 8.913510837184718847e+08
1.084399570730661480e+03 -1.203105620820422083e-03 8.914335069432635307e+08
1.087746482986003002e+03 -1.203205370834983324e-03 8.915074160862009525e+08
1.091093395241344524e+03 -1.203293697922540317e-03 8.915728614835596085e+08
1.094440307496686046e+03 -1.203370669710924785e-03 8.916298932437540293e+08
1.097787219752027568e+03 -1.203436353526437944e-03 8.916785612517818213e+08
1.101134132007369317e+03 -1.203490816393626515e-03 8.917189151690571308e+08
1.104481044262710611e+03 -1.203534125036837682e-03 8.917510044345635176e+08
1.107827956518052360e+03 -1.203566345880885662e-03 8.917748782653471231e+08
1.111174868773393882e+03 -1.203587545051716971e-03 8.917905856570103168e+08
1.114521781028735404e+03 -1.203597788379297869e-03 8.917981753858506680e+08
1.117868693284076926e+03 -1.203597141397613713e-03 8.917976960088602304e+08
1.121215605539418675e+03 -1.203585669346223051e-03 8.917891958648778200e+08
1.124562517794759970e+03 -1.203563437170036441e-03 8.917727230744245052e+08
1.127909430050101491e+03 -1.203530509523090351e-03 8.917483255425000191e+08
1.131256342305443241e+03 -1.203486950768769626e-03 8.917160509587475061e+08
1.134603254560784535e+03 -1.203432824978696841e-03 8.916759467966309786e+08
1.137950166816126284e+03 -1.203368195938061798e-03 8.916280603173837662e+08
1.141297079071467806e+03 -1.203293127142513125e-03 8.915724385677053928e+08
1.144643991326809328e+03 -1.203207681802597644e-03 8.915091283830510378e+08
1.147990903582150850e+03 -1.203111922842208231e-03 8.914381763864815235e+08
1.151337815837492599e+03 -1.203005912903467060e-03 8.913596289922814369e+08
1.154684728092833893e+03 -1.202889714342063104e-03 8.912735324025045633e+08
1.158031640348175415e+03 -1.202763389235912304e-03 8.911799326133903265e+08
1.161378552603517164e+03 -1.202626999378718061e-03 8.910788754105926752e+08
1.164725464858858459e+03 -1.202480606285965571e-03 8.909704063736218214e+08
1.168072377114200208e+03 -1.202324271195145391e-03 8.908545708760093451e+08
1.171419289369541730e+03 -1.202158055065529873e-03 8.907314140851428509e+08
1.174766201624883251e+03 -1.201982018580616957e-03 8.906009809640766382e+08
1.178113113880224773e+03 -1.201796222148572959e-03 8.904633162718598843e+08
1.181460026135566522e+03 -1.201600725903787751e-03 8.903184645646886826e+08
1.184806938390907817e+03 -1.201395589707096589e-03 8.901664701960706711e+08
1.188153850646249566e+03 -1.201180873148222387e-03 8.900073773186343908e+08
1.191500762901591088e+03 -1.200956635545553887e-03 8.898412298839652538e+08
1.194847675156932382e+03 -1.200722935948587717e-03 8.896680716444145441e+08
1.198194587412274132e+03 -1.200479833137485172e-03 8.894879461527714729e+08
1.201541499667615653e+03 -1.200227385625291356e-03 8.893008967639068365e+08
1.204888411922957175e+03 -1.199965651658158310e-03 8.891069666349390745e+08
1.208235324178298697e+03 -1.199694689218008901e-03 8.889061987272074223e+08
1.211582236433640446e+03 -1.199414556020538848e-03 8.886986358047919273e+08
1.214929148688981741e+03 -1.199125309520767410e-03 8.884843204386260509e+08
1.218276060944323490e+03 -1.198827006909485102e-03 8.882632950038646460e+08
1.221622973199665012e+03 -1.198519705117249414e-03 8.880356016828445196e+08
1.224969885455006306e+03 -1.198203460814164503e-03 8.878012824649212360e+08
1.228316797710348055e+03 -1.197878330411878073e-03 8.875603791479485035e+08
1.231663709965689577e+03 -1.197544370064025686e-03 8.873129333386080265e+08
1.235010622221031099e+03 -1.197201635666009798e-03 8.870589864522448778e+08
1.238357534476372621e+03 -1.196850182859217305e-03 8.867985797159930468e+08
1.241704446731714370e+03 -1.196490067030353413e-03 8.865317541682817936e+08
1.245051358987055664e+03 -1.196121343309888624e-03 8.862585506576848030e+08
1.248398271242397414e+03 -1.195744066577830375e-03 8.859790098471968174e+08
1.251745183497738935e+03 -1.195358291460837117e-03 8.856931722120951414e+08
1.255092095753080457e+03 -1.194964072335993280e-03 8.854010780427370071e+08
1.258439008008421979e+03 -1.194561463329920888e-03 8.851027674439009428e+08
1.261785920263763501e+03 -1.194150518321443217e-03 8.847982803367604017e+08
1.265132832519105023e+03 -1.193731290940254052e-03 8.844876564578982592e+08
1.268479744774446544e+03 -1.193303834570025443e-03 8.841709353616089821e+08
1.271826657029788294e+03 -1.192868202349295229e-03 8.838481564205561876e+08
1.275173569285129588e+03 -1.192424447170580600e-03 8.835193588251163960e+08
1.278520481540471337e+03 -1.191972621683040461e-03 8.831845815853512287e+08
1.281867393795812859e+03 -1.191512778294253738e-03 8.828438635323250294e+08
1.285214306051154381e+03 -1.191044969168663769e-03 8.824972433169524670e+08
1.288561218306495903e+03 -1.190569246230465533e-03 8.821447594121376276e+08
1.291908130561837424e+03 -1.190085661164492960e-03 8.817864501134316921e+08
1.295255042817179174e+03 -1.189594265415109793e-03 8.814223535382108688e+08
1.298601955072520468e+03 -1.189095110190205957e-03 8.810525076286375523e+08
1.301948867327862217e+03 -1.188588246460308947e-03 8.806769501510020494e+08
1.305295779583203739e+03 -1.188073724960360617e-03 8.802957186970388889e+08
1.308642691838545261e+03 -1.187551596189938795e-03 8.799088506840910912e+08
1.311989604093886783e+03 -1.187021910414812458e-03 8.795163833562625647e+08
1.315336516349228305e+03 -1.186484717667384524e-03 8.791183537847461700e+08
1.318683428604569826e+03 -1.185940067747359283e-03 8.787147988683179617e+08
1.322030340859911348e+03 -1.185388010224405634e-03 8.783057553353109360e+08
1.325377253115253097e+03 -1.184828594437713862e-03 8.778912597432863712e+08
1.328724165370594392e+03 -1.184261869496217902e-03 8.774713484791984558e+08
1.332071077625936141e+03 -1.183687884281036740e-03 8.770460577612035275e+08
1.335417989881277663e+03 -1.183106687445919158e-03 8.766154236389890909e+08
1.338764902136619185e+03 -1.182518327418132127e-03 8.761794819944328070e+08
1.342111814391960706e+03 -1.181922852398904246e-03 8.757382685419301987e+08
1.345458726647302228e+03 -1.181320310364980487e-03 8.752918188295474052e+08
1.348805638902643750e+03 -1.180710749069066069e-03 8.748401682393496037e+08
1.352152551157985272e+03 -1.180094216042047121e-03 8.743833519890464544e+08
1.355499463413327021e+03 -1.179470758591213888e-03 8.739214051306756735e+08
1.358846375668668315e+03 -1.178840423802925705e-03 8.734543625525777340e+08
1.362193287924010065e+03 -1.178203258545941663e-03 8.729822589818634987e+08
1.365540200179351586e+03 -1.177559309465646582e-03 8.725051289801361561e+08
1.368887112434693108e+03 -1.176908622992490008e-03 8.720230069497436285e+08
1.372234024690034630e+03 -1.176251245337988109e-03 8.715359271308170557e+08
1.375580936945376152e+03 -1.175587222496279286e-03 8.710439236024225950e+08
1.378927849200717674e+03 -1.174916600247675373e-03 8.705470302851928473e+08
1.382274761456059196e+03 -1.174239424156220445e-03 8.700452809395184517e+08
1.385621673711400945e+03 -1.173555739572132439e-03 8.695387091673568487e+08
1.388968585966742239e+03 -1.172865591633580383e-03 8.690273484135490656e+08
1.392315498222083988e+03 -1.172169025265128780e-03 8.685112319646673203e+08
1.395662410477425510e+03 -1.171466085181069360e-03 8.679903929514833689e+08
1.399009322732767032e+03 -1.170756815884310643e-03 8.674648643481463194e+08
1.402356234988108554e+03 -1.170041261668597950e-03 8.669346789738265276e+08
1.405703147243450076e+03 -1.169319466618513404e-03 8.663998694927169085e+08
1.409050059498791597e+03 -1.168591474612141112e-03 8.658604684160062075e+08
1.412396971754133119e+03 -1.167857329318180157e-03 8.653165080997414589e+08
1.415743884009474868e+03 -1.167117074201050970e-03 8.647680207486099005e+08
1.419090796264816163e+03 -1.166370752519120275e-03 8.642150384146252871e+08
1.422437708520157912e+03 -1.165618407326032488e-03 8.636575929981133938e+08
1.425784620775499434e+03 -1.164860081471819509e-03 8.630957162485343218e+08
1.429131533030840956e+03 -1.164095817603124283e-03 8.625294397646489143e+08
1.432478445286182478e+03 -1.163325658165863599e-03 8.619587949964908361e+08
1.435825357541523999e+03 -1.162549645404118738e-03 8.613838132445452213e+08
1.439172269796865521e+03 -1.161767821361689781e-03 8.608045256608999968e+08
1.442519182052207043e+03 -1.160980227881651741e-03 8.602209632489172220e+08
1.445866094307548792e+03 -1.160186906610128016e-03 8.596331568660289049e+08
1.449213006562890087e+03 -1.159387898994293726e-03 8.590411372222574949e+08
1.452559918818231836e+03 -1.158583246283706892e-03 8.584449348812022209e+08
1.455906831073573358e+03 -1.157772989533861156e-03 8.578445802626718283e+08
1.459253743328914879e+03 -1.156957169601745099e-03 8.572401036393936872e+08
1.462600655584256401e+03 -1.156135827151837667e-03 8.566315351414566040e+08
1.465947567839597923e+03 -1.155309002654331596e-03 8.560189047549941540e+08
1.469294480094939445e+03 -1.154476736385355237e-03 8.554022423223489523e+08
1.472641392350280967e+03 -1.153639068429859358e-03 8.547815775442121029e+08
1.475988304605622716e+03 -1.152796038680506483e-03 8.541569399787998199e+08
1.479335216860964010e+03 -1.151947686839892206e-03 8.535283590434993505e+08
1.482682129116305759e+03 -1.151094052420100454e-03 8.528958640145395994e+08
1.486029041371647281e+03 -1.150235174744701667e-03 8.522594840284715891e+08
1.489375953626988803e+03 -1.149371092948309582e-03 8.516192480818401575e+08
1.492722865882330325e+03 -1.148501845977911977e-03 8.509751850321695805e+08
1.496069778137671847e+03 -1.147627472593760805e-03 8.503273235986238718e+08
1.499416690393013369e+03 -1.146748011370924986e-03 8.496756923631563187e+08
1.502763602648354890e+03 -1.145863500697958358e-03 8.490203197695233822e+08
1.506110514903696640e+03 -1.144973978779786905e-03 8.483612341254236698e+08
1.509457427159037934e+03 -1.144079483636154014e-03 8.476984636013456583e+08
1.512804339414379683e+03 -1.143180053106060932e-03 8.470320362338581085e+08
1.516151251669721205e+03 -1.142275724844214703e-03 8.463619799229785204e+08
1.519498163925062727e+03 -1.141366536324802923e-03 8.456883224349691868e+08
1.522845076180404249e+03 -1.140452524841715359e-03 8.450110914025020599e+08
1.526191988435745770e+03 -1.139533727507877590e-03 8.443303143241649866e+08
1.529538900691087292e+03 -1.138610181256361886e-03 8.436460185652842522e+08
1.532885812946428814e+03 -1.137681922844161961e-03 8.429582313607221842e+08
1.536232725201770563e+03 -1.136748988848861660e-03 8.422669798124084473e+08
1.539579637457111858e+03 -1.135811415670411528e-03 8.415722908906562328e+08
1.542926549712453607e+03 -1.134869239533349474e-03 8.408741914358080626e+08
1.546273461967795129e+03 -1.133922496487022600e-03 8.401727081583999395e+08
1.549620374223136650e+03 -1.132971222405143542e-03 8.394678676388323307e+08
1.552967286478478172e+03 -1.132015452987565965e-03 8.387596963286864758e+08
1.556314198733819694e+03 -1.131055223761173387e-03 8.380482205513820648e+08
1.559661110989161216e+03 -1.130090570078768957e-03 8.373334665013551712e+08
1.563008023244502738e+03 -1.129121527123071829e-03 8.366154602470191717e+08
1.566354935499844487e+03 -1.128148129904718751e-03 8.358942277292842865e+08
1.569701847755185781e+03 -1.127170413263597210e-03 8.351697947625449896e+08
1.573048760010527531e+03 -1.126188411869954564e-03 8.344421870355017185e+08
1.576395672265869052e+03 -1.125202160224398262e-03 8.337114301111618280e+08
1.579742584521210574e+03 -1.124211692660116724e-03 8.329775494284840822e+08
1.583089496776552096e+03 -1.123217043341768898e-03 8.322405703015568256e+08
1.586436409031893845e+03 -1.122218246267704493e-03 8.315005179212423563e+08
1.589783321287235140e+03 -1.121215335269297843e-03 8.307574173546836376e+08
1.593130233542576661e+03 -1.120208344012502870e-03 8.300112935464565754e+08
1.596477145797918411e+03 -1.119197305998074045e-03 8.292621713187334538e+08
1.599824058053259705e+03 -1.118182254563121567e-03 8.285100753724353313e+08
1.603170970308601454e+03 -1.117163222880444579e-03 8.277550302867382765e+08
1.606517882563942976e+03 -1.116140243960530003e-03 8.269970605205537081e+08
1.609864794819284498e+03 -1.115113350651108452e-03 8.262361904122003317e+08
1.613211707074626020e+03 -1.114082575639374455e-03 8.254724441810482740e+08
1.616558619329967769e+03 -1.113047951450431934e-03 8.247058459263676405e+08
1.619905531585309063e+03 -1.112009510449959169e-03 8.239364196293033361e+08
1.623252443840650812e+03 -1.110967284843764709e-03 8.231641891525456905e+08
1.626599356095992107e+03 -1.109921306678453073e-03 8.223891782408237457e+08
1.629946268351333629e+03 -1.108871607843423370e-03 8.216114105223861933e+08
1.633293180606675378e+03 -1.107818220069981116e-03 8.208309095083435774e+08
1.636640092862016900e+03 -1.106761174932448678e-03 8.200476985934902430e+08
1.639987005117358649e+03 -1.105700503848830538e-03 8.192618010567983389e+08
1.643333917372699716e+03 -1.104636238081925037e-03 8.184732400622404814e+08
1.646680829628041465e+03 -1.103568408739100375e-03 8.176820386586247683e+08
1.650027741883382987e+03 -1.102497046774294966e-03 8.168882197810761929e+08
1.653374654138724736e+03 -1.101422182986905481e-03 8.160918062502130270e+08
1.656721566394066258e+03 -1.100343848023786980e-03 8.152928207736288309e+08
1.660068478649407780e+03 -1.099262072379472797e-03 8.144912859460555315e+08
1.663415390904749074e+03 -1.098176886396842831e-03 8.136872242498581409e+08
1.666762303160090596e+03 -1.097088320267788387e-03 8.128806580555276871e+08
1.670109215415432345e+03 -1.095996404032768086e-03 8.120716096213521957e+08
1.673456127670773867e+03 -1.094901167583473261e-03 8.112601010953916311e+08
1.676803039926115616e+03 -1.093802640662826882e-03 8.104461545154764652e+08
1.680149952181457138e+03 -1.092700852863874193e-03 8.096297918083869219e+08
1.683496864436798433e+03 -1.091595833632224340e-03 8.088110347916607857e+08
1.686843776692139954e+03 -1.090487612267161677e-03 8.079899051744177341e+08
1.690190688947481704e+03 -1.089376217920090366e-03 8.071664245562063456e+08
1.693537601202823225e+03 -1.088261679596089345e-03 8.063406144281567335e+08
1.696884513458164747e+03 -1.087144026156354601e-03 8.055124961747896671e+08
1.700231425713506496e+03 -1.086023286315756457e-03 8.046820910722067356e+08
1.703578337968847563e+03 -1.084899488645504765e-03 8.038494202900655270e+08
1.706925250224189313e+03 -1.083772661573369862e-03 8.030145048917425871e+08
1.710272162479530834e+03 -1.082642833383683873e-03 8.021773658343352079e+08
1.713619074734872584e+03 -1.081510032218227588e-03 8.013380239693179131e+08
1.716965986990214105e+03 -1.080374286077785640e-03 8.004965000436953306e+08
1.720312899245555627e+03 -1.079235622821258329e-03 7.996528146993434429e+08
1.723659811500897376e+03 -1.078094070166993020e-03 7.988069884739966393e+08
1.727006723756238443e+03 -1.076949655693007274e-03 7.979590418014125824e+08
1.730353636011580193e+03 -1.075802406838764335e-03 7.971089950126883984e+08
1.733700548266921714e+03 -1.074652350904063344e-03 7.962568683354376554e+08
1.737047460522263464e+03 -1.073499515050371604e-03 7.954026818947778940e+08
1.740394372777604985e+03 -1.072343926302378892e-03 7.945464557144821882e+08
1.743741285032946507e+03 -1.071185611546775565e-03 7.936882097160739899e+08
1.747088197288287802e+03 -1.070024597534251828e-03 7.928279637203080654e+08
1.750435109543629551e+03 -1.068860910878942404e-03 7.919657374467592239e+08
1.753782021798971073e+03 -1.067694578059980417e-03 7.911015505149741173e+08
1.757128934054312595e+03 -1.066525625421608624e-03 7.902354224445526600e+08
1.760475846309654344e+03 -1.065354079174512126e-03 7.893673726561365128e+08
1.763822758564995866e+03 -1.064179965394707484e-03 7.884974204705853462e+08
1.767169670820337160e+03 -1.063003310025652150e-03 7.876255851105399132e+08
1.770516583075678682e+03 -1.061824138878134311e-03 7.867518857003407478e+08
1.773863495331020431e+03 -1.060642477630826478e-03 7.858763412664378881e+08
1.777210407586361953e+03 -1.059458351831064384e-03 7.849989707379683256e+08
1.780557319841703475e+03 -1.058271786895622832e-03 7.841197929473307133e+08
1.783904232097045224e+03 -1.057082808110716135e-03 7.832388266301857233e+08
1.787251144352386518e+03 -1.055891440632886289e-03 7.823560904261143208e+08
1.790598056607728040e+03 -1.054697709489224805e-03 7.814716028787816763e+08
1.793944968863069562e+03 -1.053501639578816431e-03 7.805853824370074272e+08
1.797291881118411311e+03 -1.052303255671739731e-03 7.796974474540245533e+08
1.800638793373752833e+03 -1.051102582411065278e-03 7.788078161889605522e+08
1.803985705629094355e+03 -1.049899644313188711e-03 7.779165068070839643e+08
1.807332617884435649e+03 -1.048694465767054020e-03 7.770235373792285919e+08
1.810679530139777398e+03 -1.047487071036817428e-03 7.761289258837676048e+08
1.814026442395118920e+03 -1.046277484260293945e-03 7.752326902054625750e+08
1.817373354650460442e+03 -1.045065729450843665e-03 7.743348481368609667e+08
1.820720266905802191e+03 -1.043851830497150588e-03 7.734354173781322241e+08
1.824067179161143713e+03 -1.042635811165109347e-03 7.725344155384657383e+08
1.827414091416485007e+03 -1.041417695095716656e-03 7.716318601345086098e+08
1.830761003671826529e+03 -1.040197505808844979e-03 7.707277685931617022e+08
1.834107915927168278e+03 -1.038975266701022519e-03 7.698221582499347925e+08
1.837454828182509800e+03 -1.037751001047654319e-03 7.689150463505922556e+08
1.840801740437851322e+03 -1.036524732002466059e-03 7.680064500507405996e+08
1.844148652693193071e+03 -1.035296482599280853e-03 7.670963864171456099e+08
1.847495564948534366e+03 -1.034066275751020477e-03 7.661848724269919395e+08
1.850842477203875887e+03 -1.032834134250592900e-03 7.652719249685405493e+08
1.854189389459217409e+03 -1.031600080773557035e-03 7.643575608431037664e+08
1.857536301714559158e+03 -1.030364137875125138e-03 7.634417967628233433e+08
1.860883213969900680e+03 -1.029126327993160842e-03 7.625246493528927565e+08
1.864230126225242202e+03 -1.027886673447511723e-03 7.616061351510617733e+08
1.867577038480583496e+03 -1.026645196441787391e-03 7.606862706089549065e+08
1.870923950735925246e+03 -1.025401919061248767e-03 7.597650720905064344e+08
1.874270862991266767e+03 -1.024156863277249190e-03 7.588425558752518892e+08
1.877617775246608289e+03 -1.022910050944015638e-03 7.579187381559425592e+08
1.880964687501950038e+03 -1.021661503801311746e-03 7.569936350405191183e+08
1.884311599757291560e+03 -1.020411243473551147e-03 7.560672625514539480e+08
1.887658512012632855e+03 -1.019159291472460918e-03 7.551396366277254820e+08
1.891005424267974377e+03 -1.017905669194639311e-03 7.542107731230077744e+08
1.894352336523316126e+03 -1.016650397924443198e-03 7.532806878078107834e+08
1.897699248778657648e+03 -1.015393498833209182e-03 7.523493963689024448e+08
1.901046161033999169e+03 -1.014134992980032703e-03 7.514169144098865986e+08
1.904393073289340919e+03 -1.012874901312765504e-03 7.504832574519413710e+08
1.907739985544682213e+03 -1.011613244667239992e-03 7.495484409332451820e+08
1.911086897800023735e+03 -1.010350043769710432e-03 7.486124802107852697e+08
1.914433810055365257e+03 -1.009085319235077235e-03 7.476753905590418577e+08
1.917780722310707006e+03 -1.007819091569329235e-03 7.467371871717975140e+08
1.921127634566048528e+03 -1.006551381168211854e-03 7.457978851611511707e+08
1.924474546821390049e+03 -1.005282208319669161e-03 7.448574995593267679e+08
1.927821459076731344e+03 -1.004011593202289339e-03 7.439160453175215721e+08
1.931168371332073093e+03 -1.002739555887858635e-03 7.429735373077988625e+08
1.934515283587414615e+03 -1.001466116339473980e-03 7.420299903216891289e+08
1.937862195842756137e+03 -1.000191294414540157e-03 7.410854190724110603e+08
1.941209108098097886e+03 -9.989151098629940953e-04 7.401398381935553551e+08
1.944556020353439408e+03 -9.976375823290803586e-04 7.391932622404011488e+08
1.947902932608780702e+03 -9.963587313513520144e-04 7.382457056899157763e+08
1.951249844864122224e+03 -9.950785763635583772e-04 7.372971829414129257e+08
1.954596757119463973e+03 -9.937971366943115087e-04 7.363477083163056374e+08
1.957943669374805495e+03 -9.925144315685305915e-04 7.353972960591762066e+08
1.961290581630147017e+03 -9.912304801068857335e-04 7.344459603373644352e+08
1.964637493885488766e+03 -9.899453013267976026e-04 7.334937152417079210e+08
1.967984406140830060e+03 -9.886589141428819491e-04 7.325405747868717909e+08
1.971331318396171582e+03 -9.873713373677258948e-04 7.315865529119232893e+08
1.974678230651513104e+03 -9.860825897111112105e-04 7.306316634797573090e+08
1.978025142906854853e+03 -9.847926897820131510e-04 7.296759202785763741e+08
1.981372055162196375e+03 -9.835016560879330204e-04 7.287193370213965178e+08
1.984718967417538124e+03 -9.822095070358988905e-04 7.277619273467890024e+08
1.988065879672879191e+03 -9.809162609325759730e-04 7.268037048189616203e+08
1.991412791928220940e+03 -9.796219359849321021e-04 7.258446829282522202e+08
1.994759704183562462e+03 -9.783265503005721033e-04 7.248848750913760662e+08
1.998106616438903984e+03 -9.770301218877364916e-04 7.239242946514252424e+08
2.001453528694245733e+03 -9.757326686574116547e-04 7.229629548794319630e+08
2.004800440949587255e+03 -9.744342084208873619e-04 7.220008689725588560e+08
2.008147353204928550e+03 -9.731347588928650639e-04 7.210380500564018488e+08
2.011494265460270071e+03 -9.718343376910140198e-04 7.200745111846617460e+08
2.014841177715611821e+03 -9.705329623351939246e-04 7.191102653385679722e+08
2.018188089970953342e+03 -9.692306502498975081e-04 7.181453254286880493e+08
2.021535002226295092e+03 -9.679274187631404201e-04 7.171797042941060066e+08
2.024881914481636613e+03 -9.666232851076823679e-04 7.162134147033259869e+08
2.028228826736977908e+03 -9.653182664206938317e-04 7.152464693540261984e+08
2.031575738992319430e+03 -9.640123797457550089e-04 7.142788808745398521e+08
2.034922651247660951e+03 -9.627056420305236950e-04 7.133106618221266270e+08
2.038269563503002701e+03 -9.613980701303995614e-04 7.123418246856886148e+08
2.041616475758344222e+03 -9.600896808059701006e-04 7.113723818838771582e+08
2.044963388013685972e+03 -9.587804907262308151e-04 7.104023457674790621e+08
2.048310300269027266e+03 -9.574705164659203568e-04 7.094317286174423695e+08
2.051657212524368788e+03 -9.561597745090732407e-04 7.084605426475080252e+08
2.055004124779710310e+03 -9.548482812464664403e-04 7.074888000023188591e+08
2.058351037035051831e+03 -9.535360529789499483e-04 7.065165127598865032e+08
2.061697949290393353e+03 -9.522231059148933722e-04 7.055436929297001362e+08
2.065044861545735330e+03 -9.509094561730722971e-04 7.045703524548645020e+08
2.068391773801076397e+03 -9.495951197816693019e-04 7.035965032113604546e+08
2.071738686056417919e+03 -9.482801126788291792e-04 7.026221570084553957e+08
2.075085598311759441e+03 -9.469644507136575941e-04 7.016473255894441605e+08
2.078432510567101417e+03 -9.456481496457776453e-04 7.006720206313198805e+08
2.081779422822442939e+03 -9.443312251466614822e-04 6.996962537457606792e+08
2.085126335077784461e+03 -9.430136927990758443e-04 6.987200364787193537e+08
2.088473247333125528e+03 -9.416955680986359390e-04 6.977433803115738630e+08
2.091820159588467504e+03 -9.403768664521399995e-04 6.967662966598939896e+08
2.095167071843809026e+03 -9.390576031804564062e-04 6.957887968755804300e+08
2.098513984099150548e+03 -9.377377935177458801e-04 6.948108922462884188e+08
2.101860896354492070e+03 -9.364174526110179359e-04 6.938325939950985909e+08
2.105207808609833592e+03 -9.350965955212406713e-04 6.928539132813404799e+08
2.108554720865175113e+03 -9.337752372255615383e-04 6.918748612022365332e+08
2.111901633120516635e+03 -9.324533926135322595e-04 6.908954487901061773e+08
2.115248545375858157e+03 -9.311310764919942433e-04 6.899156870159850121e+08
2.118595457631199679e+03 -9.298083035819693087e-04 6.889355867873209715e+08
2.121942369886541201e+03 -9.284850885205479321e-04 6.879551589493738413e+08
2.125289282141883177e+03 -9.271614458618874718e-04 6.869744142859544754e+08
2.128636194397224244e+03 -9.258373900761027045e-04 6.859933635186030865e+08
2.131983106652565766e+03 -9.245129355505976587e-04 6.850120173075758219e+08
2.135330018907907288e+03 -9.231880965903990072e-04 6.840303862520915270e+08
2.138676931163249265e+03 -9.218628874178226747e-04 6.830484808900855780e+08
2.142023843418590786e+03 -9.205373221734730388e-04 6.820663116989493370e+08
2.145370755673932308e+03 -9.192114149166874526e-04 6.810838890958598852e+08
2.148717667929273375e+03 -9.178851796256467252e-04 6.801012234378620386e+08
2.152064580184615352e+03 -9.165586301975972745e-04 6.791183250220328569e+08
2.155411492439956874e+03 -9.152317804491847363e-04 6.781352040857282877e+08
2.158758404695298395e+03 -9.139046441174522974e-04 6.771518708073239326e+08
2.162105316950639917e+03 -9.125772348592862352e-04 6.761683353058032990e+08
2.165452229205981439e+03 -9.112495662527478595e-04 6.751846076417450905e+08
2.168799141461322961e+03 -9.099216517965185097e-04 6.742006978169119358e+08
2.172146053716664483e+03 -9.085935049103436439e-04 6.732166157745794058e+08
2.175492965972006004e+03 -9.072651389362539759e-04 6.722323714004410505e+08
2.178839878227347526e+03 -9.059365671383436472e-04 6.712479745224432945e+08
2.182186790482689048e+03 -9.046078027025479659e-04 6.702634349106217623e+08
2.185533702738031025e+03 -9.032788587381977187e-04 6.692787622782522440e+08
2.188880614993372092e+03 -9.019497482770199703e-04 6.682939662811105251e+08
2.192227527248713614e+03 -9.006204842746928091e-04 6.673090565186244249e+08
2.195574439504055135e+03 -8.992910796107334579e-04 6.663240425337908268e+08
2.198921351759397112e+03 -8.979615470882769878e-04 6.653389338130117655e+08
2.202268264014738634e+03 -8.966318994354082611e-04 6.643537397870812416e+08
2.205615176270080156e+03 -8.953021493046068192e-04 6.633684698307741880e+08
2.208962088525421223e+03 -8.939723092739681283e-04 6.623831332637507915e+08
2.212309000780763199e+03 -8.926423918466485762e-04 6.613977393501456976e+08
2.215655913036104721e+03 -8.913124094517534341e-04 6.604122972992261648e+08
2.219002825291446243e+03 -8.899823744441152451e-04 6.594268162652270794e+08
2.222349737546787765e+03 -8.886522991060694229e-04 6.584413053486672640e+08
2.225696649802129286e+03 -8.873221956459008061e-04 6.574557735951983929e+08
2.229043562057470808e+03 -8.859920761988421007e-04 6.564702299963442087e+08
2.232390474312812330e+03 -8.846619528282956670e-04 6.554846834904066324e+08
2.235737386568153852e+03 -8.833318375250560385e-04 6.544991429618891478e+08
2.239084298823495374e+03 -8.820017422078651418e-04 6.535136172419080734e+08
2.242431211078837350e+03 -8.806716787241894526e-04 6.525281151087689400e+08
2.245778123334178872e+03 -8.793416588501089736e-04 6.515426452878837585e+08
2.249125035589519939e+03 -8.780116942912054127e-04 6.505572164524294138e+08
2.252471947844861461e+03 -8.766817966812296987e-04 6.495718372223601341e+08
2.255818860100202983e+03 -8.753519775849892114e-04 6.485865161665467024e+08
2.259165772355544959e+03 -8.740222484967923857e-04 6.476012618016245365e+08
2.262512684610886481e+03 -8.726926208412269514e-04 6.466160825925695896e+08
2.265859596866228003e+03 -8.713631059730481522e-04 6.456309869526159763e+08
2.269206509121569070e+03 -8.700337151792887115e-04 6.446459832448194027e+08
2.272553421376911047e+03 -8.687044596773710195e-04 6.436610797806580067e+08
2.275900333632252568e+03 -8.673753506156622450e-04 6.426762848204439878e+08
2.279247245887594090e+03 -8.660463990758063453e-04 6.416916065750513077e+08
2.282594158142935612e+03 -8.647176160711691041e-04 6.407070532047640085e+08
2.285941070398277134e+03 -8.633890125470603926e-04 6.397226328194401264e+08
2.289287982653618656e+03 -8.620605993819557399e-04 6.387383534794173241e+08
2.292634894908960177e+03 -8.607323873877177275e-04 6.377542231956769228e+08
2.295981807164301699e+03 -8.594043873099295981e-04 6.367702499300909042e+08
2.299328719419643221e+03 -8.580766098266739018e-04 6.357864415945169926e+08
2.302675631674985198e+03 -8.567490655513077284e-04 6.348028060528551340e+08
2.306022543930326719e+03 -8.554217650307978068e-04 6.338193511198136806e+08
2.309369456185667786e+03 -8.540947187468304024e-04 6.328360845617316961e+08
2.312716368441009308e+03 -8.527679371168108433e-04 6.318530140973200798e+08
2.316063280696350830e+03 -8.514414304917535545e-04 6.308701473960973024e+08
2.319410192951692807e+03 -8.501152091598354220e-04 6.298874920810232162e+08
2.322757105207034328e+03 -8.487892833442857183e-04 6.289050557269347906e+08
2.326104017462375850e+03 -8.474636632043859542e-04 6.279228458612875938e+08
2.329450929717716917e+03 -8.461383588358024031e-04 6.269408699644016027e+08
2.332797841973058894e+03 -8.448133802712524520e-04 6.259591354699554443e+08
2.336144754228400416e+03 -8.434887374800605119e-04 6.249776497646571398e+08
2.339491666483741938e+03 -8.421644403688242604e-04 6.239964201887375116e+08
2.342838578739083459e+03 -8.408404987820804503e-04 6.230154540364438295e+08
2.346185490994424981e+03 -8.395169225017500144e-04 6.220347585556286573e+08
2.349532403249766503e+03 -8.381937212481373753e-04 6.210543409484901428e+08
2.352879315505108025e+03 -8.368709046799301197e-04 6.200742083715718985e+08
2.356226227760449547e+03 -8.355484823943103460e-04 6.190943679358451366e+08
2.359573140015791068e+03 -8.342264639272875147e-04 6.181148267069559097e+08
2.362920052271133045e+03 -8.329048587552528686e-04 6.171355917063765526e+08
2.366266964526474567e+03 -8.315836762919816142e-04 6.161566699091840982e+08
2.369613876781815634e+03 -8.302629258932961833e-04 6.151780682475161552e+08
2.372960789037157156e+03 -8.289426168536244335e-04 6.141997936080204248e+08
2.376307701292499132e+03 -8.276227584085528357e-04 6.132218528337460756e+08
2.379654613547840654e+03 -8.263033597337167933e-04 6.122442527233223915e+08
2.383001525803182176e+03 -8.249844299457994093e-04 6.112670000316981077e+08
2.386348438058523698e+03 -8.236659781033088589e-04 6.102901014707174301e+08
2.389695350313864765e+03 -8.223480132049128385e-04 6.093135637078865767e+08
2.393042262569206741e+03 -8.210305441921033178e-04 6.083373933683472872e+08
2.396389174824548263e+03 -8.197135799481974471e-04 6.073615970341373682e+08
2.399736087079889785e+03 -8.183971292981149712e-04 6.063861812440253496e+08
2.403082999335231307e+03 -8.170812010100441053e-04 6.054111524947448969e+08
2.406429911590572829e+03 -8.157658037941091598e-04 6.044365172400075197e+08
2.409776823845914350e+03 -8.144509463045906603e-04 6.034622818921476603e+08
2.413123736101255872e+03 -8.131366371383713610e-04 6.024884528209713697e+08
2.416470648356597394e+03 -8.118228848358244234e-04 6.015150363544141054e+08
2.419817560611938916e+03 -8.105096978814793325e-04 6.005420387790343761e+08
2.423164472867280892e+03 -8.091970847032447416e-04 5.995694663394378424e+08
2.426511385122622414e+03 -8.078850536752954850e-04 5.985973252404164076e+08
2.429858297377963481e+03 -8.065736131134088830e-04 5.976256216434928179e+08
2.433205209633305003e+03 -8.052627712814049024e-04 5.966543616716922522e+08
2.436552121888646980e+03 -8.039525363853721298e-04 5.956835514052640200e+08
2.439899034143988501e+03 -8.026429165791085143e-04 5.947131968857133389e+08
2.443245946399330023e+03 -8.013339199607905907e-04 5.937433041133328676e+08
2.446592858654671545e+03 -8.000255545741941825e-04 5.927738790481075048e+08
2.449939770910012612e+03 -7.987178284109157150e-04 5.918049276113601923e+08
2.453286683165354589e+03 -7.974107494064855677e-04 5.908364556828718185e+08
2.456633595420696111e+03 -7.961043254454758591e-04 5.898684691046664715e+08
2.459980507676037632e+03 -7.947985643573918626e-04 5.889009736779665947e+08
2.463327419931379154e+03 -7.934934739204475233e-04 5.879339751659904718e+08
2.466674332186720676e+03 -7.921890618589004897e-04 5.869674792919781208e+08
2.470021244442062198e+03 -7.908853358456054096e-04 5.860014917410827875e+08
2.473368156697403720e+03 -7.895823035007933349e-04 5.850360181594663858e+08
2.476715068952745241e+03 -7.882799723928482277e-04 5.840710641548751593e+08
2.480061981208086763e+03 -7.869783500390845499e-04 5.831066352972159386e+08
2.483408893463428740e+03 -7.856774439043036481e-04 5.821427371174858809e+08
2.486755805718770262e+03 -7.843772614031255469e-04 5.811793751095010042e+08
2.490102717974111329e+03 -7.830778098988785095e-04 5.802165547290728092e+08
2.493449630229452850e+03 -7.817790967038209735e-04 5.792542813941729069e+08
2.496796542484794827e+03 -7.804811290810293638e-04 5.782925604863320589e+08
2.500143454740136349e+03 -7.791839142415108626e-04 5.773313973485002518e+08
2.503490366995477871e+03 -7.778874593482008621e-04 5.763707972880092859e+08
2.506837279250819392e+03 -7.765917715125209486e-04 5.754107655740220547e+08
2.510184191506160914e+03 -7.752968577978759960e-04 5.744513074401237965e+08
2.513531103761502436e+03 -7.740027252176003621e-04 5.734924280828002691e+08
2.516878016016843958e+03 -7.727093807360128170e-04 5.725341326622194052e+08
2.520224928272185480e+03 -7.714168312692488852e-04 5.715764263028481007e+08
2.523571840527527002e+03 -7.701250836837621530e-04 5.706193140923418999e+08
2.526918752782868523e+03 -7.688341447989889121e-04 5.696628010835188627e+08
2.530265665038210045e+03 -7.675440213848499409e-04 5.687068922925090790e+08
2.533612577293551567e+03 -7.662547201644152569e-04 5.677515927007287741e+08
2.536959489548893089e+03 -7.649662478129602098e-04 5.667969072541810274e+08
2.540306401804234611e+03 -7.636786109575771208e-04 5.658428408631681204e+08
2.543653314059576587e+03 -7.623918161793400003e-04 5.648893984038951397e+08
2.547000226314918109e+03 -7.611058700109178937e-04 5.639365847167018652e+08
2.550347138570259176e+03 -7.598207789398494973e-04 5.629844046084892750e+08
2.553694050825600698e+03 -7.585365494051020093e-04 5.620328628501694202e+08
2.557040963080942674e+03 -7.572531878013451625e-04 5.610819641798322201e+08
2.560387875336284196e+03 -7.559707004758428172e-04 5.601317133004429340e+08
2.563734787591625718e+03 -7.546890937305621681e-04 5.591821148814041615e+08
2.567081699846967240e+03 -7.534083738213964796e-04 5.582331735579806566e+08
2.570428612102308762e+03 -7.521285469589428924e-04 5.572848939318749905e+08
2.573775524357650283e+03 -7.508496193091120704e-04 5.563372805716798306e+08
2.577122436612991805e+03 -7.495715969914638422e-04 5.553903380116441250e+08
2.580469348868333327e+03 -7.482944860822040439e-04 5.544440707538944483e+08
2.583816261123674849e+03 -7.470182926122419546e-04 5.534984832669948339e+08
2.587163173379016371e+03 -7.457430225680230715e-04 5.525535799865642786e+08
2.590510085634358347e+03 -7.444686818920283854e-04 5.516093653156464100e+08
2.593856997889699414e+03 -7.431952764824972585e-04 5.506658436245044470e+08
2.597203910145040936e+03 -7.419228121948145526e-04 5.497230192516489029e+08
2.600550822400382458e+03 -7.406512948395129869e-04 5.487808965023571253e+08
2.603897734655724435e+03 -7.393807301847149776e-04 5.478394796504830122e+08
2.607244646911065956e+03 -7.381111239551894909e-04 5.468987729377580881e+08
2.610591559166407478e+03 -7.368424818327955900e-04 5.459587805741196871e+08
2.613938471421748545e+03 -7.355748094565383796e-04 5.450195067377532721e+08
2.617285383677090522e+03 -7.343081124229573677e-04 5.440809555753792524e+08
2.620632295932432044e+03 -7.330423962866816851e-04 5.431431312026649714e+08
2.623979208187773565e+03 -7.317776665597082236e-04 5.422060377036898136e+08
2.627326120443115087e+03 -7.305139287124012707e-04 5.412696791316854954e+08
2.630673032698456609e+03 -7.292511881734918587e-04 5.403340595090359449e+08
2.634019944953798131e+03 -7.279894503297452404e-04 5.393991828270310163e+08
2.637366857209139653e+03 -7.267287205277372453e-04 5.384650530471822023e+08
2.640713769464481175e+03 -7.254690040713003335e-04 5.375316740993306637e+08
2.644060681719822696e+03 -7.242103062251875481e-04 5.365990498843618035e+08
2.647407593975164218e+03 -7.229526322121306416e-04 5.356671842720257640e+08
2.650754506230506195e+03 -7.216959872148382598e-04 5.347360811024178267e+08
2.654101418485847262e+03 -7.204403763757181696e-04 5.338057441857724190e+08
2.657448330741188784e+03 -7.191858047970444432e-04 5.328761773025873899e+08
2.660795242996530305e+03 -7.179322775410121012e-04 5.319473842036640644e+08
2.664142155251872282e+03 -7.166797996303484949e-04 5.310193686105605364e+08
2.667489067507213804e+03 -7.154283760483684919e-04 5.300921342156324983e+08
2.670835979762555326e+03 -7.141780117386967034e-04 5.291656846818273664e+08
2.674182892017896393e+03 -7.129287116059341602e-04 5.282400236431782842e+08
2.677529804273238369e+03 -7.116804805157131734e-04 5.273151547048447132e+08
2.680876716528579891e+03 -7.104333232951975854e-04 5.263910814434832931e+08
2.684223628783921413e+03 -7.091872447321385378e-04 5.254678074065478444e+08
2.687570541039262935e+03 -7.079422495773172877e-04 5.245453361140998602e+08
2.690917453294604456e+03 -7.066983425417139222e-04 5.236236710567101836e+08
2.694264365549945978e+03 -7.054555282993941545e-04 5.227028156975982785e+08
2.697611277805287500e+03 -7.042138114863988850e-04 5.217827734718093276e+08
2.700958190060629022e+03 -7.029731967006889060e-04 5.208635477861734033e+08
2.704305102315970544e+03 -7.017336885033105282e-04 5.199451420201689005e+08
2.707652014571312520e+03 -7.004952914175626962e-04 5.190275595253055096e+08
2.710998926826654042e+03 -6.992580099303296898e-04 5.181108036261119246e+08
2.714345839081995109e+03 -6.980218484904154646e-04 5.171948776189012527e+08
2.717692751337336631e+03 -6.967868115112081867e-04 5.162797847737455964e+08
2.721039663592678153e+03 -6.955529033688485820e-04 5.153655283331186771e+08
2.724386575848020129e+03 -6.943201284030624948e-04 5.144521115125130415e+08
2.727733488103361651e+03 -6.930884909176047602e-04 5.135395375007686615e+08
2.731080400358703173e+03 -6.918579951799265710e-04 5.126278094598264098e+08
2.734427312614044240e+03 -6.906286454222851584e-04 5.117169305255506039e+08
2.737774224869386217e+03 -6.894004458405788172e-04 5.108069038068655729e+08
2.741121137124727738e+03 -6.881734005956780887e-04 5.098977323867419958e+08
2.744468049380069260e+03 -6.869475138127053085e-04 5.089894193216633201e+08
2.747814961635410782e+03 -6.857227895819774290e-04 5.080819676423239112e+08
2.751161873890752304e+03 -6.844992319591727695e-04 5.071753803537530899e+08
2.754508786146093826e+03 -6.832768449643321406e-04 5.062696604345746040e+08
2.757855698401435347e+03 -6.820556325833015921e-04 5.053648108380759954e+08
2.761202610656776869e+03 -6.808355987677328471e-04 5.044608344922085404e+08
2.764549522912118391e+03 -6.796167474346946147e-04 5.035577342992995977e+08
2.767896435167460368e+03 -6.783990824675050412e-04 5.026555131366692185e+08
2.771243347422801889e+03 -6.771826077148438566e-04 5.017541738559723496e+08
2.774590259678142957e+03 -6.759673269927506676e-04 5.008537192846792936e+08
2.777937171933484478e+03 -6.747532440821265220e-04 4.999541522242249250e+08
2.781284084188826000e+03 -6.735403627321209568e-04 4.990554754525178671e+08
2.784630996444167977e+03 -6.723286866571335282e-04 4.981576917217189670e+08
2.787977908699509499e+03 -6.711182195398120642e-04 4.972608037604628205e+08
2.791324820954851020e+03 -6.699089650283876962e-04 4.963648142718833685e+08
2.794671733210192087e+03 -6.687009267399501248e-04 4.954697259360402822e+08
2.798018645465534064e+03 -6.674941082577276821e-04 4.945755414079039097e+08
2.801365557720875586e+03 -6.662885131328081774e-04 4.936822633186303973e+08
2.804712469976217108e+03 -6.650841448847494113e-04 4.927898942760137916e+08
2.808059382231558629e+03 -6.638810069996916880e-04 4.918984368630878329e+08
2.811406294486900151e+03 -6.626791029329671652e-04 4.910078936400588751e+08
2.814753206742241673e+03 -6.614784361074897050e-04 4.901182671431134939e+08
2.818100118997583195e+03 -6.602790099148654222e-04 4.892295598852406740e+08
2.821447031252924717e+03 -6.590808277148927589e-04 4.883417743558619022e+08
2.824793943508266238e+03 -6.578838928361178126e-04 4.874549130212423801e+08
2.828140855763608215e+03 -6.566882085764446340e-04 4.865689783249432445e+08
2.831487768018949737e+03 -6.554937782018591206e-04 4.856839726868761182e+08
2.834834680274290804e+03 -6.543006049483711482e-04 4.847998985047420859e+08
2.838181592529632326e+03 -6.531086920207937593e-04 4.839167581531270742e+08
2.841528504784974302e+03 -6.519180425934092971e-04 4.830345539839956164e+08
2.844875417040315824e+03 -6.507286598106909415e-04 4.821532883272251487e+08
2.848222329295657346e+03 -6.495405467857483977e-04 4.812729634894546270e+08
2.851569241550998868e+03 -6.483537066029923220e-04 4.803935817560586929e+08
2.854916153806339935e+03 -6.471681423156366462e-04 4.795151453892969489e+08
2.858263066061681911e+03 -6.459838569481406341e-04 4.786376566301232576e+08
2.861609978317023433e+03 -6.448008534947660252e-04 4.777611176971170902e+08
2.864956890572364955e+03 -6.436191349202428436e-04 4.768855307869762778e+08
2.868303802827706477e+03 -6.424387041607133040e-04 4.760108980752168894e+08
2.871650715083047999e+03 -6.412595641218996187e-04 4.751372217148154378e+08
2.874997627338389520e+03 -6.400817176818799888e-04 4.742645038382657766e+08
2.878344539593731042e+03 -6.389051676887012995e-04 4.733927465558102727e+08
2.881691451849072564e+03 -6.377299169627109136e-04 4.725219519571675062e+08
2.885038364104414086e+03 -6.365559682943910860e-04 4.716521221099275351e+08
2.888385276359756062e+03 -6.353833244473018138e-04 4.707832590617328286e+08
2.891732188615097584e+03 -6.342119881555269983e-04 4.699153648383855224e+08
2.895079100870438651e+03 -6.330419621255060957e-04 4.690484414452047944e+08
2.898426013125780173e+03 -6.318732490359790397e-04 4.681824908669860959e+08
2.901772925381122150e+03 -6.307058515367645630e-04 4.673175150670958757e+08
2.905119837636463672e+03 -6.295397722513140348e-04 4.664535159893638492e+08
2.908466749891805193e+03 -6.283750137744909068e-04 4.655904955564377308e+08
2.911813662147146715e+03 -6.272115786741805366e-04 4.647284556709758639e+08
2.915160574402487782e+03 -6.260494694909569035e-04 4.638673982154005170e+08
2.918507486657829759e+03 -6.248886887379719122e-04 4.630073250518157482e+08
2.921854398913171281e+03 -6.237292389020657234e-04 4.621482380228300095e+08
2.925201311168512802e+03 -6.225711224420451499e-04 4.612901389502807260e+08
2.928548223423854324e+03 -6.214143417912937643e-04 4.604330296371679902e+08
2.931895135679195846e+03 -6.202588993556615001e-04 4.595769118660911918e+08
2.935242047934537368e+03 -6.191047975149084831e-04 4.587217874003185630e+08
2.938588960189878890e+03 -6.179520386225939013e-04 4.578676579837048650e+08
2.941935872445220411e+03 -6.168006250056318066e-04 4.570145253403623700e+08
2.945282784700561933e+03 -6.156505589655680887e-04 4.561623911756069660e+08
2.948629696955903910e+03 -6.145018427773035015e-04 4.553112571750119328e+08
2.951976609211245432e+03 -6.133544786905369530e-04 4.544611250054776073e+08
2.955323521466586499e+03 -6.122084689292660135e-04 4.536119963148607612e+08
2.958670433721928021e+03 -6.110638156913428265e-04 4.527638727316461802e+08
2.962017345977269997e+03 -6.099205211504725097e-04 4.519167558664268851e+08
2.965364258232611519e+03 -6.087785874536595339e-04 4.510706473100122809e+08
2.968711170487953041e+03 -6.076380167240387920e-04 4.502255486355257630e+08
2.972058082743294563e+03 -6.064988110590995669e-04 4.493814613970887065e+08
2.975404994998636084e+03 -6.053609725315730597e-04 4.485383871304782033e+08
2.978751907253977606e+03 -6.042245031897107042e-04 4.476963273533332944e+08
2.982098819509319128e+03 -6.030894050568395360e-04 4.468552835648252368e+08
2.985445731764660650e+03 -6.019556801320283257e-04 4.460152572461515069e+08
2.988792644020002172e+03 -6.008233303899215881e-04 4.451762498604124784e+08
2.992139556275343693e+03 -5.996923577814050653e-04 4.443382628531045318e+08
2.995486468530685215e+03 -5.985627642324958288e-04 4.435012976512979269e+08
2.998833380786026737e+03 -5.974345516458965917e-04 4.426653556647881866e+08
3.002180293041368259e+03 -5.963077219001074224e-04 4.418304382854380012e+08
3.005527205296709781e+03 -5.951822768504249446e-04 4.409965468879177570e+08
3.008874117552051757e+03 -5.940582183278879510e-04 4.401636828289240599e+08
3.012221029807393279e+03 -5.929355481406089123e-04 4.393318474481664300e+08
3.015567942062734346e+03 -5.918142680733863743e-04 4.385010420680800676e+08
3.018914854318075868e+03 -5.906943798872045992e-04 4.376712679934551120e+08
3.022261766573417844e+03 -5.895758853209546275e-04 4.368425265127118826e+08
3.025608678828759366e+03 -5.884587860898246722e-04 4.360148188967083097e+08
3.028955591084100888e+03 -5.873430838863543963e-04 4.351881463995208740e+08
3.032302503339442410e+03 -5.862287803803801611e-04 4.343625102584043741e+08
3.035649415594783932e+03 -5.851158772193669000e-04 4.335379116940374374e+08
3.038996327850125454e+03 -5.840043760281318644e-04 4.327143519103181958e+08
3.042343240105466975e+03 -5.828942784091212031e-04 4.318918320945690274e+08
3.045690152360808497e+03 -5.817855859424660159e-04 4.310703534175779819e+08
3.049037064616150019e+03 -5.806783001863704977e-04 4.302499170338867307e+08
3.052383976871491541e+03 -5.795724226771125894e-04 4.294305240817906260e+08
3.055730889126833063e+03 -5.784679549287101517e-04 4.286121756830916405e+08
3.059077801382174584e+03 -5.773648984338651969e-04 4.277948729437979460e+08
3.062424713637516106e+03 -5.762632546634640718e-04 4.269786169537534714e+08
3.065771625892857628e+03 -5.751630250669659272e-04 4.261634087869257331e+08
3.069118538148199605e+03 -5.740642110722364013e-04 4.253492495012828708e+08
3.072465450403541126e+03 -5.729668140859364147e-04 4.245361401390813589e+08
3.075812362658882194e+03 -5.718708354935768141e-04 4.237240817269066572e+08
3.079159274914223715e+03 -5.707762766594638368e-04 4.229130752756329179e+08
3.082506187169565692e+03 -5.696831389273647028e-04 4.221031217809159756e+08
3.085853099424907214e+03 -5.685914236195641416e-04 4.212942222224942446e+08
3.089200011680248736e+03 -5.675011320384184882e-04 4.204863775653405786e+08
3.092546923935590257e+03 -5.664122654650790342e-04 4.196795887587157488e+08
3.095893836190931779e+03 -5.653248251603249126e-04 4.188738567367862463e+08
3.099240748446273301e+03 -5.642388123645625557e-04 4.180691824186232686e+08
3.102587660701614823e+03 -5.631542282979930952e-04 4.172655667083272338e+08
3.105934572956956345e+03 -5.620710741609442375e-04 4.164630104952732325e+08
3.109281485212297866e+03 -5.609893511327613408e-04 4.156615146532899141e+08
3.112628397467639388e+03 -5.599090603741377998e-04 4.148610800423855782e+08
3.115975309722980910e+03 -5.588302030245621832e-04 4.140617075068571568e+08
3.119322221978322432e+03 -5.577527802050379546e-04 4.132633978773050904e+08
3.122669134233663954e+03 -5.566767930161407993e-04 4.124661519691939354e+08
3.126016046489005475e+03 -5.556022425391842498e-04 4.116699705837161541e+08
3.129362958744347452e+03 -5.545291298363861114e-04 4.108748545079152584e+08
3.132709870999688974e+03 -5.534574559498139663e-04 4.100808045139046907e+08
3.136056783255030041e+03 -5.523872219033279561e-04 4.092878213603071570e+08
3.139403695510371563e+03 -5.513184287013041338e-04 4.084959057913087606e+08
3.142750607765713539e+03 -5.502510773288560742e-04 4.077050585368230939e+08
3.146097520021055061e+03 -5.491851687526680837e-04 4.069152803131088614e+08
3.149444432276396583e+03 -5.481207039202733384e-04 4.061265718222347498e+08
3.152791344531738105e+03 -5.470576837609976819e-04 4.053389337527788877e+08
3.156138256787079627e+03 -5.459961091849600996e-04 4.045523667790881991e+08
3.159485169042421148e+03 -5.449359810845162255e-04 4.037668715623479486e+08
3.162832081297762670e+03 -5.438773003332037382e-04 4.029824487498002648e+08
3.166178993553104192e+03 -5.428200677864638982e-04 4.021990989752790928e+08
3.169525905808445714e+03 -5.417642842817524612e-04 4.014168228592919111e+08
3.172872818063787690e+03 -5.407099506378182504e-04 4.006356210084854960e+08
3.176219730319128757e+03 -5.396570676564792961e-04 3.998554940169618130e+08
3.179566642574470279e+03 -5.386056361206245429e-04 3.990764424647974968e+08
3.182913554829811801e+03 -5.375556567962677624e-04 3.982984669195656180e+08
3.186260467085153323e+03 -5.365071304313264160e-04 3.975215679354309440e+08
3.189607379340495299e+03 -5.354600577561209303e-04 3.967457460535196662e+08
3.192954291595836821e+03 -5.344144394839856448e-04 3.959710018023724556e+08
3.196301203851177888e+03 -5.333702763101028609e-04 3.951973356970802546e+08
3.199648116106519410e+03 -5.323275689133349269e-04 3.944247482406417131e+08
3.202995028361861387e+03 -5.312863179543921531e-04 3.936532399226061106e+08
3.206341940617202908e+03 -5.302465240779423439e-04 3.928828112206358314e+08
3.209688852872544430e+03 -5.292081879107235270e-04 3.921134625991085768e+08
3.213035765127885952e+03 -5.281713100633753880e-04 3.913451945104739070e+08
3.216382677383227474e+03 -5.271358911293851004e-04 3.905780073944724202e+08
3.219729589638568996e+03 -5.261019316853645560e-04 3.898119016783410311e+08
3.223076501893910518e+03 -5.250694322919942716e-04 3.890468777775123715e+08
3.226423414149252039e+03 -5.240383934926352849e-04 3.882829360945864916e+08
3.229770326404593561e+03 -5.230088158150503251e-04 3.875200770206058025e+08
3.233117238659935538e+03 -5.219806997700158178e-04 3.867583009340268373e+08
3.236464150915276605e+03 -5.209540458524876188e-04 3.859976082015839815e+08
3.239811063170618127e+03 -5.199288545414904256e-04 3.852379991782076359e+08
3.243157975425959648e+03 -5.189051262992288400e-04 3.844794742063653469e+08
3.246504887681301625e+03 -5.178828615729197784e-04 3.837220336174196601e+08
3.249851799936643147e+03 -5.168620607932380507e-04 3.829656777304763794e+08
3.253198712191984214e+03 -5.158427243754822034e-04 3.822104068532482982e+08
3.256545624447326190e+03 -5.148248527192410186e-04 3.814562212818081975e+08
3.259892536702667257e+03 -5.138084462081717952e-04 3.807031213004245758e+08
3.263239448958009234e+03 -5.127935052112219186e-04 3.799511071824666262e+08
3.266586361213350756e+03 -5.117800300810182793e-04 3.792001791892110109e+08
3.269933273468691823e+03 -5.107680211558105962e-04 3.784503375712817907e+08
3.273280185724033799e+03 -5.097574787575843633e-04 3.777015825672519803e+08
3.276627097979375321e+03 -5.087484031942804278e-04 3.769539144052884579e+08
3.279974010234717298e+03 -5.077407947578529675e-04 3.762073333017128110e+08
3.283320922490058365e+03 -5.067346537259897945e-04 3.754618394622761011e+08
3.286667834745399432e+03 -5.057299803615019490e-04 3.747174330817065239e+08
3.290014747000741409e+03 -5.047267749116853214e-04 3.739741143432363272e+08
3.293361659256082930e+03 -5.037250376101524117e-04 3.732318834199592471e+08
3.296708571511424907e+03 -5.027247686748895477e-04 3.724907404733909369e+08
3.300055483766765974e+03 -5.017259683102552863e-04 3.717506856549494863e+08
3.303402396022107951e+03 -5.007286367057311961e-04 3.710117191050301194e+08
3.306749308277449472e+03 -4.997327740364772937e-04 3.702738409534165263e+08
3.310096220532790539e+03 -4.987383804634152023e-04 3.695370513193426132e+08
3.313443132788132516e+03 -4.977454561332000709e-04 3.688013503114715219e+08
3.316790045043473583e+03 -4.967540011788039835e-04 3.680667380283280611e+08
3.320136957298815560e+03 -4.957640157184886771e-04 3.673332145575376153e+08
3.323483869554157081e+03 -4.947754998571656741e-04 3.666007799768336415e+08
3.326830781809498149e+03 -4.937884536856743112e-04 3.658694343535229564e+08
3.330177694064840125e+03 -4.928028772811153492e-04 3.651391777447329760e+08
3.333524606320181192e+03 -4.918187707068507556e-04 3.644100101974112391e+08
3.336871518575523169e+03 -4.908361340126420492e-04 3.636819317484282851e+08
3.340218430830864691e+03 -4.898549672348732117e-04 3.629549424247425795e+08
3.343565343086206667e+03 -4.888752703963277759e-04 3.622290422432354689e+08
