0.000000000000000000e+00 -1.174540483002257664e-14 1.000000000000000000e+00
3.346912255341548015e+00 2.404091328246374967e-07 2.046835645972156525e+07
6.693824510683096030e+00 5.142965699586219555e-07 4.378704501048972458e+07
1.004073676602464360e+01 8.751293435978584338e-07 7.450823162441615760e+07
1.338764902136619206e+01 1.325579889832839279e-06 1.128594466530866474e+08
1.673456127670774052e+01 1.845934447383374415e-06 1.571622667841093242e+08
2.008147353204928720e+01 2.416130996584220048e-06 2.057086180978894234e+08
2.342838578739083388e+01 3.020426777459732171e-06 2.571581670594428182e+08
2.677529804273238412e+01 3.647310974284983388e-06 3.105308865099350214e+08
3.012221029807392725e+01 4.288559971970625711e-06 3.651266204983061552e+08
3.346912255341548104e+01 4.938347209893233777e-06 4.204492975218923688e+08
3.681603480875702417e+01 5.592558585570752447e-06 4.761486442149310708e+08
4.016294706409857440e+01 6.248294822192499272e-06 5.319778170796765089e+08
4.350985931944012464e+01 6.903516336315895879e-06 5.877631666360048056e+08
4.685677157478166777e+01 7.556791389870553578e-06 6.433827951638196707e+08
5.020368383012321800e+01 8.207117877747384710e-06 6.987513837555490732e+08
5.355059608546476824e+01 8.853797317443240641e-06 7.538094638349065781e+08
5.689750834080631847e+01 9.496345773500991139e-06 8.085158332922899723e+08
6.024442059614785450e+01 1.013443089675533926e-05 8.628421960263637304e+08
6.359133285148940473e+01 1.076782742368441248e-05 9.167693731731266975e+08
6.693824510683096207e+01 1.139638572380141921e-05 9.702846252409261465e+08
7.028515736217249810e+01 1.202000956944203896e-05 1.023379759437285781e+09
7.363206961751404833e+01 1.263864042390375471e-05 1.076049791966128588e+09
7.697898187285559857e+01 1.325224633671103873e-05 1.128292002574215651e+09
8.032589412819714880e+01 1.386081409516289578e-05 1.180105266336422443e+09
8.367280638353869904e+01 1.446434367739392759e-05 1.231489581391135931e+09
8.701971863888024927e+01 1.506284433212499782e-05 1.282445735171483517e+09
9.036663089422179951e+01 1.565633180814543016e-05 1.332975068524337530e+09
9.371354314956333553e+01 1.624482639641296956e-05 1.383079309015332222e+09
9.706045540490488577e+01 1.682835154650653744e-05 1.432760453134095192e+09
1.004073676602464360e+02 1.740693288902331323e-05 1.482020683061450005e+09
1.037542799155879862e+02 1.798059754489369328e-05 1.530862307864711761e+09
1.071011921709295365e+02 1.854937363748631189e-05 1.579287721958465338e+09
1.104481044262710725e+02 1.911328994804180106e-05 1.627299375768307447e+09
1.137950166816126369e+02 1.967237567240807565e-05 1.674899755019364595e+09
1.171419289369541730e+02 2.022666024937420215e-05 1.722091366120696068e+09
1.204888411922957090e+02 2.077617323960836388e-05 1.768876725858109713e+09
1.238357534476372734e+02 2.132094424035969830e-05 1.815258354131904125e+09
1.271826657029788095e+02 2.186100282543731207e-05 1.861238768846700668e+09
1.305295779583203455e+02 2.239637850305417965e-05 1.906820482322287798e+09
1.338764902136619241e+02 2.292710068629441806e-05 1.952005998779213428e+09
1.372234024690034460e+02 2.345319867250346413e-05 1.996797812584071159e+09
1.405703147243449962e+02 2.397470162898234536e-05 2.041198407031514883e+09
1.439172269796865749e+02 2.449163858313646987e-05 2.085210253505531311e+09
1.472641392350280967e+02 2.500403841577124206e-05 2.128835810908629179e+09
1.506110514903696469e+02 2.551192985661065860e-05 2.172077525280294895e+09
1.539579637457111971e+02 2.601534148138660849e-05 2.214937829549175262e+09
1.573048760010527474e+02 2.651430171003549242e-05 2.257419143379541397e+09
1.606517882563942976e+02 2.700883880567657235e-05 2.299523873084300995e+09
1.639987005117358478e+02 2.749898087414242047e-05 2.341254411585025311e+09
1.673456127670773981e+02 2.798475586389754301e-05 2.382613138405017376e+09
1.706925250224189483e+02 2.846619156622942352e-05 2.423602419685580730e+09
1.740394372777604985e+02 2.894331561563276065e-05 2.464224608218729973e+09
1.773863495331020204e+02 2.941615549032598550e-05 2.504482043491168499e+09
1.807332617884435990e+02 2.988473851286369015e-05 2.544377051736432076e+09
1.840801740437851208e+02 3.034909185081160788e-05 2.583911945992352009e+09
1.874270862991266711e+02 3.080924251746805146e-05 2.623089026162483692e+09
1.907739985544682213e+02 3.126521737261401504e-05 2.661910579079965115e+09
1.941209108098097715e+02 3.171704312328469581e-05 2.700378878573206902e+09
1.974678230651513218e+02 3.216474632455312821e-05 2.738496185532610893e+09
2.008147353204928720e+02 3.260835338032173284e-05 2.776264747977959156e+09
2.041616475758344222e+02 3.304789054411869006e-05 2.813686801126221180e+09
2.075085598311759725e+02 3.348338391989558752e-05 2.850764567459462166e+09
2.108554720865174943e+02 3.391485946282537264e-05 2.887500256792781830e+09
2.142023843418590729e+02 3.434234298009921412e-05 2.923896066342159748e+09
2.175492965972006232e+02 3.476586013172090360e-05 2.959954180792087555e+09
2.208962088525421450e+02 3.518543643129914321e-05 2.995676772363027096e+09
2.242431211078836952e+02 3.560109724683616035e-05 3.031066000878551960e+09
2.275900333632252739e+02 3.601286780151304951e-05 3.066124013832210064e+09
2.309369456185667957e+02 3.642077317447211903e-05 3.100852946454133511e+09
2.342838578739083459e+02 3.682483830159452831e-05 3.135254921777246475e+09
2.376307701292498962e+02 3.722508797627485541e-05 3.169332050703211308e+09
2.409776823845914180e+02 3.762154685019132106e-05 3.203086432068004608e+09
2.443245946399329966e+02 3.801423943407250929e-05 3.236520152707196236e+09
2.476715068952745469e+02 3.840319009845954805e-05 3.269635287520841599e+09
2.510184191506160687e+02 3.878842307446522689e-05 3.302433899538111687e+09
2.543653314059576189e+02 3.916996245452810700e-05 3.334918039981497765e+09
2.577122436612991692e+02 3.954783219316354131e-05 3.367089748330754280e+09
2.610591559166406910e+02 3.992205610771037803e-05 3.398951052386471272e+09
2.644060681719822696e+02 4.029265787907401189e-05 3.430503968333338737e+09
2.677529804273238483e+02 4.065966105246532884e-05 3.461750500803059578e+09
2.710998926826653701e+02 4.102308903813514467e-05 3.492692642936879635e+09
2.744468049380068919e+02 4.138296511210645478e-05 3.523332376447931290e+09
2.777937171933484706e+02 4.173931241690127656e-05 3.553671671683115959e+09
2.811406294486899924e+02 4.209215396226427980e-05 3.583712487684715271e+09
2.844875417040315710e+02 4.244151262588235812e-05 3.613456772251653194e+09
2.878344539593731497e+02 4.278741115410115108e-05 3.642906462000502110e+09
2.911813662147146147e+02 4.312987216263621979e-05 3.672063482426030159e+09
2.945282784700561933e+02 4.346891813728282671e-05 3.700929747961635113e+09
2.978751907253977720e+02 4.380457143461947435e-05 3.729507162039239407e+09
3.012221029807392938e+02 4.413685428270954679e-05 3.757797617149030209e+09
3.045690152360808725e+02 4.446578878179870912e-05 3.785802994898834705e+09
3.079159274914223943e+02 4.479139690500775329e-05 3.813525166073109627e+09
3.112628397467639161e+02 4.511370049902352629e-05 3.840965990691766739e+09
3.146097520021054947e+02 4.543272128478450508e-05 3.868127318068540096e+09
3.179566642574470734e+02 4.574848085816430471e-05 3.895010986869183064e+09
3.213035765127885952e+02 4.606100069065009072e-05 3.921618825169226170e+09
3.246504887681301170e+02 4.637030213001838952e-05 3.947952650511515617e+09
3.279974010234716957e+02 4.667640640100727332e-05 3.974014269963443756e+09
3.313443132788132743e+02 4.697933460598449303e-05 3.999805480173831463e+09
3.346912255341547962e+02 4.727910772561243294e-05 4.025328067429545879e+09
3.380381377894963180e+02 4.757574661950996197e-05 4.050583807711846352e+09
3.413850500448378966e+02 4.786927202690983963e-05 4.075574466752358437e+09
3.447319623001794184e+02 4.815970456731324891e-05 4.100301800088799477e+09
3.480788745555209971e+02 4.844706474114106971e-05 4.124767553120427132e+09
3.514257868108625189e+02 4.873137293038131020e-05 4.148973461163163662e+09
3.547726990662040407e+02 4.901264939923308901e-05 4.172921249504422665e+09
3.581196113215456194e+02 4.929091429474783239e-05 4.196612633457699776e+09
3.614665235768871980e+02 4.956618764746599905e-05 4.220049318416785717e+09
3.648134358322287198e+02 4.983848937205190765e-05 4.243232999909813404e+09
3.681603480875702417e+02 5.010783926792365824e-05 4.266165363652888298e+09
3.715072603429118203e+02 5.037425701988085822e-05 4.288848085603536606e+09
3.748541725982533421e+02 5.063776219872858069e-05 4.311282832013823509e+09
3.782010848535949208e+02 5.089837426189831415e-05 4.333471259483226776e+09
3.815479971089364426e+02 5.115611255406465668e-05 4.355415015011137009e+09
3.848949093642779644e+02 5.141099630776084463e-05 4.377115736049263000e+09
3.882418216196195431e+02 5.166304464398837237e-05 4.398575050553542137e+09
3.915887338749611217e+02 5.191227657282525688e-05 4.419794577035917282e+09
3.949356461303026435e+02 5.215871099403110380e-05 4.440775924615860939e+09
3.982825583856441654e+02 5.240236669764753862e-05 4.461520693071488380e+09
4.016294706409857440e+02 5.264326236459668630e-05 4.482030472890520096e+09
4.049763828963272658e+02 5.288141656727645247e-05 4.502306845320955276e+09
4.083232951516688445e+02 5.311684777015206410e-05 4.522351382421440125e+09
4.116702074070103663e+02 5.334957433034487263e-05 4.542165647111401558e+09
4.150171196623519450e+02 5.357961449821801287e-05 4.561751193220900536e+09
4.183640319176934668e+02 5.380698641795894480e-05 4.581109565540238380e+09
4.217109441730349886e+02 5.403170812815868865e-05 4.600242299869270325e+09
4.250578564283766241e+02 5.425379756238848483e-05 4.619150923066497803e+09
4.284047686837181459e+02 5.447327254977290330e-05 4.637836953097868919e+09
4.317516809390596109e+02 5.469015081556032358e-05 4.656301899085346222e+09
4.350985931944012464e+02 5.490444998169032487e-05 4.674547261355213165e+09
4.384455054497427682e+02 5.511618756735741699e-05 4.692574531486069679e+09
4.417924177050842900e+02 5.532538098957290101e-05 4.710385192356674194e+09
4.451393299604258686e+02 5.553204756372326053e-05 4.727980718193475723e+09
4.484862422157673905e+02 5.573620450412486655e-05 4.745362574617850304e+09
4.518331544711089123e+02 5.593786892457721879e-05 4.762532218693197250e+09
4.551800667264505478e+02 5.613705783891220248e-05 4.779491098971707344e+09
4.585269789817920696e+02 5.633378816154028233e-05 4.796240655540861130e+09
4.618738912371335914e+02 5.652807670799490751e-05 4.812782320069784164e+09
4.652208034924751701e+02 5.671994019547279674e-05 4.829117515855242729e+09
4.685677157478166919e+02 5.690939524337246150e-05 4.845247657867495537e+09
4.719146280031582137e+02 5.709645837382879897e-05 4.861174152795808792e+09
4.752615402584997923e+02 5.728114601224581484e-05 4.876898399093811035e+09
4.786084525138413142e+02 5.746347448782593076e-05 4.892421787024558067e+09
4.819553647691828360e+02 5.764346003409658134e-05 4.907745698705369949e+09
4.853022770245244715e+02 5.782111878943456146e-05 4.922871508152471542e+09
4.886491892798659933e+02 5.799646679758647038e-05 4.937800581325300217e+09
4.919961015352075151e+02 5.816952000818769223e-05 4.952534276170699120e+09
4.953430137905490938e+02 5.834029427727777150e-05 4.967073942666788101e+09
4.986899260458906156e+02 5.850880536781318648e-05 4.981420922866625786e+09
5.020368383012321374e+02 5.867506895017773742e-05 4.995576550941663742e+09
5.053837505565737729e+02 5.883910060268989894e-05 5.009542153224939346e+09
5.087306628119152379e+02 5.900091581210770587e-05 5.023319048254064560e+09
5.120775750672568165e+02 5.916052997413073886e-05 5.036908546813964844e+09
5.154244873225983383e+02 5.931795839389972474e-05 5.050311951979411125e+09
5.187713995779398601e+02 5.947321628649331797e-05 5.063530559157320976e+09
5.221183118332813820e+02 5.962631877742190049e-05 5.076565656128796577e+09
5.254652240886230175e+02 5.977728090311986374e-05 5.089418523091039658e+09
5.288121363439645393e+02 5.992611761143396042e-05 5.102090432698927879e+09
5.321590485993060611e+02 6.007284376210970467e-05 5.114582650106427193e+09
5.355059608546476966e+02 6.021747412727565811e-05 5.126896433007827759e+09
5.388528731099892184e+02 6.036002339192394822e-05 5.139033031678647041e+09
5.421997853653307402e+02 6.050050615438951280e-05 5.150993689016440392e+09
5.455466976206722620e+02 6.063893692682576658e-05 5.162779640581295013e+09
5.488936098760137838e+02 6.077533013567850599e-05 5.174392114636178970e+09
5.522405221313553056e+02 6.090970012215691370e-05 5.185832332187041283e+09
5.555874343866969411e+02 6.104206114270212366e-05 5.197101507022707939e+09
5.589343466420384630e+02 6.117242736945340095e-05 5.208200845754570961e+09
5.622812588973799848e+02 6.130081289071150270e-05 5.219131547856037140e+09
5.656281711527216203e+02 6.142723171140027712e-05 5.229894805701831818e+09
5.689750834080631421e+02 6.155169775352490160e-05 5.240491804607009888e+09
5.723219956634046639e+02 6.167422485662876546e-05 5.250923722865857124e+09
5.756689079187462994e+02 6.179482677824669362e-05 5.261191731790474892e+09
5.790158201740877075e+02 6.191351719435673356e-05 5.271296995749249458e+09
5.823627324294292293e+02 6.203030969982934037e-05 5.281240672205089569e+09
5.857096446847708648e+02 6.214521780887374272e-05 5.291023911753435135e+09
5.890565569401123867e+02 6.225825495548262842e-05 5.300647858160114288e+09
5.924034691954539085e+02 6.236943449387341467e-05 5.310113648398914337e+09
5.957503814507955440e+02 6.247876969892878656e-05 5.319422412689089775e+09
5.990972937061370658e+02 6.258627376663303417e-05 5.328575274532510757e+09
6.024442059614785876e+02 6.269195981450784768e-05 5.337573350750766754e+09
6.057911182168202231e+02 6.279584088204407375e-05 5.346417751521925926e+09
6.091380304721617449e+02 6.289792993113265882e-05 5.355109580417225838e+09
6.124849427275031530e+02 6.299823984649277338e-05 5.363649934437523842e+09
6.158318549828447885e+02 6.309678343609684639e-05 5.372039904049485207e+09
6.191787672381863104e+02 6.319357343159486776e-05 5.380280573221706390e+09
6.225256794935278322e+02 6.328862248873532988e-05 5.388373019460554123e+09
6.258725917488694677e+02 6.338194318778400064e-05 5.396318313845821381e+09
6.292195040042109895e+02 6.347354803394112451e-05 5.404117521066246033e+09
6.325664162595525113e+02 6.356344945775585877e-05 5.411771699454796791e+09
6.359133285148941468e+02 6.365165981553840588e-05 5.419281901023760796e+09
6.392602407702356686e+02 6.373819138977051949e-05 5.426649171499693871e+09
6.426071530255771904e+02 6.382305638951324585e-05 5.433874550358139038e+09
6.459540652809187122e+02 6.390626695081293033e-05 5.440959070858189583e+09
6.493009775362602340e+02 6.398783513710483884e-05 5.447903760076853752e+09
6.526478897916018695e+02 6.406777293961439393e-05 5.454709638943219185e+09
6.559948020469433914e+02 6.414609227775708278e-05 5.461377722272497177e+09
6.593417143022849132e+02 6.422280499953524806e-05 5.467909018799805641e+09
6.626886265576265487e+02 6.429792288193330674e-05 5.474304531213822365e+09
6.660355388129680705e+02 6.437145763131101733e-05 5.480565256190261841e+09
6.693824510683095923e+02 6.444342088379436187e-05 5.486692184425157547e+09
6.727293633236511141e+02 6.451382420566409686e-05 5.492686300667943001e+09
6.760762755789926359e+02 6.458267909374278636e-05 5.498548583754405022e+09
6.794231878343341577e+02 6.464999697577969375e-05 5.504280006639450073e+09
6.827701000896757932e+02 6.471578921083317982e-05 5.509881536429662704e+09
6.861170123450173151e+02 6.478006708965133907e-05 5.515354134415716171e+09
6.894639246003588369e+02 6.484284183505100970e-05 5.520698756104635239e+09
6.928108368557004724e+02 6.490412460229353091e-05 5.525916351251791954e+09
6.961577491110419942e+02 6.496392647946056811e-05 5.531007863892904282e+09
6.995046613663835160e+02 6.502225848782566895e-05 5.535974232375665665e+09
7.028515736217250378e+02 6.507913158222522314e-05 5.540816389391333580e+09
7.061984858770665596e+02 6.513455665142707757e-05 5.545535262006110191e+09
7.095453981324080814e+02 6.518854451849748460e-05 5.550131771692383766e+09
7.128923103877497169e+02 6.524110594116524489e-05 5.554606834359734535e+09
7.162392226430912388e+02 6.529225161218507774e-05 5.558961360385870934e+09
7.195861348984327606e+02 6.534199215969800992e-05 5.563196254647309303e+09
7.229330471537743961e+02 6.539033814759043629e-05 5.567312416549949646e+09
7.262799594091159179e+02 6.543730007585132381e-05 5.571310740059484482e+09
7.296268716644574397e+02 6.548288838092690823e-05 5.575192113731599808e+09
7.329737839197989615e+02 6.552711343607423890e-05 5.578957420742073059e+09
7.363206961751404833e+02 6.556998555171236536e-05 5.582607538916675568e+09
7.396676084304820051e+02 6.561151497577145052e-05 5.586143340760893822e+09
7.430145206858236406e+02 6.565171189404120605e-05 5.589565693489597321e+09
7.463614329411651624e+02 6.569058643051565516e-05 5.592875459056389809e+09
7.497083451965066843e+02 6.572814864773754298e-05 5.596073494182933807e+09
7.530552574518483198e+02 6.576440854714023969e-05 5.599160650388057709e+09
7.564021697071898416e+02 6.579937606938805804e-05 5.602137774016732216e+09
7.597490819625313634e+02 6.583306109471436180e-05 5.605005706268858910e+09
7.630959942178728852e+02 6.586547344325850868e-05 5.607765283227952003e+09
7.664429064732144070e+02 6.589662287540027253e-05 5.610417335889614105e+09
7.697898187285559288e+02 6.592651909209333030e-05 5.612962690189930916e+09
7.731367309838975643e+02 6.595517173519618772e-05 5.615402167033642769e+09
7.764836432392390861e+02 6.598259038780135660e-05 5.617736582322171211e+09
7.798305554945806080e+02 6.600878457456355638e-05 5.619966746981566429e+09
7.831774677499222435e+02 6.603376376202532716e-05 5.622093466990221977e+09
7.865243800052637653e+02 6.605753735894151783e-05 5.624117543406508446e+09
7.898712922606052871e+02 6.608011471660151100e-05 5.626039772396205902e+09
7.932182045159469226e+02 6.610150512914986221e-05 5.627860945259799004e+09
7.965651167712883307e+02 6.612171783390576008e-05 5.629581848459680557e+09
7.999120290266298525e+02 6.614076201167991156e-05 5.631203263647130966e+09
8.032589412819714880e+02 6.615864678709036998e-05 5.632725967689204216e+09
8.066058535373130098e+02 6.617538122887643866e-05 5.634150732695455551e+09
8.099527657926545317e+02 6.619097435021102963e-05 5.635478326044535637e+09
8.132996780479960535e+02 6.620543510901088092e-05 5.636709510410602570e+09
8.166465903033376890e+02 6.621877240824623181e-05 5.637845043789687157e+09
8.199935025586793245e+02 6.623099509624717773e-05 5.638885679525774956e+09
8.233404148140207326e+02 6.624211196700988959e-05 5.639832166336880684e+09
8.266873270693623681e+02 6.625213176050047501e-05 5.640685248340914726e+09
8.300342393247038899e+02 6.626106316295711832e-05 5.641445665081409454e+09
8.333811515800452980e+02 6.626891480719151594e-05 5.642114151553185463e+09
8.367280638353869335e+02 6.627569527288696414e-05 5.642691438227725029e+09
8.400749760907285690e+02 6.628141308689681284e-05 5.643178251078588486e+09
8.434218883460699772e+02 6.628607672353978872e-05 5.643575311606554031e+09
8.467688006014116127e+02 6.628969460489476267e-05 5.643883336864715576e+09
8.501157128567532482e+02 6.629227510109345729e-05 5.644103039483402252e+09
8.534626251120946563e+02 6.629382653061120280e-05 5.644235127694936752e+09
8.568095373674362918e+02 6.629435716055734058e-05 5.644280305358356476e+09
8.601564496227778136e+02 6.629387520696263165e-05 5.644239271983884811e+09
8.635033618781192217e+02 6.629238883506642112e-05 5.644112722757381439e+09
8.668502741334608572e+02 6.628990615960095670e-05 5.643901348564546585e+09
8.701971863888024927e+02 6.628643524507546317e-05 5.643605836015109062e+09
8.735440986441439009e+02 6.628198410605787240e-05 5.643226867466812134e+09
8.768910108994855364e+02 6.627656070745527924e-05 5.642765121049291611e+09
8.802379231548271719e+02 6.627017296479298814e-05 5.642221270687832832e+09
8.835848354101685800e+02 6.626282874449181137e-05 5.641595986126979828e+09
8.869317476655102155e+02 6.625453586414416110e-05 5.640889932954044342e+09
8.902786599208517373e+02 6.624530209278831191e-05 5.640103772622452736e+09
8.936255721761932591e+02 6.623513515118205342e-05 5.639238162475047112e+09
8.969724844315347809e+02 6.622404271207334777e-05 5.638293755767127037e+09
9.003193966868764164e+02 6.621203240047100075e-05 5.637271201689497948e+09
9.036663089422178246e+02 6.619911179391309666e-05 5.636171145391321182e+09
9.070132211975594601e+02 6.618528842273447101e-05 5.634994228002888680e+09
9.103601334529010956e+02 6.617056977033191993e-05 5.633741086658205032e+09
9.137070457082425037e+02 6.615496327342915205e-05 5.632412354517539978e+09
9.170539579635841392e+02 6.613847632233926029e-05 5.631008660789781570e+09
9.204008702189256610e+02 6.612111626122648897e-05 5.629530630754716873e+09
9.237477824742671828e+02 6.610289038836622544e-05 5.627978885785170555e+09
9.270946947296087046e+02 6.608380595640352812e-05 5.626354043369018555e+09
9.304416069849503401e+02 6.606387017261093619e-05 5.624656717131133080e+09
9.337885192402917482e+02 6.604309019914371794e-05 5.622887516855114937e+09
9.371354314956333837e+02 6.602147315329510546e-05 5.621047048505027771e+09
9.404823437509750192e+02 6.599902610774906284e-05 5.619135914246916771e+09
9.438292560063164274e+02 6.597575609083199729e-05 5.617154712470236778e+09
9.471761682616580629e+02 6.595167008676379255e-05 5.615104037809228897e+09
9.505230805169995847e+02 6.592677503590625384e-05 5.612984481164072037e+09
9.538699927723411065e+02 6.590107783501140373e-05 5.610796629722019196e+09
9.572169050276826283e+02 6.587458533746759601e-05 5.608541066978359222e+09
9.605638172830242638e+02 6.584730435354496550e-05 5.606218372757305145e+09
9.639107295383656719e+02 6.581924165063879079e-05 5.603829123232721329e+09
9.672576417937073074e+02 6.579040395351245043e-05 5.601373890948804855e+09
9.706045540490489429e+02 6.576079794453833260e-05 5.598853244840598106e+09
9.739514663043903511e+02 6.573043026393774195e-05 5.596267750254411697e+09
9.772983785597319866e+02 6.569930751001957321e-05 5.593617968968149185e+09
9.806452908150735084e+02 6.566743623941760232e-05 5.590904459211507797e+09
9.839922030704150302e+02 6.563482296732651728e-05 5.588127775686072350e+09
9.873391153257565520e+02 6.560147416773655306e-05 5.585288469585296631e+09
9.906860275810981875e+02 6.556739627366725911e-05 5.582387088614401817e+09
9.940329398364395956e+02 6.553259567739957287e-05 5.579424177010134697e+09
9.973798520917812311e+02 6.549707873070665992e-05 5.576400275560426712e+09
1.000726764347122867e+03 6.546085174508402239e-05 5.573315921623979568e+09
1.004073676602464275e+03 6.542392099197772348e-05 5.570171649149701118e+09
1.007420588857805910e+03 6.538629270301160915e-05 5.566967988696045876e+09
1.010767501113147546e+03 6.534797307021364887e-05 5.563705467450289726e+09
1.014114413368488954e+03 6.530896824624060940e-05 5.560384609247655869e+09
1.017461325623830476e+03 6.526928434460146824e-05 5.557005934590336800e+09
1.020808237879172111e+03 6.522892743988020357e-05 5.553569960666466713e+09
1.024155150134513633e+03 6.518790356795679537e-05 5.550077201368927956e+09
1.027502062389855155e+03 6.514621872622714221e-05 5.546528167314086914e+09
1.030848974645196677e+03 6.510387887382205661e-05 5.542923365860426903e+09
1.034195886900538198e+03 6.506088993182504053e-05 5.539263301127099991e+09
1.037542799155879720e+03 6.501725778348827205e-05 5.535548474012308121e+09
1.040889711411221469e+03 6.497298827444846999e-05 5.531779382211688042e+09
1.044236623666562764e+03 6.492808721294072570e-05 5.527956520236512184e+09
1.047583535921904513e+03 6.488256037001148102e-05 5.524080379431822777e+09
1.050930448177246035e+03 6.483641347973054399e-05 5.520151447994484901e+09
1.054277360432587557e+03 6.478965223940164097e-05 5.516170210991109848e+09
1.057624272687929079e+03 6.474228230977191153e-05 5.512137150375894547e+09
1.060971184943270600e+03 6.469430931524057678e-05 5.508052745008383751e+09
1.064318097198612122e+03 6.464573884406588642e-05 5.503917470671092033e+09
1.067665009453953644e+03 6.459657644857171347e-05 5.499731800087094307e+09
1.071011921709295393e+03 6.454682764535219744e-05 5.495496202937444687e+09
1.074358833964636688e+03 6.449649791547598090e-05 5.491211145878571510e+09
1.077705746219978437e+03 6.444559270468886044e-05 5.486877092559523582e+09
1.081052658475319959e+03 6.439411742361574639e-05 5.482494503639170647e+09
1.084399570730661480e+03 6.434207744796122672e-05 5.478063836803277969e+09
1.087746482986003002e+03 6.428947811870891114e-05 5.473585546781476021e+09
1.091093395241344524e+03 6.423632474232044993e-05 5.469060085364207268e+09
1.094440307496686046e+03 6.418262259093247932e-05 5.464487901419495583e+09
1.097787219752027568e+03 6.412837690255306534e-05 5.459869440909667015e+09
1.101134132007369317e+03 6.407359288125726677e-05 5.455205146908001900e+09
1.104481044262710611e+03 6.401827569738104476e-05 5.450495459615246773e+09
1.107827956518052360e+03 6.396243048771457600e-05 5.445740816376069069e+09
1.111174868773393882e+03 6.390606235569435984e-05 5.440941651695416451e+09
1.114521781028735404e+03 6.384917637159451221e-05 5.436098397254799843e+09
1.117868693284076926e+03 6.379177757271636546e-05 5.431211481928439140e+09
1.121215605539418675e+03 6.373387096357793270e-05 5.426281331799393654e+09
1.124562517794759970e+03 6.367546151610181356e-05 5.421308370175557137e+09
1.127909430050101491e+03 6.361655416980197518e-05 5.416293017605566025e+09
1.131256342305443241e+03 6.355715383196988255e-05 5.411235691894641876e+09
1.134603254560784535e+03 6.349726537785959897e-05 5.406136808120350838e+09
1.137950166816126284e+03 6.343689365087154476e-05 5.400996778648250580e+09
1.141297079071467806e+03 6.337604346273538860e-05 5.395816013147463799e+09
1.144643991326809328e+03 6.331471959369224770e-05 5.390594918606184959e+09
1.147990903582150850e+03 6.325292679267555986e-05 5.385333899347084045e+09
1.151337815837492599e+03 6.319066977749111520e-05 5.380033357042633057e+09
1.154684728092833893e+03 6.312795323499596311e-05 5.374693690730336189e+09
1.158031640348175415e+03 6.306478182127673638e-05 5.369315296827918053e+09
1.161378552603517164e+03 6.300116016182634904e-05 5.363898569148361206e+09
1.164725464858858459e+03 6.293709285172049094e-05 5.358443898914935112e+09
1.168072377114200208e+03 6.287258445579260442e-05 5.352951674776096344e+09
1.171419289369541730e+03 6.280763950880816982e-05 5.347422282820322990e+09
1.174766201624883251e+03 6.274226251563783899e-05 5.341856106590856552e+09
1.178113113880224773e+03 6.267645795143001321e-05 5.336253527100397110e+09
1.181460026135566522e+03 6.261023026178199800e-05 5.330614922845673561e+09
1.184806938390907817e+03 6.254358386291065659e-05 5.324940669821972847e+09
1.188153850646249566e+03 6.247652314182180295e-05 5.319231141537563324e+09
1.191500762901591088e+03 6.240905245647889008e-05 5.313486709028055191e+09
1.194847675156932382e+03 6.234117613597062765e-05 5.307707740870673180e+09
1.198194587412274132e+03 6.227289848067793564e-05 5.301894603198469162e+09
1.201541499667615653e+03 6.220422376243969168e-05 5.296047659714435577e+09
1.204888411922957175e+03 6.213515622471759759e-05 5.290167271705539703e+09
1.208235324178298697e+03 6.206570008276067994e-05 5.284253798056731224e+09
1.211582236433640446e+03 6.199585952376782550e-05 5.278307595264781952e+09
1.214929148688981741e+03 6.192563870705079104e-05 5.272329017452160835e+09
1.218276060944323490e+03 6.185504176419508540e-05 5.266318416380730629e+09
1.221622973199665012e+03 6.178407279922067531e-05 5.260276141465437889e+09
1.224969885455006306e+03 6.171273588874174264e-05 5.254202539787904739e+09
1.228316797710348055e+03 6.164103508212537090e-05 5.248097956109946251e+09
1.231663709965689577e+03 6.156897440164955417e-05 5.241962732887020111e+09
1.235010622221031099e+03 6.149655784266008112e-05 5.235797210281586647e+09
1.238357534476372621e+03 6.142378937372701257e-05 5.229601726176426888e+09
1.241704446731714370e+03 6.135067293679989848e-05 5.223376616187862396e+09
1.245051358987055664e+03 6.127721244736223619e-05 5.217122213678900719e+09
1.248398271242397414e+03 6.120341179458514246e-05 5.210838849772323608e+09
1.251745183497738935e+03 6.112927484148037512e-05 5.204526853363714218e+09
1.255092095753080457e+03 6.105480542505221616e-05 5.198186551134386063e+09
1.258439008008421979e+03 6.098000735644853505e-05 5.191818267564245224e+09
1.261785920263763501e+03 6.090488442111131661e-05 5.185422324944609642e+09
1.265132832519105023e+03 6.082944037892607089e-05 5.178999043390924454e+09
1.268479744774446544e+03 6.075367896437053143e-05 5.172548740855426788e+09
1.271826657029788294e+03 6.067760388666266249e-05 5.166071733139744759e+09
1.275173569285129588e+03 6.060121882990772424e-05 5.159568333907418251e+09
1.278520481540471337e+03 6.052452745324434191e-05 5.153038854696334839e+09
1.281867393795812859e+03 6.044753339099041909e-05 5.146483604931157112e+09
1.285214306051154381e+03 6.037024025278737727e-05 5.139902891935597420e+09
1.288561218306495903e+03 6.029265162374440894e-05 5.133297020944702148e+09
1.291908130561837424e+03 6.021477106458146349e-05 5.126666295117025375e+09
1.295255042817179174e+03 6.013660211177144040e-05 5.120011015546736717e+09
1.298601955072520468e+03 6.005814827768199605e-05 5.113331481275691032e+09
1.301948867327862217e+03 5.997941305071616475e-05 5.106627989305403709e+09
1.305295779583203739e+03 5.990039989545250544e-05 5.099900834608982086e+09
1.308642691838545261e+03 5.982111225278413029e-05 5.093150310142962456e+09
1.311989604093886783e+03 5.974155354005750287e-05 5.086376706859126091e+09
1.315336516349228305e+03 5.966172715120982695e-05 5.079580313716197968e+09
1.318683428604569826e+03 5.958163645690631323e-05 5.072761417691534042e+09
1.322030340859911348e+03 5.950128480467615865e-05 5.065920303792695045e+09
1.325377253115253097e+03 5.942067551904831556e-05 5.059057255069010735e+09
1.328724165370594392e+03 5.933981190168592608e-05 5.052172552623021126e+09
1.332071077625936141e+03 5.925869723152045817e-05 5.045266475621900558e+09
1.335417989881277663e+03 5.917733476488508967e-05 5.038339301308811188e+09
1.338764902136619185e+03 5.909572773564706900e-05 5.031391305014173508e+09
1.342111814391960706e+03 5.901387935533956093e-05 5.024422760166890144e+09
1.345458726647302228e+03 5.893179281329280120e-05 5.017433938305515289e+09
1.348805638902643750e+03 5.884947127676444468e-05 5.010425109089349747e+09
1.352152551157985272e+03 5.876691789106912756e-05 5.003396540309472084e+09
1.355499463413327021e+03 5.868413577970765002e-05 4.996348497899740219e+09
1.358846375668668315e+03 5.860112804449483078e-05 4.989281245947670937e+09
1.362193287924010065e+03 5.851789776568753105e-05 4.982195046705346107e+09
1.365540200179351586e+03 5.843444800211099118e-05 4.975090160600166321e+09
1.368887112434693108e+03 5.835078179128527575e-05 4.967966846245615005e+09
1.372234024690034630e+03 5.826690214955076319e-05 4.960825360451945305e+09
1.375580936945376152e+03 5.818281207219265960e-05 4.953665958236777306e+09
1.378927849200717674e+03 5.809851453356522128e-05 4.946488892835680008e+09
1.382274761456059196e+03 5.801401248721517749e-05 4.939294415712673187e+09
1.385621673711400945e+03 5.792930886600430640e-05 4.932082776570670128e+09
1.388968585966742239e+03 5.784440658223173978e-05 4.924854223361882210e+09
1.392315498222083988e+03 5.775930852775496677e-05 4.917609002298130989e+09
1.395662410477425510e+03 5.767401757411087831e-05 4.910347357861144066e+09
1.399009322732767032e+03 5.758853657263553075e-05 4.903069532812760353e+09
1.402356234988108554e+03 5.750286835458369276e-05 4.895775768205101967e+09
1.405703147243450076e+03 5.741701573124761965e-05 4.888466303390689850e+09
1.409050059498791597e+03 5.733098149407491292e-05 4.881141376032478333e+09
1.412396971754133119e+03 5.724476841478611552e-05 4.873801222113863945e+09
1.415743884009474868e+03 5.715837924549146693e-05 4.866446075948631287e+09
1.419090796264816163e+03 5.707181671880694662e-05 4.859076170190827370e+09
1.422437708520157912e+03 5.698508354796985679e-05 4.851691735844606400e+09
1.425784620775499434e+03 5.689818242695363261e-05 4.844293002274002075e+09
1.429131533030840956e+03 5.681111603058202903e-05 4.836880197212651253e+09
1.432478445286182478e+03 5.672388701464290106e-05 4.829453546773480415e+09
1.435825357541523999e+03 5.663649801600099460e-05 4.822013275458308220e+09
1.439172269796865521e+03 5.654895165271029019e-05 4.814559606167409897e+09
1.442519182052207043e+03 5.646125052412582487e-05 4.807092760209040642e+09
1.445866094307548792e+03 5.637339721101472805e-05 4.799612957308885574e+09
1.449213006562890087e+03 5.628539427566689143e-05 4.792120415619484901e+09
1.452559918818231836e+03 5.619724426200452087e-05 4.784615351729557991e+09
1.455906831073573358e+03 5.610894969569192543e-05 4.777097980673355103e+09
1.459253743328914879e+03 5.602051308424362583e-05 4.769568515939858437e+09
1.462600655584256401e+03 5.593193691713285601e-05 4.762027169482020378e+09
1.465947567839597923e+03 5.584322366589898048e-05 4.754474151725908279e+09
1.469294480094939445e+03 5.575437578425418656e-05 4.746909671579792976e+09
1.472641392350280967e+03 5.566539570818998013e-05 4.739333936443208694e+09
1.475988304605622716e+03 5.557628585608288184e-05 4.731747152215957642e+09
1.479335216860964010e+03 5.548704862879955401e-05 4.724149523307056427e+09
1.482682129116305759e+03 5.539768640980119576e-05 4.716541252643627167e+09
1.486029041371647281e+03 5.530820156524782297e-05 4.708922541679775238e+09
1.489375953626988803e+03 5.521859644410138262e-05 4.701293590405366898e+09
1.492722865882330325e+03 5.512887337822873848e-05 4.693654597354800224e+09
1.496069778137671847e+03 5.503903468250383684e-05 4.686005759615698814e+09
1.499416690393013369e+03 5.494908265490951985e-05 4.678347272837585449e+09
1.502763602648354890e+03 5.485901957663856640e-05 4.670679331240481377e+09
1.506110514903696640e+03 5.476884771219430609e-05 4.663002127623474121e+09
1.509457427159037934e+03 5.467856930949060296e-05 4.655315853373229027e+09
1.512804339414379683e+03 5.458818659995135142e-05 4.647620698472461700e+09
1.516151251669721205e+03 5.449770179860933514e-05 4.639916851508351326e+09
1.519498163925062727e+03 5.440711710420474033e-05 4.632204499680932999e+09
1.522845076180404249e+03 5.431643469928276112e-05 4.624483828811404228e+09
1.526191988435745770e+03 5.422565675029099471e-05 4.616755023350418091e+09
1.529538900691087292e+03 5.413478540767619970e-05 4.609018266386322975e+09
1.532885812946428814e+03 5.404382280598055968e-05 4.601273739653354645e+09
1.536232725201770563e+03 5.395277106393713364e-05 4.593521623539767265e+09
1.539579637457111858e+03 5.386163228456519806e-05 4.585762097095947266e+09
1.542926549712453607e+03 5.377040855526474185e-05 4.577995338042459488e+09
1.546273461967795129e+03 5.367910194791070388e-05 4.570221522778072357e+09
1.549620374223136650e+03 5.358771451894637019e-05 4.562440826387706757e+09
1.552967286478478172e+03 5.349624830947651379e-05 4.554653422650369644e+09
1.556314198733819694e+03 5.340470534535987027e-05 4.546859484047023773e+09
1.559661110989161216e+03 5.331308763730120015e-05 4.539059181768425941e+09
1.563008023244502738e+03 5.322139718094287683e-05 4.531252685722929955e+09
1.566354935499844487e+03 5.312963595695564112e-05 4.523440164544206619e+09
1.569701847755185781e+03 5.303780593112945738e-05 4.515621785598981857e+09
1.573048760010527531e+03 5.294590905446304148e-05 4.507797714994662285e+09
1.576395672265869052e+03 5.285394726325375476e-05 4.499968117586983681e+09
1.579742584521210574e+03 5.276192247918640692e-05 4.492133156987572670e+09
1.583089496776552096e+03 5.266983660942184891e-05 4.484292995571495056e+09
1.586436409031893845e+03 5.257769154668486786e-05 4.476447794484730721e+09
1.589783321287235140e+03 5.248548916935172283e-05 4.468597713651632309e+09
1.593130233542576661e+03 5.239323134153726723e-05 4.460742911782340050e+09
1.596477145797918411e+03 5.230091991318144108e-05 4.452883546380146980e+09
1.599824058053259705e+03 5.220855672013530917e-05 4.445019773748825073e+09
1.603170970308601454e+03 5.211614358424664534e-05 4.437151748999908447e+09
1.606517882563942976e+03 5.202368231344508295e-05 4.429279626059946060e+09
1.609864794819284498e+03 5.193117470182672334e-05 4.421403557677704811e+09
1.613211707074626020e+03 5.183862252973839865e-05 4.413523695431344032e+09
1.616558619329967769e+03 5.174602756386110797e-05 4.405640189735515594e+09
1.619905531585309063e+03 5.165339155729354833e-05 4.397753189848481178e+09
1.623252443840650812e+03 5.156071624963460892e-05 4.389862843879132271e+09
1.626599356095992107e+03 5.146800336706589923e-05 4.381969298794017792e+09
1.629946268351333629e+03 5.137525462243347756e-05 4.374072700424301147e+09
1.633293180606675378e+03 5.128247171532922038e-05 4.366173193472688675e+09
1.636640092862016900e+03 5.118965633217186645e-05 4.358270921520333290e+09
1.639987005117358649e+03 5.109681014628730876e-05 4.350366027033662796e+09
1.643333917372699716e+03 5.100393481798880517e-05 4.342458651371215820e+09
1.646680829628041465e+03 5.091103199465650466e-05 4.334548934790410995e+09
1.650027741883382987e+03 5.081810331081655337e-05 4.326637016454278946e+09
1.653374654138724736e+03 5.072515038821979419e-05 4.318723034438165665e+09
1.656721566394066258e+03 5.063217483592008679e-05 4.310807125736402512e+09
1.660068478649407780e+03 5.053917825035213977e-05 4.302889426268927574e+09
1.663415390904749074e+03 5.044616221540873296e-05 4.294970070887864113e+09
1.666762303160090596e+03 5.035312830251784490e-05 4.287049193384087086e+09
1.670109215415432345e+03 5.026007807071907548e-05 4.279126926493726254e+09
1.673456127670773867e+03 5.016701306673983826e-05 4.271203401904658794e+09
1.676803039926115616e+03 5.007393482507101071e-05 4.263278750262945175e+09
1.680149952181457138e+03 4.998084486804201519e-05 4.255353101179224491e+09
1.683496864436798433e+03 4.988774470589579151e-05 4.247426583235096455e+09
1.686843776692139954e+03 4.979463583686328843e-05 4.239499323989463329e+09
1.690190688947481704e+03 4.970151974723721649e-05 4.231571449984809399e+09
1.693537601202823225e+03 4.960839791144584153e-05 4.223643086753484726e+09
1.696884513458164747e+03 4.951527179212598538e-05 4.215714358823918819e+09
1.700231425713506496e+03 4.942214284019588424e-05 4.207785389726825237e+09
1.703578337968847563e+03 4.932901249492748462e-05 4.199856302001356125e+09
1.706925250224189313e+03 4.923588218401838020e-05 4.191927217201226234e+09
1.710272162479530834e+03 4.914275332366333524e-05 4.183998255900803566e+09
1.713619074734872584e+03 4.904962731862548959e-05 4.176069537701171398e+09
1.716965986990214105e+03 4.895650556230698091e-05 4.168141181236141205e+09
1.720312899245555627e+03 4.886338943681943812e-05 4.160213304178253174e+09
1.723659811500897376e+03 4.877028031305370915e-05 4.152286023244714737e+09
1.727006723756238443e+03 4.867717955074956162e-05 4.144359454203333378e+09
1.730353636011580193e+03 4.858408849856486170e-05 4.136433711878407478e+09
1.733700548266921714e+03 4.849100849414424472e-05 4.128508910156571865e+09
1.737047460522263464e+03 4.839794086418750809e-05 4.120585161992622375e+09
1.740394372777604985e+03 4.830488692451773977e-05 4.112662579415314198e+09
1.743741285032946507e+03 4.821184798014872179e-05 4.104741273533102036e+09
1.747088197288287802e+03 4.811882532535238799e-05 4.096821354539884090e+09
1.750435109543629551e+03 4.802582024372550917e-05 4.088902931720676422e+09
1.753782021798971073e+03 4.793283400825621571e-05 4.080986113457281590e+09
1.757128934054312595e+03 4.783986788139023554e-05 4.073071007233922482e+09
1.760475846309654344e+03 4.774692311509646126e-05 4.065157719642830372e+09
1.763822758564995866e+03 4.765400095093236141e-05 4.057246356389808655e+09
1.767169670820337160e+03 4.756110262010902583e-05 4.049337022299776077e+09
1.770516583075678682e+03 4.746822934355571634e-05 4.041429821322257042e+09
1.773863495331020431e+03 4.737538233198421416e-05 4.033524856536864758e+09
1.777210407586361953e+03 4.728256278595266584e-05 4.025622230158735275e+09
1.780557319841703475e+03 4.718977189592921915e-05 4.017722043543944359e+09
1.783904232097045224e+03 4.709701084235504235e-05 4.009824397194874287e+09
1.787251144352386518e+03 4.700428079570730957e-05 4.001929390765576363e+09
1.790598056607728040e+03 4.691158291656151528e-05 3.994037123067076206e+09
1.793944968863069562e+03 4.681891835565384985e-05 3.986147692072684288e+09
1.797291881118411311e+03 4.672628825394263991e-05 3.978261194923225403e+09
1.800638793373752833e+03 4.663369374267004622e-05 3.970377727932295322e+09
1.803985705629094355e+03 4.654113594342302294e-05 3.962497386591447353e+09
1.807332617884435649e+03 4.644861596819399233e-05 3.954620265575359344e+09
1.810679530139777398e+03 4.635613491944137027e-05 3.946746458746987820e+09
1.814026442395118920e+03 4.626369389014942785e-05 3.938876059162662506e+09
1.817373354650460442e+03 4.617129396388821379e-05 3.931009159077189922e+09
1.820720266905802191e+03 4.607893621487267740e-05 3.923145849948886395e+09
1.824067179161143713e+03 4.598662170802200830e-05 3.915286222444630146e+09
1.827414091416485007e+03 4.589435149901793939e-05 3.907430366444825649e+09
1.830761003671826529e+03 4.580212663436346993e-05 3.899578371048401833e+09
1.834107915927168278e+03 4.570994815144065356e-05 3.891730324577734470e+09
1.837454828182509800e+03 4.561781707856852176e-05 3.883886314583576202e+09
1.840801740437851322e+03 4.552573443506020780e-05 3.876046427849920273e+09
1.844148652693193071e+03 4.543370123128024675e-05 3.868210750398878574e+09
1.847495564948534366e+03 4.534171846870105571e-05 3.860379367495492458e+09
1.850842477203875887e+03 4.524978713995950880e-05 3.852552363652545929e+09
1.854189389459217409e+03 4.515790822891312594e-05 3.844729822635353565e+09
1.857536301714559158e+03 4.506608271069553658e-05 3.836911827466479301e+09
1.860883213969900680e+03 4.497431155177217379e-05 3.829098460430480003e+09
1.864230126225242202e+03 4.488259570999525688e-05 3.821289803078587055e+09
1.867577038480583496e+03 4.479093613465886208e-05 3.813485936233393192e+09
1.870923950735925246e+03 4.469933376655302424e-05 3.805686939993460178e+09
1.874270862991266767e+03 4.460778953801831286e-05 3.797892893737964630e+09
1.877617775246608289e+03 4.451630437299967626e-05 3.790103876131284237e+09
1.880964687501950038e+03 4.442487918709974370e-05 3.782319965127532482e+09
1.884311599757291560e+03 4.433351488763247303e-05 3.774541237975128651e+09
1.887658512012632855e+03 4.424221237367587681e-05 3.766767771221286774e+09
1.891005424267974377e+03 4.415097253612484328e-05 3.758999640716511250e+09
1.894352336523316126e+03 4.405979625774341524e-05 3.751236921619050503e+09
1.897699248778657648e+03 4.396868441321692662e-05 3.743479688399332047e+09
1.901046161033999169e+03 4.387763786920376635e-05 3.735728014844374180e+09
1.904393073289340919e+03 4.378665748438693897e-05 3.727981974062172413e+09
1.907739985544682213e+03 4.369574410952506275e-05 3.720241638486042023e+09
1.911086897800023735e+03 4.360489858750354409e-05 3.712507079878976822e+09
1.914433810055365257e+03 4.351412175338493864e-05 3.704778369337934494e+09
1.917780722310707006e+03 4.342341443445944132e-05 3.697055577298136711e+09
1.921127634566048528e+03 4.333277745029484086e-05 3.689338773537322998e+09
1.924474546821390049e+03 4.324221161278631184e-05 3.681628027179987431e+09
1.927821459076731344e+03 4.315171772620585427e-05 3.673923406701590061e+09
1.931168371332073093e+03 4.306129658725146218e-05 3.666224979932743073e+09
1.934515283587414615e+03 4.297094898509606182e-05 3.658532814063375473e+09
1.937862195842756137e+03 4.288067570143616516e-05 3.650846975646878719e+09
1.941209108098097886e+03 4.279047751054010341e-05 3.643167530604209423e+09
1.944556020353439408e+03 4.270035517929623330e-05 3.635494544227996349e+09
1.947902932608780702e+03 4.261030946726058783e-05 3.627828081186596394e+09
1.951249844864122224e+03 4.252034112670452688e-05 3.620168205528152466e+09
1.954596757119463973e+03 4.243045090266190684e-05 3.612514980684607506e+09
1.957943669374805495e+03 4.234063953297607398e-05 3.604868469475708008e+09
1.961290581630147017e+03 4.225090774834660710e-05 3.597228734112981319e+09
1.964637493885488766e+03 4.216125627237568752e-05 3.589595836203684807e+09
1.967984406140830060e+03 4.207168582161434031e-05 3.581969836754743099e+09
1.971331318396171582e+03 4.198219710560831632e-05 3.574350796176654339e+09
1.974678230651513104e+03 4.189279082694370330e-05 3.566738774287372112e+09
1.978025142906854853e+03 4.180346768129242842e-05 3.559133830316181183e+09
1.981372055162196375e+03 4.171422835745721206e-05 3.551536022907524586e+09
1.984718967417538124e+03 4.162507353741660960e-05 3.543945410124837875e+09
1.988065879672879191e+03 4.153600389636948406e-05 3.536362049454335213e+09
1.991412791928220940e+03 4.144702010277938385e-05 3.528785997808788776e+09
1.994759704183562462e+03 4.135812281841864946e-05 3.521217311531283379e+09
1.998106616438903984e+03 4.126931269841233041e-05 3.513656046398956299e+09
2.001453528694245733e+03 4.118059039128172278e-05 3.506102257626701832e+09
2.004800440949587255e+03 4.109195653898756786e-05 3.498555999870851994e+09
2.008147353204928550e+03 4.100341177697340670e-05 3.491017327232865810e+09
2.011494265460270071e+03 4.091495673420822990e-05 3.483486293262961388e+09
2.014841177715611821e+03 4.082659203322912066e-05 3.475962950963747025e+09
2.018188089970953342e+03 4.073831829018364706e-05 3.468447352793828011e+09
2.021535002226295092e+03 4.065013611487189522e-05 3.460939550671388626e+09
2.024881914481636613e+03 4.056204611078844150e-05 3.453439595977763653e+09
2.028228826736977908e+03 4.047404887516383679e-05 3.445947539560970306e+09
2.031575738992319430e+03 4.038614499900607720e-05 3.438463431739240170e+09
2.034922651247660951e+03 4.029833506714175636e-05 3.430987322304521561e+09
2.038269563503002701e+03 4.021061965825690592e-05 3.423519260525958061e+09
2.041616475758344222e+03 4.012299934493774125e-05 3.416059295153355598e+09
2.044963388013685972e+03 4.003547469371104118e-05 3.408607474420622826e+09
2.048310300269027266e+03 3.994804626508436513e-05 3.401163846049193859e+09
2.051657212524368788e+03 3.986071461358601273e-05 3.393728457251430035e+09
2.055004124779710310e+03 3.977348028780478017e-05 3.386301354734005451e+09
2.058351037035051831e+03 3.968634383042948615e-05 3.378882584701272011e+09
2.061697949290393353e+03 3.959930577828815897e-05 3.371472192858595848e+09
2.065044861545735330e+03 3.951236666238727116e-05 3.364070224415698051e+09
2.068391773801076397e+03 3.942552700795033704e-05 3.356676724089939594e+09
2.071738686056417919e+03 3.933878733445665259e-05 3.349291736109621525e+09
2.075085598311759441e+03 3.925214815567968306e-05 3.341915304217252254e+09
2.078432510567101417e+03 3.916560997972513196e-05 3.334547471672787666e+09
2.081779422822442939e+03 3.907917330906899656e-05 3.327188281256873608e+09
2.085126335077784461e+03 3.899283864059516940e-05 3.319837775274044514e+09
2.088473247333125528e+03 3.890660646563297200e-05 3.312495995555922031e+09
2.091820159588467504e+03 3.882047726999441077e-05 3.305162983464384556e+09
2.095167071843809026e+03 3.873445153401128380e-05 3.297838779894726753e+09
2.098513984099150548e+03 3.864852973257207764e-05 3.290523425278802395e+09
2.101860896354492070e+03 3.856271233515841683e-05 3.283216959588126183e+09
2.105207808609833592e+03 3.847699980588159470e-05 3.275919422336985111e+09
2.108554720865175113e+03 3.839139260351892807e-05 3.268630852585532665e+09
2.111901633120516635e+03 3.830589118154941391e-05 3.261351288942825317e+09
2.115248545375858157e+03 3.822049598818986040e-05 3.254080769569897652e+09
2.118595457631199679e+03 3.813520746643020480e-05 3.246819332182771683e+09
2.121942369886541201e+03 3.805002605406903465e-05 3.239567014055478573e+09
2.125289282141883177e+03 3.796495218374877010e-05 3.232323852023055077e+09
2.128636194397224244e+03 3.787998628299047360e-05 3.225089882484507084e+09
2.131983106652565766e+03 3.779512877422873407e-05 3.217865141405780315e+09
2.135330018907907288e+03 3.771038007484623945e-05 3.210649664322702885e+09
2.138676931163249265e+03 3.762574059720801711e-05 3.203443486343901157e+09
2.142023843418590786e+03 3.754121074869563369e-05 3.196246642153710365e+09
2.145370755673932308e+03 3.745679093174125935e-05 3.189059166015077114e+09
2.148717667929273375e+03 3.737248154386124416e-05 3.181881091772416115e+09
2.152064580184615352e+03 3.728828297768976906e-05 3.174712452854474545e+09
2.155411492439956874e+03 3.720419562101219177e-05 3.167553282277174473e+09
2.158758404695298395e+03 3.712021985679827771e-05 3.160403612646438599e+09
2.162105316950639917e+03 3.703635606323503764e-05 3.153263476160986900e+09
2.165452229205981439e+03 3.695260461375961974e-05 3.146132904615139484e+09
2.168799141461322961e+03 3.686896587709188986e-05 3.139011929401587009e+09
2.172146053716664483e+03 3.678544021726670005e-05 3.131900581514140129e+09
2.175492965972006004e+03 3.670202799366627916e-05 3.124798891550486565e+09
2.178839878227347526e+03 3.661872956105216256e-05 3.117706889714909554e+09
2.182186790482689048e+03 3.653554526959702022e-05 3.110624605820997715e+09
2.185533702738031025e+03 3.645247546491626128e-05 3.103552069294336319e+09
2.188880614993372092e+03 3.636952048809966557e-05 3.096489309175199986e+09
2.192227527248713614e+03 3.628668067574234444e-05 3.089436354121188164e+09
2.195574439504055135e+03 3.620395635997616896e-05 3.082393232409902096e+09
2.198921351759397112e+03 3.612134786850048685e-05 3.075359971941559315e+09
2.202268264014738634e+03 3.603885552461286629e-05 3.068336600241610527e+09
2.205615176270080156e+03 3.595647964723967045e-05 3.061323144463344574e+09
2.208962088525421223e+03 3.587422055096646940e-05 3.054319631390475750e+09
2.212309000780763199e+03 3.579207854606809955e-05 3.047326087439703941e+09
2.215655913036104721e+03 3.571005393853881129e-05 3.040342538663281918e+09
2.219002825291446243e+03 3.562814703012199646e-05 3.033369010751544476e+09
2.222349737546787765e+03 3.554635811833993612e-05 3.026405529035444260e+09
2.225696649802129286e+03 3.546468749652318243e-05 3.019452118489049435e+09
2.229043562057470808e+03 3.538313545383995414e-05 3.012508803732049942e+09
2.232390474312812330e+03 3.530170227532526087e-05 3.005575609032235146e+09
2.235737386568153852e+03 3.522038824190980397e-05 2.998652558307954311e+09
2.239084298823495374e+03 3.513919363044884335e-05 2.991739675130576134e+09
2.242431211078837350e+03 3.505811871375076621e-05 2.984836982726918697e+09
2.245778123334178872e+03 3.497716376060559481e-05 2.977944503981678486e+09
2.249125035589519939e+03 3.489632903581327055e-05 2.971062261439837933e+09
2.252471947844861461e+03 3.481561480021161967e-05 2.964190277309045315e+09
2.255818860100202983e+03 3.473502131070458309e-05 2.957328573462019920e+09
2.259165772355544959e+03 3.465454882028974842e-05 2.950477171438895226e+09
2.262512684610886481e+03 3.457419757808617331e-05 2.943636092449587822e+09
2.265859596866228003e+03 3.449396782936158532e-05 2.936805357376113892e+09
2.269206509121569070e+03 3.441385981556006977e-05 2.929984986774944782e+09
2.272553421376911047e+03 3.433387377432882241e-05 2.923175000879286766e+09
2.275900333632252568e+03 3.425400993954522740e-05 2.916375419601385117e+09
2.279247245887594090e+03 3.417426854134390812e-05 2.909586262534828186e+09
2.282594158142935612e+03 3.409464980614305296e-05 2.902807548956788063e+09
2.285941070398277134e+03 3.401515395667107993e-05 2.896039297830289841e+09
2.289287982653618656e+03 3.393578121199297600e-05 2.889281527806457520e+09
2.292634894908960177e+03 3.385653178753641958e-05 2.882534257226733685e+09
2.295981807164301699e+03 3.377740589511792334e-05 2.875797504125108719e+09
2.299328719419643221e+03 3.369840374296850273e-05 2.869071286230304241e+09
2.302675631674985198e+03 3.361952553575964936e-05 2.862355620967985630e+09
2.306022543930326719e+03 3.354077147462863358e-05 2.855650525462915421e+09
2.309369456185667786e+03 3.346214175720415944e-05 2.848956016541137695e+09
2.312716368441009308e+03 3.338363657763148426e-05 2.842272110732118130e+09
2.316063280696350830e+03 3.330525612659748406e-05 2.835598824270875931e+09
2.319410192951692807e+03 3.322700059135583412e-05 2.828936173100128651e+09
2.322757105207034328e+03 3.314887015575155942e-05 2.822284172872383118e+09
2.326104017462375850e+03 3.307086500024589674e-05 2.815642838952050686e+09
2.329450929717716917e+03 3.299298530194068920e-05 2.809012186417526245e+09
2.332797841973058894e+03 3.291523123460284180e-05 2.802392230063267708e+09
2.336144754228400416e+03 3.283760296868843136e-05 2.795782984401850700e+09
2.339491666483741938e+03 3.276010067136697911e-05 2.789184463666035175e+09
2.342838578739083459e+03 3.268272450654522858e-05 2.782596681810788155e+09
2.346185490994424981e+03 3.260547463489093709e-05 2.776019652515311718e+09
2.349532403249766503e+03 3.252835121385664685e-05 2.769453389185064316e+09
2.352879315505108025e+03 3.245135439770302922e-05 2.762897904953749657e+09
2.356226227760449547e+03 3.237448433752245251e-05 2.756353212685324192e+09
2.359573140015791068e+03 3.229774118126200100e-05 2.749819324975955009e+09
2.362920052271133045e+03 3.222112507374677847e-05 2.743296254156004429e+09
2.366266964526474567e+03 3.214463615670257483e-05 2.736784012291961670e+09
2.369613876781815634e+03 3.206827456877906125e-05 2.730282611188415051e+09
2.372960789037157156e+03 3.199204044557211118e-05 2.723792062389953136e+09
2.376307701292499132e+03 3.191593391964648051e-05 2.717312377183097363e+09
2.379654613547840654e+03 3.183995512055829796e-05 2.710843566598214626e+09
2.383001525803182176e+03 3.176410417487716931e-05 2.704385641411400795e+09
2.386348438058523698e+03 3.168838120620849836e-05 2.697938612146379948e+09
2.389695350313864765e+03 3.161278633521522519e-05 2.691502489076356411e+09
2.393042262569206741e+03 3.153731967964000488e-05 2.685077282225902081e+09
2.396389174824548263e+03 3.146198135432672218e-05 2.678663001372788429e+09
2.399736087079889785e+03 3.138677147124216871e-05 2.672259656049832344e+09
2.403082999335231307e+03 3.131169013949758475e-05 2.665867255546729088e+09
2.406429911590572829e+03 3.123673746536979439e-05 2.659485808911854267e+09
2.409776823845914350e+03 3.116191355232279472e-05 2.653115324954099178e+09
2.413123736101255872e+03 3.108721850102846406e-05 2.646755812244635105e+09
2.416470648356597394e+03 3.101265240938768362e-05 2.640407279118711472e+09
2.419817560611938916e+03 3.093821537255126255e-05 2.634069733677437782e+09
2.423164472867280892e+03 3.086390748294044295e-05 2.627743183789529324e+09
2.426511385122622414e+03 3.078972883026775720e-05 2.621427637093081951e+09
2.429858297377963481e+03 3.071567950155713991e-05 2.615123100997285843e+09
2.433205209633305003e+03 3.064175958116462941e-05 2.608829582684186935e+09
2.436552121888646980e+03 3.056796915079824250e-05 2.602547089110379219e+09
2.439899034143988501e+03 3.049430828953835412e-05 2.596275627008740425e+09
2.443245946399330023e+03 3.042077707385749754e-05 2.590015202890118122e+09
2.446592858654671545e+03 3.034737557764019512e-05 2.583765823045016289e+09
2.449939770910012612e+03 3.027410387220285003e-05 2.577527493545291424e+09
2.453286683165354589e+03 3.020096202631311280e-05 2.571300220245798111e+09
2.456633595420696111e+03 3.012795010620960705e-05 2.565084008786072254e+09
2.459980507676037632e+03 3.005506817562109611e-05 2.558878864591960430e+09
2.463327419931379154e+03 2.998231629578596821e-05 2.552684792877278328e+09
2.466674332186720676e+03 2.990969452547101009e-05 2.546501798645412922e+09
2.470021244442062198e+03 2.983720292099085487e-05 2.540329886690972805e+09
2.473368156697403720e+03 2.976484153622655922e-05 2.534169061601374149e+09
2.476715068952745241e+03 2.969261042264449214e-05 2.528019327758447170e+09
2.480061981208086763e+03 2.962050962931510523e-05 2.521880689340034485e+09
2.483408893463428740e+03 2.954853920293127608e-05 2.515753150321552277e+09
2.486755805718770262e+03 2.947669918782698357e-05 2.509636714477581978e+09
2.490102717974111329e+03 2.940498962599545477e-05 2.503531385383413315e+09
2.493449630229452850e+03 2.933341055710748455e-05 2.497437166416604519e+09
2.496796542484794827e+03 2.926196201852957900e-05 2.491354060758528233e+09
2.500143454740136349e+03 2.919064404534174655e-05 2.485282071395885468e+09
2.503490366995477871e+03 2.911945667035570237e-05 2.479221201122254372e+09
2.506837279250819392e+03 2.904839992413230372e-05 2.473171452539577484e+09
2.510184191506160914e+03 2.897747383499954093e-05 2.467132828059689999e+09
2.513531103761502436e+03 2.890667842906983716e-05 2.461105329905795574e+09
2.516878016016843958e+03 2.883601373025761593e-05 2.455088960113960266e+09
2.520224928272185480e+03 2.876547976029672282e-05 2.449083720534597397e+09
2.523571840527527002e+03 2.869507653875744412e-05 2.443089612833914280e+09
2.526918752782868523e+03 2.862480408306388113e-05 2.437106638495393753e+09
2.530265665038210045e+03 2.855466240851079260e-05 2.431134798821226120e+09
2.533612577293551567e+03 2.848465152828062003e-05 2.425174094933760166e+09
2.536959489548893089e+03 2.841477145346030643e-05 2.419224527776935577e+09
2.540306401804234611e+03 2.834502219305790489e-05 2.413286098117694378e+09
2.543653314059576587e+03 2.827540375401935662e-05 2.407358806547411919e+09
2.547000226314918109e+03 2.820591614124479804e-05 2.401442653483283997e+09
2.550347138570259176e+03 2.813655935760522023e-05 2.395537639169746399e+09
2.553694050825600698e+03 2.806733340395843718e-05 2.389643763679832935e+09
2.557040963080942674e+03 2.799823827916568422e-05 2.383761026916589260e+09
2.560387875336284196e+03 2.792927398010738307e-05 2.377889428614415646e+09
2.563734787591625718e+03 2.786044050169936075e-05 2.372028968340447426e+09
2.567081699846967240e+03 2.779173783690862140e-05 2.366179645495897293e+09
2.570428612102308762e+03 2.772316597676928061e-05 2.360341459317412853e+09
2.573775524357650283e+03 2.765472491039815763e-05 2.354514408878404140e+09
2.577122436612991805e+03 2.758641462501041158e-05 2.348698493090372562e+09
2.580469348868333327e+03 2.751823510593518450e-05 2.342893710704247475e+09
2.583816261123674849e+03 2.745018633663079028e-05 2.337100060311674118e+09
2.587163173379016371e+03 2.738226829870027301e-05 2.331317540346341610e+09
2.590510085634358347e+03 2.731448097190642316e-05 2.325546149085260391e+09
2.593856997889699414e+03 2.724682433418709193e-05 2.319785884650066853e+09
2.597203910145040936e+03 2.717929836167014648e-05 2.314036745008294582e+09
2.600550822400382458e+03 2.711190302868835738e-05 2.308298727974644184e+09
2.603897734655724435e+03 2.704463830779438091e-05 2.302571831212257862e+09
2.607244646911065956e+03 2.697750416977539919e-05 2.296856052233964920e+09
2.610591559166407478e+03 2.691050058366790262e-05 2.291151388403542519e+09
2.613938471421748545e+03 2.684362751677214022e-05 2.285457836936944485e+09
2.617285383677090522e+03 2.677688493466667846e-05 2.279775394903541088e+09
2.620632295932432044e+03 2.671027280122282113e-05 2.274104059227346420e+09
2.623979208187773565e+03 2.664379107861883275e-05 2.268443826688230038e+09
2.627326120443115087e+03 2.657743972735424323e-05 2.262794693923134804e+09
2.630673032698456609e+03 2.651121870626387136e-05 2.257156657427269936e+09
2.634019944953798131e+03 2.644512797253196687e-05 2.251529713555316925e+09
2.637366857209139653e+03 2.637916748170610856e-05 2.245913858522610188e+09
2.640713769464481175e+03 2.631333718771100753e-05 2.240309088406314850e+09
2.644060681719822696e+03 2.624763704286244595e-05 2.234715399146611691e+09
2.647407593975164218e+03 2.618206699788077201e-05 2.229132786547847271e+09
2.650754506230506195e+03 2.611662700190467266e-05 2.223561246279705524e+09
2.654101418485847262e+03 2.605131700250453642e-05 2.218000773878345966e+09
2.657448330741188784e+03 2.598613694569601267e-05 2.212451364747558117e+09
2.660795242996530305e+03 2.592108677595326261e-05 2.206913014159890652e+09
2.664142155251872282e+03 2.585616643622231872e-05 2.201385717257786274e+09
2.667489067507213804e+03 2.579137586793421371e-05 2.195869469054702282e+09
2.670835979762555326e+03 2.572671501101801811e-05 2.190364264436219215e+09
2.674182892017896393e+03 2.566218380391397600e-05 2.184870098161159039e+09
2.677529804273238369e+03 2.559778218358628847e-05 2.179386964862673283e+09
2.680876716528579891e+03 2.553351008553616131e-05 2.173914859049356461e+09
2.684223628783921413e+03 2.546936744381434446e-05 2.168453775106309891e+09
2.687570541039262935e+03 2.540535419103404760e-05 2.163003707296244144e+09
2.690917453294604456e+03 2.534147025838331699e-05 2.157564649760531425e+09
2.694264365549945978e+03 2.527771557563778838e-05 2.152136596520292282e+09
2.697611277805287500e+03 2.521409007117296562e-05 2.146719541477439165e+09
2.700958190060629022e+03 2.515059367197664491e-05 2.141313478415737152e+09
2.704305102315970544e+03 2.508722630366128152e-05 2.135918401001854658e+09
2.707652014571312520e+03 2.502398789047603458e-05 2.130534302786388874e+09
2.710998926826654042e+03 2.496087835531911003e-05 2.125161177204918146e+09
2.714345839081995109e+03 2.489789761974957845e-05 2.119799017579006672e+09
2.717692751337336631e+03 2.483504560399960620e-05 2.114447817117246866e+09
2.721039663592678153e+03 2.477232222698619868e-05 2.109107568916258574e+09
2.724386575848020129e+03 2.470972740632301816e-05 2.103778265961695433e+09
2.727733488103361651e+03 2.464726105833227947e-05 2.098459901129257441e+09
2.731080400358703173e+03 2.458492309805623241e-05 2.093152467185669184e+09
2.734427312614044240e+03 2.452271343926898633e-05 2.087855956789685965e+09
2.737774224869386217e+03 2.446063199448784002e-05 2.082570362493058681e+09
2.741121137124727738e+03 2.439867867498482170e-05 2.077295676741516113e+09
2.744468049380069260e+03 2.433685339079812398e-05 2.072031891875739098e+09
2.747814961635410782e+03 2.427515605074329145e-05 2.066779000132312298e+09
2.751161873890752304e+03 2.421358656242460141e-05 2.061536993644693136e+09
2.754508786146093826e+03 2.415214483224606515e-05 2.056305864444149733e+09
2.757855698401435347e+03 2.409083076542265623e-05 2.051085604460714817e+09
2.761202610656776869e+03 2.402964426599127782e-05 2.045876205524121523e+09
2.764549522912118391e+03 2.396858523682170980e-05 2.040677659364733696e+09
2.767896435167460368e+03 2.390765357962752191e-05 2.035489957614476442e+09
2.771243347422801889e+03 2.384684919497681411e-05 2.030313091807749748e+09
2.774590259678142957e+03 2.378617198230308577e-05 2.025147053382353783e+09
2.777937171933484478e+03 2.372562183991567102e-05 2.019991833680377722e+09
2.781284084188826000e+03 2.366519866501066896e-05 2.014847423949131012e+09
2.784630996444167977e+03 2.360490235368116558e-05 2.009713815342011690e+09
2.787977908699509499e+03 2.354473280092793014e-05 2.004590998919419289e+09
2.791324820954851020e+03 2.348468990066963715e-05 1.999478965649623871e+09
2.794671733210192087e+03 2.342477354575336616e-05 1.994377706409659863e+09
2.798018645465534064e+03 2.336498362796471877e-05 1.989287211986188173e+09
2.801365557720875586e+03 2.330532003803805077e-05 1.984207473076366901e+09
2.804712469976217108e+03 2.324578266566672459e-05 1.979138480288724422e+09
2.808059382231558629e+03 2.318637139951296882e-05 1.974080224143998384e+09
2.811406294486900151e+03 2.312708612721807309e-05 1.969032695076004267e+09
2.814753206742241673e+03 2.306792673541218649e-05 1.963995883432469606e+09
2.818100118997583195e+03 2.300889310972424148e-05 1.958969779475878239e+09
2.821447031252924717e+03 2.294998513479179977e-05 1.953954373384309053e+09
2.824793943508266238e+03 2.289120269427067121e-05 1.948949655252254963e+09
2.828140855763608215e+03 2.283254567084476989e-05 1.943955615091462374e+09
2.831487768018949737e+03 2.277401394623552975e-05 1.938972242831731796e+09
2.834834680274290804e+03 2.271560740121166241e-05 1.933999528321749687e+09
2.838181592529632326e+03 2.265732591559844740e-05 1.929037461329878807e+09
2.841528504784974302e+03 2.259916936828730365e-05 1.924086031544973612e+09
2.844875417040315824e+03 2.254113763724512382e-05 1.919145228577174187e+09
2.848222329295657346e+03 2.248323059952351706e-05 1.914215041958694220e+09
2.851569241550998868e+03 2.242544813126815353e-05 1.909295461144615889e+09
2.854916153806339935e+03 2.236779010772783441e-05 1.904386475513661861e+09
2.858263066061681911e+03 2.231025640326369746e-05 1.899488074368979692e+09
2.861609978317023433e+03 2.225284689135828027e-05 1.894600246938913345e+09
2.864956890572364955e+03 2.219556144462444798e-05 1.889722982377763271e+09
2.868303802827706477e+03 2.213839993481445315e-05 1.884856269766556740e+09
2.871650715083047999e+03 2.208136223282865005e-05 1.880000098113791943e+09
2.874997627338389520e+03 2.202444820872455448e-05 1.875154456356207132e+09
2.878344539593731042e+03 2.196765773172535142e-05 1.870319333359506369e+09
2.881691451849072564e+03 2.191099067022884647e-05 1.865494717919120789e+09
2.885038364104414086e+03 2.185444689181590563e-05 1.860680598760928154e+09
2.888385276359756062e+03 2.179802626325926451e-05 1.855876964542001724e+09
2.891732188615097584e+03 2.174172865053183938e-05 1.851083803851318359e+09
2.895079100870438651e+03 2.168555391881540418e-05 1.846301105210497856e+09
2.898426013125780173e+03 2.162950193250890501e-05 1.841528857074510098e+09
2.901772925381122150e+03 2.157357255523681524e-05 1.836767047832386017e+09
2.905119837636463672e+03 2.151776564985759233e-05 1.832015665807938814e+09
2.908466749891805193e+03 2.146208107847170763e-05 1.827274699260447264e+09
2.911813662147146715e+03 2.140651870243010324e-05 1.822544136385374546e+09
2.915160574402487782e+03 2.135107838234211338e-05 1.817823965315044165e+09
2.918507486657829759e+03 2.129575997808369424e-05 1.813114174119340181e+09
2.921854398913171281e+03 2.124056334880547751e-05 1.808414750806392670e+09
2.925201311168512802e+03 2.118548835294061395e-05 1.803725683323245049e+09
2.928548223423854324e+03 2.113053484821287775e-05 1.799046959556545258e+09
2.931895135679195846e+03 2.107570269164442880e-05 1.794378567333205938e+09
2.935242047934537368e+03 2.102099173956370698e-05 1.789720494421076536e+09
2.938588960189878890e+03 2.096640184761315375e-05 1.785072728529600859e+09
2.941935872445220411e+03 2.091193287075694725e-05 1.780435257310475349e+09
2.945282784700561933e+03 2.085758466328875094e-05 1.775808068358309507e+09
2.948629696955903910e+03 2.080335707883916412e-05 1.771191149211259365e+09
2.951976609211245432e+03 2.074924997038349767e-05 1.766584487351690054e+09
2.955323521466586499e+03 2.069526319024911956e-05 1.761988070206800938e+09
2.958670433721928021e+03 2.064139659012297645e-05 1.757401885149266481e+09
2.962017345977269997e+03 2.058765002105909168e-05 1.752825919497873783e+09
2.965364258232611519e+03 2.053402333348574807e-05 1.748260160518135071e+09
2.968711170487953041e+03 2.048051637721300957e-05 1.743704595422926903e+09
2.972058082743294563e+03 2.042712900143982621e-05 1.739159211373096704e+09
2.975404994998636084e+03 2.037386105476136938e-05 1.734623995478085756e+09
2.978751907253977606e+03 2.032071238517606896e-05 1.730098934796529293e+09
2.982098819509319128e+03 2.026768284009287414e-05 1.725584016336873770e+09
2.985445731764660650e+03 2.021477226633821260e-05 1.721079227057970762e+09
2.988792644020002172e+03 2.016198051016307848e-05 1.716584553869678974e+09
2.992139556275343693e+03 2.010930741725000856e-05 1.712099983633459330e+09
2.995486468530685215e+03 2.005675283271993647e-05 1.707625503162957668e+09
2.998833380786026737e+03 2.000431660113915187e-05 1.703161099224597692e+09
3.002180293041368259e+03 1.995199856652606996e-05 1.698706758538157463e+09
3.005527205296709781e+03 1.989979857235813648e-05 1.694262467777356863e+09
3.008874117552051757e+03 1.984771646157836345e-05 1.689828213570414066e+09
3.012221029807393279e+03 1.979575207660225108e-05 1.685403982500635624e+09
3.015567942062734346e+03 1.974390525932426252e-05 1.680989761106966496e+09
3.018914854318075868e+03 1.969217585112447813e-05 1.676585535884557962e+09
3.022261766573417844e+03 1.964056369287522607e-05 1.672191293285331011e+09
3.025608678828759366e+03 1.958906862494748586e-05 1.667807019718521833e+09
3.028955591084100888e+03 1.953769048721739021e-05 1.663432701551235914e+09
3.032302503339442410e+03 1.948642911907267603e-05 1.659068325108996630e+09
3.035649415594783932e+03 1.943528435941906424e-05 1.654713876676288843e+09
3.038996327850125454e+03 1.938425604668654145e-05 1.650369342497093201e+09
3.042343240105466975e+03 1.933334401883567534e-05 1.646034708775424480e+09
3.045690152360808497e+03 1.928254811336389295e-05 1.641709961675865650e+09
3.049037064616150019e+03 1.923186816731163346e-05 1.637395087324092388e+09
3.052383976871491541e+03 1.918130401726854853e-05 1.633090071807399750e+09
3.055730889126833063e+03 1.913085549937959073e-05 1.628794901175221443e+09
3.059077801382174584e+03 1.908052244935110205e-05 1.624509561439648151e+09
3.062424713637516106e+03 1.903030470245687861e-05 1.620234038575943947e+09
3.065771625892857628e+03 1.898020209354406605e-05 1.615968318523047686e+09
3.069118538148199605e+03 1.893021445703923104e-05 1.611712387184090376e+09
3.072465450403541126e+03 1.888034162695415838e-05 1.607466230426888227e+09
3.075812362658882194e+03 1.883058343689180395e-05 1.603229834084450960e+09
3.079159274914223715e+03 1.878093972005203421e-05 1.599003183955468178e+09
3.082506187169565692e+03 1.873141030923751815e-05 1.594786265804812908e+09
3.085853099424907214e+03 1.868199503685935496e-05 1.590579065364019871e+09
3.089200011680248736e+03 1.863269373494288135e-05 1.586381568331780195e+09
3.092546923935590257e+03 1.858350623513325172e-05 1.582193760374416351e+09
3.095893836190931779e+03 1.853443236870110658e-05 1.578015627126364470e+09
3.099240748446273301e+03 1.848547196654814258e-05 1.573847154190649509e+09
3.102587660701614823e+03 1.843662485921263860e-05 1.569688327139354944e+09
3.105934572956956345e+03 1.838789087687505629e-05 1.565539131514099598e+09
3.109281485212297866e+03 1.833926984936331880e-05 1.561399552826487541e+09
3.112628397467639388e+03 1.829076160615845882e-05 1.557269576558588505e+09
3.115975309722980910e+03 1.824236597639981931e-05 1.553149188163381100e+09
3.119322221978322432e+03 1.819408278889053554e-05 1.549038373065218925e+09
3.122669134233663954e+03 1.814591187210278666e-05 1.544937116660278320e+09
3.126016046489005475e+03 1.809785305418305413e-05 1.540845404317006111e+09
3.129362958744347452e+03 1.804990616295743425e-05 1.536763221376571178e+09
3.132709870999688974e+03 1.800207102593675090e-05 1.532690553153300524e+09
3.136056783255030041e+03 1.795434747032177662e-05 1.528627384935123205e+09
3.139403695510371563e+03 1.790673532300835548e-05 1.524573701984006882e+09
3.142750607765713539e+03 1.785923441059242091e-05 1.520529489536385059e+09
3.146097520021055061e+03 1.781184455937519307e-05 1.516494732803599358e+09
3.149444432276396583e+03 1.776456559536802730e-05 1.512469416972312212e+09
3.152791344531738105e+03 1.771739734429754370e-05 1.508453527204944134e+09
3.156138256787079627e+03 1.767033963161044851e-05 1.504447048640083551e+09
3.159485169042421148e+03 1.762339228247853832e-05 1.500449966392913342e+09
3.162832081297762670e+03 1.757655512180353159e-05 1.496462265555622101e+09
3.166178993553104192e+03 1.752982797422188654e-05 1.492483931197813988e+09
3.169525905808445714e+03 1.748321066410968684e-05 1.488514948366925001e+09
3.172872818063787690e+03 1.743670301558727324e-05 1.484555302088617563e+09
3.176219730319128757e+03 1.739030485252415287e-05 1.480604977367197752e+09
3.179566642574470279e+03 1.734401599854352251e-05 1.476663959186001539e+09
3.182913554829811801e+03 1.729783627702707286e-05 1.472732232507802248e+09
3.186260467085153323e+03 1.725176551111956937e-05 1.468809782275202274e+09
3.189607379340495299e+03 1.720580352373339908e-05 1.464896593411018848e+09
3.192954291595836821e+03 1.715995013755327334e-05 1.460992650818685293e+09
3.196301203851177888e+03 1.711420517504057479e-05 1.457097939382620573e+09
3.199648116106519410e+03 1.706856845843802623e-05 1.453212443968627214e+09
3.202995028361861387e+03 1.702303980977402738e-05 1.449336149424260139e+09
3.206341940617202908e+03 1.697761905086720520e-05 1.445469040579214334e+09
3.209688852872544430e+03 1.693230600333069303e-05 1.441611102245689631e+09
3.213035765127885952e+03 1.688710048857662671e-05 1.437762319218771935e+09
3.216382677383227474e+03 1.684200232782034922e-05 1.433922676276793480e+09
3.219729589638568996e+03 1.679701134208481185e-05 1.430092158181705236e+09
3.223076501893910518e+03 1.675212735220482294e-05 1.426270749679440498e+09
3.226423414149252039e+03 1.670735017883124575e-05 1.422458435500271320e+09
3.229770326404593561e+03 1.666267964243528789e-05 1.418655200359174013e+09
3.233117238659935538e+03 1.661811556331258056e-05 1.414861028956175804e+09
3.236464150915276605e+03 1.657365776158743409e-05 1.411075905976718664e+09
3.239811063170618127e+03 1.652930605721687318e-05 1.407299816092000961e+09
3.243157975425959648e+03 1.648506026999471623e-05 1.403532743959326744e+09
3.246504887681301625e+03 1.644092021955573596e-05 1.399774674222457886e+09
3.249851799936643147e+03 1.639688572537955236e-05 1.396025591511947393e+09
3.253198712191984214e+03 1.635295660679471881e-05 1.392285480445486307e+09
3.256545624447326190e+03 1.630913268298263871e-05 1.388554325628237247e+09
3.259892536702667257e+03 1.626541377298153641e-05 1.384832111653172493e+09
3.263239448958009234e+03 1.622179969569033663e-05 1.381118823101404905e+09
3.266586361213350756e+03 1.617829026987253703e-05 1.377414444542516470e+09
3.269933273468691823e+03 1.613488531416011821e-05 1.373718960534892321e+09
3.273280185724033799e+03 1.609158464705721635e-05 1.370032355626033068e+09
3.276627097979375321e+03 1.604838808694413483e-05 1.366354614352895498e+09
3.279974010234717298e+03 1.600529545208084751e-05 1.362685721242192507e+09
3.283320922490058365e+03 1.596230656061098659e-05 1.359025660810731173e+09
3.286667834745399432e+03 1.591942123056536626e-05 1.355374417565713406e+09
3.290014747000741409e+03 1.587663927986567237e-05 1.351731976005049706e+09
3.293361659256082930e+03 1.583396052632825374e-05 1.348098320617682695e+09
3.296708571511424907e+03 1.579138478766753406e-05 1.344473435883876562e+09
3.300055483766765974e+03 1.574891188149982684e-05 1.340857306275543213e+09
3.303402396022107951e+03 1.570654162534668974e-05 1.337249916256526232e+09
3.306749308277449472e+03 1.566427383663864130e-05 1.333651250282918692e+09
3.310096220532790539e+03 1.562210833271851862e-05 1.330061292803348303e+09
3.313443132788132516e+03 1.558004493084505518e-05 1.326480028259282112e+09
3.316790045043473583e+03 1.553808344819639098e-05 1.322907441085325718e+09
3.320136957298815560e+03 1.549622370187329803e-05 1.319343515709497452e+09
3.323483869554157081e+03 1.545446550890283954e-05 1.315788236553540230e+09
3.326830781809498149e+03 1.541280868624154458e-05 1.312241588033191681e+09
3.330177694064840125e+03 1.537125305077885723e-05 1.308703554558477640e+09
3.333524606320181192e+03 1.532979841934046367e-05 1.305174120533995867e+09
3.336871518575523169e+03 1.528844460869154147e-05 1.301653270359192371e+09
3.340218430830864691e+03 1.524719143554010024e-05 1.298140988428646088e+09
3.343565343086206667e+03 1.520603871654015971e-05 1.294637259132338524e+09
