0.000000000000000000e+00 -9.629843450525910953e+00 1.000000000000000000e+00
3.346912255341548015e+00 -9.597459304830719518e+00 9.966371056952724183e-01
6.693824510683096030e+00 -9.549949589453712306e+00 9.917035140308708696e-01
1.004073676602464360e+01 -9.501589015854751352e+00 9.866815659745584721e-01
1.338764902136619206e+01 -9.453382845729400685e+00 9.816756517690977679e-01
1.673456127670774052e+01 -9.405412904729088197e+00 9.766942685050019612e-01
2.008147353204928720e+01 -9.357685557083700090e+00 9.717380770683922142e-01
2.342838578739083388e+01 -9.310200317365847411e+00 9.668070270506207153e-01
2.677529804273238412e+01 -9.262956032446112431e+00 9.619009987062913103e-01
3.012221029807392725e+01 -9.215951486660358682e+00 9.570198657961621613e-01
3.346912255341548104e+01 -9.169185463873455788e+00 9.521635020320815546e-01
3.681603480875702417e+01 -9.122656753654865724e+00 9.473317817182846934e-01
4.016294706409857440e+01 -9.076364151741946884e+00 9.425245797995047692e-01
4.350985931944012464e+01 -9.030306460005673941e+00 9.377417718574132532e-01
4.685677157478166777e+01 -8.984482486403516432e+00 9.329832341057268108e-01
5.020368383012321800e+01 -8.938891044943050090e+00 9.282488433864284350e-01
5.355059608546476824e+01 -8.893530955649886494e+00 9.235384771664369996e-01
5.689750834080631847e+01 -8.848401044536924331e+00 9.188520135344142581e-01
6.024442059614785450e+01 -8.803500143574041203e+00 9.141893311976176939e-01
6.359133285148940473e+01 -8.758827090657964831e+00 9.095503094787716902e-01
6.693824510683096207e+01 -8.714380729582256180e+00 9.049348283129504678e-01
7.028515736217249810e+01 -8.670159910007475546e+00 9.003427682444802294e-01
7.363206961751404833e+01 -8.626163487431419696e+00 8.957740104238477441e-01
7.697898187285559857e+01 -8.582390323159557965e+00 8.912284366046315798e-01
8.032589412819714880e+01 -8.538839284275582031e+00 8.867059291404424393e-01
8.367280638353869904e+01 -8.495509243612072936e+00 8.822063709818782629e-01
8.701971863888024927e+01 -8.452399079721370612e+00 8.777296456734987595e-01
9.036663089422179951e+01 -8.409507676846537549e+00 8.732756373508099301e-01
9.371354314956333553e+01 -8.366833924892496555e+00 8.688442307372672424e-01
9.706045540490488577e+01 -8.324376719397296398e+00 8.644353111412917956e-01
1.004073676602464360e+02 -8.282134961503535564e+00 8.600487644533023612e-01
1.037542799155879862e+02 -8.240107557929922777e+00 8.556844771427627450e-01
1.071011921709295365e+02 -8.198293420942972531e+00 8.513423362552422491e-01
1.104481044262710725e+02 -8.156691468328874706e+00 8.470222294094943427e-01
1.137950166816126369e+02 -8.115300623365465427e+00 8.427240447945462121e-01
1.171419289369541730e+02 -8.074119814794368466e+00 8.384476711668058524e-01
1.204888411922957090e+02 -8.033147976793276968e+00 8.341929978471837037e-01
1.238357534476372734e+02 -7.992384048948356856e+00 8.299599147182264991e-01
1.271826657029788095e+02 -7.951826976226801236e+00 8.257483122212678772e-01
1.305295779583203455e+02 -7.911475708949540220e+00 8.215580813535939830e-01
1.338764902136619241e+02 -7.871329202764055566e+00 8.173891136656206147e-01
1.372234024690034460e+02 -7.831386418617361400e+00 8.132413012580873568e-01
1.405703147243449962e+02 -7.791646322729111951e+00 8.091145367792650367e-01
1.439172269796865749e+02 -7.752107886564842509e+00 8.050087134221771690e-01
1.472641392350280967e+02 -7.712770086809347170e+00 8.009237249218348342e-01
1.506110514903696469e+02 -7.673631905340201342e+00 7.968594655524876558e-01
1.539579637457111971e+02 -7.634692329201404171e+00 7.928158301248867668e-01
1.573048760010527474e+02 -7.595950350577168386e+00 7.887927139835625434e-01
1.606517882563942976e+02 -7.557404966765825627e+00 7.847900130041154387e-01
1.639987005117358478e+02 -7.519055180153888074e+00 7.808076235905219153e-01
1.673456127670773981e+02 -7.480899998190221112e+00 7.768454426724527018e-01
1.706925250224189483e+02 -7.442938433360358097e+00 7.729033677026058147e-01
1.740394372777604985e+02 -7.405169503160934141e+00 7.689812966540507944e-01
1.773863495331020204e+02 -7.367592230074268222e+00 7.650791280175904818e-01
1.807332617884435990e+02 -7.330205641543055428e+00 7.611967607991315665e-01
1.840801740437851208e+02 -7.293008769945203085e+00 7.573340945170726757e-01
1.874270862991266711e+02 -7.256000652568778797e+00 7.534910291997020115e-01
1.907739985544682213e+02 -7.219180331587098820e+00 7.496674653826111978e-01
1.941209108098097715e+02 -7.182546854033939887e+00 7.458633041061204505e-01
1.974678230651513218e+02 -7.146099271778870055e+00 7.420784469127172933e-01
2.008147353204928720e+02 -7.109836641502710997e+00 7.383127958445081518e-01
2.041616475758344222e+02 -7.073758024673128197e+00 7.345662534406840471e-01
2.075085598311759725e+02 -7.037862487520334831e+00 7.308387227349971704e-01
2.108554720865174943e+02 -7.002149101012924426e+00 7.271301072532512233e-01
2.142023843418590729e+02 -6.966616940833830540e+00 7.234403110108051926e-01
2.175492965972006232e+02 -6.931265087356399235e+00 7.197692385100886714e-01
2.208962088525421450e+02 -6.896092625620592109e+00 7.161167947381302801e-01
2.242431211078836952e+02 -6.861098645309298583e+00 7.124828851640985228e-01
2.275900333632252739e+02 -6.826282240724787620e+00 7.088674157368556328e-01
2.309369456185667957e+02 -6.791642510765252716e+00 7.052702928825227424e-01
2.342838578739083459e+02 -6.757178558901502541e+00 7.016914235020585977e-01
2.376307701292498962e+02 -6.722889493153747509e+00 6.981307149688495972e-01
2.409776823845914180e+02 -6.688774426068518686e+00 6.945880751263123765e-01
2.443245946399329966e+02 -6.654832474695701272e+00 6.910634122855094930e-01
2.476715068952745469e+02 -6.621062760565679106e+00 6.875566352227756584e-01
2.510184191506160687e+02 -6.587464409666597298e+00 6.840676531773565161e-01
2.543653314059576189e+02 -6.554036552421744766e+00 6.805963758490602977e-01
2.577122436612991692e+02 -6.520778323667047793e+00 6.771427133959203593e-01
2.610591559166406910e+02 -6.487688862628676389e+00 6.737065764318699301e-01
2.644060681719822696e+02 -6.454767312900767884e+00 6.702878760244286305e-01
2.677529804273238483e+02 -6.422012822423258882e+00 6.668865236924008677e-01
2.710998926826653701e+02 -6.389424543459839789e+00 6.635024314035860016e-01
2.744468049380068919e+02 -6.357001632576004369e+00 6.601355115724992784e-01
2.777937171933484706e+02 -6.324743250617227197e+00 6.567856770581058656e-01
2.811406294486899924e+02 -6.292648562687243263e+00 6.534528411615647681e-01
2.844875417040315710e+02 -6.260716738126438585e+00 6.501369176239852887e-01
2.878344539593731497e+02 -6.228946950490352741e+00 6.468378206241944817e-01
2.911813662147146147e+02 -6.197338377528290643e+00 6.435554647765159286e-01
2.945282784700561933e+02 -6.165890201162036455e+00 6.402897651285599512e-01
2.978751907253977720e+02 -6.134601607464684747e+00 6.370406371590244810e-01
3.012221029807392938e+02 -6.103471786639574681e+00 6.338079967755081423e-01
3.045690152360808725e+02 -6.072499932999328998e+00 6.305917603123334381e-01
3.079159274914223943e+02 -6.041685244945000477e+00 6.273918445283810374e-01
3.112628397467639161e+02 -6.011026924945333860e+00 6.242081666049364985e-01
3.146097520021054947e+02 -5.980524179516113925e+00 6.210406441435454283e-01
3.179566642574470734e+02 -5.950176219199632577e+00 6.178891951638817437e-01
3.213035765127885952e+02 -5.919982258544260745e+00 6.147537381016255909e-01
3.246504887681301170e+02 -5.889941516084113537e+00 6.116341918063525895e-01
3.279974010234716957e+02 -5.860053214318828196e+00 6.085304755394331799e-01
3.313443132788132743e+02 -5.830316579693437973e+00 6.054425089719427389e-01
3.346912255341547962e+02 -5.800730842578358804e+00 6.023702121825839084e-01
3.380381377894963180e+02 -5.771295237249460364e+00 5.993135056556163631e-01
3.413850500448378966e+02 -5.742009001868253470e+00 5.962723102787997886e-01
3.447319623001794184e+02 -5.712871378462172522e+00 5.932465473413461865e-01
3.480788745555209971e+02 -5.683881612904959191e+00 5.902361385318831699e-01
3.514257868108625189e+02 -5.655038954897137593e+00 5.872410059364258084e-01
3.547726990662040407e+02 -5.626342657946604930e+00 5.842610720363616839e-01
3.581196113215456194e+02 -5.597791979349303837e+00 5.812962597064434966e-01
3.614665235768871980e+02 -5.569386180170001310e+00 5.783464922127932173e-01
3.648134358322287198e+02 -5.541124525223169783e+00 5.754116932109165639e-01
3.681603480875702417e+02 -5.513006283053949907e+00 5.724917867437263608e-01
3.715072603429118203e+02 -5.485030725919228800e+00 5.695866972395773331e-01
3.748541725982533421e+02 -5.457197129768798227e+00 5.666963495103096715e-01
3.782010848535949208e+02 -5.429504774226615815e+00 5.638206687493031444e-01
3.815479971089364426e+02 -5.401952942572165739e+00 5.609595805295413129e-01
3.848949093642779644e+02 -5.374540921721906450e+00 5.581130108016852942e-01
3.882418216196195431e+02 -5.347268002210804561e+00 5.552808858921560731e-01
3.915887338749611217e+02 -5.320133478173992181e+00 5.524631325012293592e-01
3.949356461303026435e+02 -5.293136647328483768e+00 5.496596777011376611e-01
3.982825583856441654e+02 -5.266276810955003995e+00 5.468704489341826847e-01
4.016294706409857440e+02 -5.239553273879907103e+00 5.440953740108580572e-01
4.049763828963272658e+02 -5.212965344457177075e+00 5.413343811079798229e-01
4.083232951516688445e+02 -5.186512334550534398e+00 5.385873987668289287e-01
4.116702074070103663e+02 -5.160193559515622752e+00 5.358543558913007043e-01
4.150171196623519450e+02 -5.134008338182287190e+00 5.331351817460652232e-01
4.183640319176934668e+02 -5.107955992836950898e+00 5.304298059547366551e-01
4.217109441730349886e+02 -5.082035849205068345e+00 5.277381584980517237e-01
4.250578564283766241e+02 -5.056247236433674352e+00 5.250601697120569344e-01
4.284047686837181459e+02 -5.030589487074029975e+00 5.223957702863067931e-01
4.317516809390596109e+02 -5.005061937064335886e+00 5.197448912620689088e-01
4.350985931944012464e+02 -4.979663925712551453e+00 5.171074640305391990e-01
4.384455054497427682e+02 -4.954394795679299079e+00 5.144834203310674203e-01
4.417924177050842900e+02 -4.929253892960842265e+00 5.118726922493888054e-01
4.451393299604258686e+02 -4.904240566872164031e+00 5.092752122158673567e-01
4.484862422157673905e+02 -4.879354170030129723e+00 5.066909130037472453e-01
4.518331544711089123e+02 -4.854594058336720863e+00 5.041197277274116484e-01
4.551800667264505478e+02 -4.829959590962378257e+00 5.015615898406532436e-01
4.585269789817920696e+02 -4.805450130329407266e+00 4.990164331349508098e-01
4.618738912371335914e+02 -4.781065042095479889e+00 4.964841917377559866e-01
4.652208034924751701e+02 -4.756803695137213239e+00 4.939648001107880826e-01
4.685677157478166919e+02 -4.732665461533840379e+00 4.914581930483384320e-01
4.719146280031582137e+02 -4.708649716550957542e+00 4.889643056755824668e-01
4.752615402584997923e+02 -4.684755838624348634e+00 4.864830734469002826e-01
4.786084525138413142e+02 -4.660983209343909195e+00 4.840144321442069186e-01
4.819553647691828360e+02 -4.637331213437633437e+00 4.815583178752897431e-01
4.853022770245244715e+02 -4.613799238755688314e+00 4.791146670721543877e-01
4.886491892798659933e+02 -4.590386676254578191e+00 4.766834164893807291e-01
4.919961015352075151e+02 -4.567092919981377008e+00 4.742645032024851992e-01
4.953430137905490938e+02 -4.543917367058041279e+00 4.718578646062918103e-01
4.986899260458906156e+02 -4.520859417665817226e+00 4.694634384133130611e-01
5.020368383012321374e+02 -4.497918475029704766e+00 4.670811626521365612e-01
5.053837505565737729e+02 -4.475093945403019191e+00 4.647109756658217017e-01
5.087306628119152379e+02 -4.452385238052024796e+00 4.623528161103043210e-01
5.120775750672568165e+02 -4.429791765240643109e+00 4.600066229528083084e-01
5.154244873225983383e+02 -4.407312942215237506e+00 4.576723354702658675e-01
5.187713995779398601e+02 -4.384948187189489310e+00 4.553498932477469952e-01
5.221183118332813820e+02 -4.362696921329329847e+00 4.530392361768946219e-01
5.254652240886230175e+02 -4.340558568737965750e+00 4.507403044543695780e-01
5.288121363439645393e+02 -4.318532556440970005e+00 4.484530385803025543e-01
5.321590485993060611e+02 -4.296618314371455583e+00 4.461773793567543334e-01
5.355059608546476966e+02 -4.274815275355320132e+00 4.439132678861836823e-01
5.388528731099892184e+02 -4.253122875096565281e+00 4.416606455699226275e-01
5.421997853653307402e+02 -4.231540552162694091e+00 4.394194541066603343e-01
5.455466976206722620e+02 -4.210067747970177798e+00 4.371896354909336480e-01
5.488936098760137838e+02 -4.188703906770001595e+00 4.349711320116263491e-01
5.522405221313553056e+02 -4.167448475633278804e+00 4.327638862504751827e-01
5.555874343866969411e+02 -4.146300904436940549e+00 4.305678410805837131e-01
5.589343466420384630e+02 -4.125260645849499141e+00 4.283829396649441734e-01
5.622812588973799848e+02 -4.104327155316882525e+00 4.262091254549661978e-01
5.656281711527216203e+02 -4.083499891048333552e+00 4.240463421890127149e-01
5.689750834080631421e+02 -4.062778314002402524e+00 4.218945338909453890e-01
5.723219956634046639e+02 -4.042161887872977921e+00 4.197536448686738364e-01
5.756689079187462994e+02 -4.021650079075420159e+00 4.176236197127158323e-01
5.790158201740877075e+02 -4.001242356732745087e+00 4.155044032947624588e-01
5.823627324294292293e+02 -3.980938192661882535e+00 4.133959407662513019e-01
5.857096446847708648e+02 -3.960737061360011690e+00 4.112981775569472531e-01
5.890565569401123867e+02 -3.940638439990957309e+00 4.092110593735299728e-01
5.924034691954539085e+02 -3.920641808371657877e+00 4.071345321981886811e-01
5.957503814507955440e+02 -3.900746648958699936e+00 4.050685422872237762e-01
5.990972937061370658e+02 -3.880952446834930125e+00 4.030130361696566688e-01
6.024442059614785876e+02 -3.861258689696120516e+00 4.009679606458448897e-01
6.057911182168202231e+02 -3.841664867837714770e+00 3.989332627861059688e-01
6.091380304721617449e+02 -3.822170474141635577e+00 3.969088899293473638e-01
6.124849427275031530e+02 -3.802775004063155606e+00 3.948947896817031067e-01
6.158318549828447885e+02 -3.783477955617844835e+00 3.928909099151782214e-01
6.191787672381863104e+02 -3.764278829368573831e+00 3.908971987662994141e-01
6.225256794935278322e+02 -3.745177128412590761e+00 3.889136046347728137e-01
6.258725917488694677e+02 -3.726172358368657456e+00 3.869400761821482626e-01
6.292195040042109895e+02 -3.707264027364258752e+00 3.849765623304909901e-01
6.325664162595525113e+02 -3.688451646022866459e+00 3.830230122610591703e-01
6.359133285148941468e+02 -3.669734727451278378e+00 3.810793754129891409e-01
6.392602407702356686e+02 -3.651112787227014600e+00 3.791456014819865050e-01
6.426071530255771904e+02 -3.632585343385779098e+00 3.772216404190240624e-01
6.459540652809187122e+02 -3.614151916408987031e+00 3.753074424290468447e-01
6.493009775362602340e+02 -3.595812029211356453e+00 3.734029579696832579e-01
6.526478897916018695e+02 -3.577565207128552416e+00 3.715081377499622750e-01
6.559948020469433914e+02 -3.559410977904913231e+00 3.696229327290387334e-01
6.593417143022849132e+02 -3.541348871681219368e+00 3.677472941149232399e-01
6.626886265576265487e+02 -3.523378420982535175e+00 3.658811733632195695e-01
6.660355388129680705e+02 -3.505499160706110562e+00 3.640245221758683924e-01
6.693824510683095923e+02 -3.487710628109342625e+00 3.621772924998972187e-01
6.727293633236511141e+02 -3.470012362797800343e+00 3.603394365261767263e-01
6.760762755789926359e+02 -3.452403906713309656e+00 3.585109066881834727e-01
6.794231878343341577e+02 -3.434884804122093183e+00 3.566916556607683253e-01
6.827701000896757932e+02 -3.417454601602980091e+00 3.548816363589321066e-01
6.861170123450173151e+02 -3.400112848035670599e+00 3.530808019366069028e-01
6.894639246003588369e+02 -3.382859094589058202e+00 3.512891057854436450e-01
6.928108368557004724e+02 -3.365692894709612748e+00 3.495065015336052405e-01
6.961577491110419942e+02 -3.348613804109827008e+00 3.477329430445674219e-01
6.995046613663835160e+02 -3.331621380756713435e+00 3.459683844159237021e-01
7.028515736217250378e+02 -3.314715184860363983e+00 3.442127799781977693e-01
7.061984858770665596e+02 -3.297894778862573872e+00 3.424660842936618210e-01
7.095453981324080814e+02 -3.281159727425507100e+00 3.407282521551598387e-01
7.128923103877497169e+02 -3.264509597420436116e+00 3.389992385849380230e-01
7.162392226430912388e+02 -3.247943957916531232e+00 3.372789988334807809e-01
7.195861348984327606e+02 -3.231462380169703774e+00 3.355674883783520968e-01
7.229330471537743961e+02 -3.215064437611512727e+00 3.338646629230436202e-01
7.262799594091159179e+02 -3.198749705838125568e+00 3.321704783958283058e-01
7.296268716644574397e+02 -3.182517762599328837e+00 3.304848909486190478e-01
7.329737839197989615e+02 -3.166368187787606203e+00 3.288078569558348097e-01
7.363206961751404833e+02 -3.150300563427260059e+00 3.271393330132707500e-01
7.396676084304820051e+02 -3.134314473663598388e+00 3.254792759369753985e-01
7.430145206858236406e+02 -3.118409504752163386e+00 3.238276427621322173e-01
7.463614329411651624e+02 -3.102585245048036899e+00 3.221843907419488229e-01
7.497083451965066843e+02 -3.086841284995172519e+00 3.205494773465493719e-01
7.530552574518483198e+02 -3.071177217115804492e+00 3.189228602618747188e-01
7.564021697071898416e+02 -3.055592635999896611e+00 3.173044973885865705e-01
7.597490819625313634e+02 -3.040087138294655489e+00 3.156943468409788567e-01
7.630959942178728852e+02 -3.024660322694082915e+00 3.140923669458923762e-01
7.664429064732144070e+02 -3.009311789928596603e+00 3.124985162416373807e-01
7.697898187285559288e+02 -2.994041142754693574e+00 3.109127534769198231e-01
7.731367309838975643e+02 -2.978847985944666377e+00 3.093350376097737664e-01
7.764836432392390861e+02 -2.963731926276381934e+00 3.077653278064997888e-01
7.798305554945806080e+02 -2.948692572523094135e+00 3.062035834406070522e-01
7.831774677499222435e+02 -2.933729535443325709e+00 3.046497640917628091e-01
7.865243800052637653e+02 -2.918842427770791392e+00 3.031038295447456843e-01
7.898712922606052871e+02 -2.904030864204374396e+00 3.015657397884051183e-01
7.932182045159469226e+02 -2.889294461398154379e+00 3.000354550146256405e-01
7.965651167712883307e+02 -2.874632837951490494e+00 2.985129356172970261e-01
7.999120290266298525e+02 -2.860045614399140401e+00 2.969981421912882280e-01
8.032589412819714880e+02 -2.845532413201448563e+00 2.954910355314287473e-01
8.066058535373130098e+02 -2.831092858734570061e+00 2.939915766314930567e-01
8.099527657926545317e+02 -2.816726577280749488e+00 2.924997266831913523e-01
8.132996780479960535e+02 -2.802433197018650901e+00 2.910154470751653566e-01
8.166465903033376890e+02 -2.788212348013729969e+00 2.895386993919883967e-01
8.199935025586793245e+02 -2.774063662208664294e+00 2.880694454131718651e-01
8.233404148140207326e+02 -2.759986773413826366e+00 2.866076471121756786e-01
8.266873270693623681e+02 -2.745981317297801372e+00 2.851532666554237871e-01
8.300342393247038899e+02 -2.732046931377965837e+00 2.837062664013257351e-01
8.333811515800452980e+02 -2.718183255011098698e+00 2.822666088993016631e-01
8.367280638353869335e+02 -2.704389929384050095e+00 2.808342568888133051e-01
8.400749760907285690e+02 -2.690666597504457247e+00 2.794091732984000931e-01
8.434218883460699772e+02 -2.677012904191502507e+00 2.779913212447190918e-01
8.467688006014116127e+02 -2.663428496066718054e+00 2.765806640315903731e-01
8.501157128567532482e+02 -2.649913021544844760e+00 2.751771651490477755e-01
8.534626251120946563e+02 -2.636466130824731025e+00 2.737807882723936603e-01
8.568095373674362918e+02 -2.623087475880276465e+00 2.723914972612584418e-01
8.601564496227778136e+02 -2.609776710451430226e+00 2.710092561586661675e-01
8.635033618781192217e+02 -2.596533490035223934e+00 2.696340291901028197e-01
8.668502741334608572e+02 -2.583357471876856604e+00 2.682657807625909996e-01
8.701971863888024927e+02 -2.570248314960826619e+00 2.669044754637686645e-01
8.735440986441439009e+02 -2.557205680002105019e+00 2.655500780609729716e-01
8.768910108994855364e+02 -2.544229229437346973e+00 2.642025535003271752e-01
8.802379231548271719e+02 -2.531318627416165423e+00 2.628618669058346291e-01
8.835848354101685800e+02 -2.518473539792435378e+00 2.615279835784760087e-01
8.869317476655102155e+02 -2.505693634115639945e+00 2.602008689953103637e-01
8.902786599208517373e+02 -2.492978579622275870e+00 2.588804888085826095e-01
8.936255721761932591e+02 -2.480328047227284394e+00 2.575668088448340720e-01
8.969724844315347809e+02 -2.467741709515537618e+00 2.562597951040178068e-01
9.003193966868764164e+02 -2.455219240733365726e+00 2.549594137586193021e-01
9.036663089422178246e+02 -2.442760316780124619e+00 2.536656311527804575e-01
9.070132211975594601e+02 -2.430364615199804845e+00 2.523784138014285583e-01
9.103601334529010956e+02 -2.418031815172690724e+00 2.510977283894096357e-01
9.137070457082425037e+02 -2.405761597507056759e+00 2.498235417706267947e-01
9.170539579635841392e+02 -2.393553644630900479e+00 2.485558209671811791e-01
9.204008702189256610e+02 -2.381407640583729890e+00 2.472945331685194592e-01
9.237477824742671828e+02 -2.369323271008384246e+00 2.460396457305844553e-01
9.270946947296087046e+02 -2.357300223142895224e+00 2.447911261749698419e-01
9.304416069849503401e+02 -2.345338185812394283e+00 2.435489421880798200e-01
9.337885192402917482e+02 -2.333436849421061776e+00 2.423130616202931742e-01
9.371354314956333837e+02 -2.321595905944107585e+00 2.410834524851303839e-01
9.404823437509750192e+02 -2.309815048919802827e+00 2.398600829584262573e-01
9.438292560063164274e+02 -2.298093973441551974e+00 2.386429213775066172e-01
9.471761682616580629e+02 -2.286432376149991619e+00 2.374319362403678191e-01
9.505230805169995847e+02 -2.274829955225149636e+00 2.362270962048625134e-01
9.538699927723411065e+02 -2.263286410378626101e+00 2.350283700878877946e-01
9.572169050276826283e+02 -2.251801442845824841e+00 2.338357268645782638e-01
9.605638172830242638e+02 -2.240374755378219618e+00 2.326491356675031708e-01
9.639107295383656719e+02 -2.229006052235663393e+00 2.314685657858676360e-01
9.672576417937073074e+02 -2.217695039178729122e+00 2.302939866647172873e-01
9.706045540490489429e+02 -2.206441423461098505e+00 2.291253679041479197e-01
9.739514663043903511e+02 -2.195244913821986277e+00 2.279626792585188189e-01
9.772983785597319866e+02 -2.184105220478596898e+00 2.268058906356693882e-01
9.806452908150735084e+02 -2.173022055118629225e+00 2.256549720961408545e-01
9.839922030704150302e+02 -2.161995130892811812e+00 2.245098938524010546e-01
9.873391153257565520e+02 -2.151024162407481288e+00 2.233706262680737742e-01
9.906860275810981875e+02 -2.140108865717192277e+00 2.222371398571713341e-01
9.940329398364395956e+02 -2.129248958317372598e+00 2.211094052833318668e-01
9.973798520917812311e+02 -2.118444159137008675e+00 2.199873933590597297e-01
1.000726764347122867e+03 -2.107694188531371360e+00 2.188710750449701925e-01
1.004073676602464275e+03 -2.096998768274779934e+00 2.177604214490379275e-01
1.007420588857805910e+03 -2.086357621553399433e+00 2.166554038258491077e-01
1.010767501113147546e+03 -2.075770472958078372e+00 2.155559935758576684e-01
1.014114413368488954e+03 -2.065237048477217563e+00 2.144621622446447606e-01
1.017461325623830476e+03 -2.054757075489680229e+00 2.133738815221824237e-01
1.020808237879172111e+03 -2.044330282757737649e+00 2.122911232421012540e-01
1.024155150134513633e+03 -2.033956400420046773e+00 2.112138593809608778e-01
1.027502062389855155e+03 -2.023635159984664700e+00 2.101420620575248088e-01
1.030848974645196677e+03 -2.013366294322103123e+00 2.090757035320390256e-01
1.034195886900538198e+03 -2.003149537658413859e+00 2.080147562055140731e-01
1.037542799155879720e+03 -1.992984625568306800e+00 2.069591926190103015e-01
1.040889711411221469e+03 -1.982871294968311382e+00 2.059089854529277397e-01
1.044236623666562764e+03 -1.972809284109962924e+00 2.048641075262986333e-01
1.047583535921904513e+03 -1.962798332573031379e+00 2.038245317960841740e-01
1.050930448177246035e+03 -1.952838181258778061e+00 2.027902313564742820e-01
1.054277360432587557e+03 -1.942928572383255448e+00 2.017611794381919121e-01
1.057624272687929079e+03 -1.933069249470627193e+00 2.007373494077992759e-01
1.060971184943270600e+03 -1.923259957346538096e+00 1.997187147670094198e-01
1.064318097198612122e+03 -1.913500442131505608e+00 1.987052491519999131e-01
1.067665009453953644e+03 -1.903790451234346648e+00 1.976969263327303383e-01
1.071011921709295393e+03 -1.894129733345647493e+00 1.966937202122641115e-01
1.074358833964636688e+03 -1.884518038431253206e+00 1.956956048260924397e-01
1.077705746219978437e+03 -1.874955117725798370e+00 1.947025543414625526e-01
1.081052658475319959e+03 -1.865440723726268457e+00 1.937145430567089599e-01
1.084399570730661480e+03 -1.855974610185596285e+00 1.927315454005887052e-01
1.087746482986003002e+03 -1.846556532106283566e+00 1.917535359316187293e-01
1.091093395241344524e+03 -1.837186245734066192e+00 1.907804893374183131e-01
1.094440307496686046e+03 -1.827863508551601068e+00 1.898123804340533238e-01
1.097787219752027568e+03 -1.818588079272190017e+00 1.888491841653845427e-01
1.101134132007369317e+03 -1.809359717833537884e+00 1.878908756024194882e-01
1.104481044262710611e+03 -1.800178185391536401e+00 1.869374299426668218e-01
1.107827956518052360e+03 -1.791043244314082461e+00 1.859888225094945835e-01
1.111174868773393882e+03 -1.781954658174929262e+00 1.850450287514915082e-01
1.114521781028735404e+03 -1.772912191747567867e+00 1.841060242418317283e-01
1.117868693284076926e+03 -1.763915610999135630e+00 1.831717846776422520e-01
1.121215605539418675e+03 -1.754964683084364152e+00 1.822422858793743827e-01
1.124562517794759970e+03 -1.746059176339548324e+00 1.813175037901775533e-01
1.127909430050101491e+03 -1.737198860276552015e+00 1.803974144752767406e-01
1.131256342305443241e+03 -1.728383505576845725e+00 1.794819941213534609e-01
1.134603254560784535e+03 -1.719612884085565785e+00 1.785712190359286800e-01
1.137950166816126284e+03 -1.710886768805613967e+00 1.776650656467502476e-01
1.141297079071467806e+03 -1.702204933891780403e+00 1.767635105011824970e-01
1.144643991326809328e+03 -1.693567154644900041e+00 1.758665302655994800e-01
1.147990903582150850e+03 -1.684973207506033077e+00 1.749741017247806174e-01
1.151337815837492599e+03 -1.676422870050684688e+00 1.740862017813104567e-01
1.154684728092833893e+03 -1.667915920983044087e+00 1.732028074549804564e-01
1.158031640348175415e+03 -1.659452140130257325e+00 1.723238958821942668e-01
1.161378552603517164e+03 -1.651031308436732292e+00 1.714494443153762038e-01
1.164725464858858459e+03 -1.642653207958464590e+00 1.705794301223822196e-01
1.168072377114200208e+03 -1.634317621857400038e+00 1.697138307859143436e-01
1.171419289369541730e+03 -1.626024334395821169e+00 1.688526239029378706e-01
1.174766201624883251e+03 -1.617773130930765024e+00 1.679957871841015471e-01
1.178113113880224773e+03 -1.609563797908464711e+00 1.671432984531604493e-01
1.181460026135566522e+03 -1.601396122858827153e+00 1.662951356464024977e-01
1.184806938390907817e+03 -1.593269894389929942e+00 1.654512768120770805e-01
1.188153850646249566e+03 -1.585184902182549704e+00 1.646117001098266752e-01
1.191500762901591088e+03 -1.577140936984724462e+00 1.637763838101223279e-01
1.194847675156932382e+03 -1.569137790606331517e+00 1.629453062937006314e-01
1.198194587412274132e+03 -1.561175255913701543e+00 1.621184460510042558e-01
1.201541499667615653e+03 -1.553253126824258201e+00 1.612957816816254775e-01
1.204888411922957175e+03 -1.545371198301185967e+00 1.604772918937523440e-01
1.208235324178298697e+03 -1.537529266348117041e+00 1.596629555036170878e-01
1.211582236433640446e+03 -1.529727128003860237e+00 1.588527514349485914e-01
1.214929148688981741e+03 -1.521964581337142075e+00 1.580466587184263805e-01
1.218276060944323490e+03 -1.514241425441381406e+00 1.572446564911379463e-01
1.221622973199665012e+03 -1.506557460429492012e+00 1.564467239960390943e-01
1.224969885455006306e+03 -1.498912487428707863e+00 1.556528405814165406e-01
1.228316797710348055e+03 -1.491306308575433892e+00 1.548629857003531729e-01
1.231663709965689577e+03 -1.483738727010128544e+00 1.540771389101966982e-01
1.235010622221031099e+03 -1.476209546872207179e+00 1.532952798720302601e-01
1.238357534476372621e+03 -1.468718573294970797e+00 1.525173883501460548e-01
1.241704446731714370e+03 -1.461265612400567848e+00 1.517434442115218607e-01
1.245051358987055664e+03 -1.453850471294970692e+00 1.509734274252996500e-01
1.248398271242397414e+03 -1.446472958062986258e+00 1.502073180622671977e-01
1.251745183497738935e+03 -1.439132881763288685e+00 1.494450962943425498e-01
1.255092095753080457e+03 -1.431830052423477495e+00 1.486867423940605726e-01
1.258439008008421979e+03 -1.424564281035159530e+00 1.479322367340624167e-01
1.261785920263763501e+03 -1.417335379549058194e+00 1.471815597865875902e-01
1.265132832519105023e+03 -1.410143160870148460e+00 1.464346921229687237e-01
1.268479744774446544e+03 -1.402987438852808300e+00 1.456916144131281399e-01
1.271826657029788294e+03 -1.395868028296009866e+00 1.449523074250784194e-01
1.275173569285129588e+03 -1.388784744938518223e+00 1.442167520244239387e-01
1.278520481540471337e+03 -1.381737405454126488e+00 1.434849291738658772e-01
1.281867393795812859e+03 -1.374725827446910076e+00 1.427568199327095833e-01
1.285214306051154381e+03 -1.367749829446507581e+00 1.420324054563743832e-01
1.288561218306495903e+03 -1.360809230903419653e+00 1.413116669959055549e-01
1.291908130561837424e+03 -1.353903852184341394e+00 1.405945858974894380e-01
1.295255042817179174e+03 -1.347033514567510526e+00 1.398811436019705423e-01
1.298601955072520468e+03 -1.340198040238081534e+00 1.391713216443710432e-01
1.301948867327862217e+03 -1.333397252283523793e+00 1.384651016534130252e-01
1.305295779583203739e+03 -1.326630974689044118e+00 1.377624653510430008e-01
1.308642691838545261e+03 -1.319899032333030409e+00 1.370633945519589281e-01
1.311989604093886783e+03 -1.313201250982516388e+00 1.363678711631391149e-01
1.315336516349228305e+03 -1.306537457288678095e+00 1.356758771833746213e-01
1.318683428604569826e+03 -1.299907478782343251e+00 1.349873947028029653e-01
1.322030340859911348e+03 -1.293311143869527724e+00 1.343024059024445216e-01
1.325377253115253097e+03 -1.286748281826994189e+00 1.336208930537413353e-01
1.328724165370594392e+03 -1.280218722797836550e+00 1.329428385180987104e-01
1.332071077625936141e+03 -1.273722297787079683e+00 1.322682247464280758e-01
1.335417989881277663e+03 -1.267258838657308928e+00 1.315970342786933478e-01
1.338764902136619185e+03 -1.260828178124317578e+00 1.309292497434587643e-01
1.342111814391960706e+03 -1.254430149752773671e+00 1.302648538574389669e-01
1.345458726647302228e+03 -1.248064587951918547e+00 1.296038294250524414e-01
1.348805638902643750e+03 -1.241731327971277610e+00 1.289461593379758741e-01
1.352152551157985272e+03 -1.235430205896395961e+00 1.282918265747015618e-01
1.355499463413327021e+03 -1.229161058644596016e+00 1.276408142000967083e-01
1.358846375668668315e+03 -1.222923723960760212e+00 1.269931053649655250e-01
1.362193287924010065e+03 -1.216718040413125479e+00 1.263486833056125525e-01
1.365540200179351586e+03 -1.210543847389111916e+00 1.257075313434094233e-01
1.368887112434693108e+03 -1.204400985091161003e+00 1.250696328843627914e-01
1.372234024690034630e+03 -1.198289294532600247e+00 1.244349714186847450e-01
1.375580936945376152e+03 -1.192208617533531356e+00 1.238035305203660091e-01
1.378927849200717674e+03 -1.186158796716733743e+00 1.231752938467503833e-01
1.382274761456059196e+03 -1.180139675503591334e+00 1.225502451381118574e-01
1.385621673711400945e+03 -1.174151098110041813e+00 1.219283682172339345e-01
1.388968585966742239e+03 -1.168192909542542735e+00 1.213096469889907297e-01
1.392315498222083988e+03 -1.162264955594060734e+00 1.206940654399305257e-01
1.395662410477425510e+03 -1.156367082840081828e+00 1.200816076378613956e-01
1.399009322732767032e+03 -1.150499138634639484e+00 1.194722577314387968e-01
1.402356234988108554e+03 -1.144660971106361558e+00 1.188659999497550107e-01
1.405703147243450076e+03 -1.138852429154543877e+00 1.182628186019314964e-01
1.409050059498791597e+03 -1.133073362445237819e+00 1.176626980767125213e-01
1.412396971754133119e+03 -1.127323621407356757e+00 1.170656228420609152e-01
1.415743884009474868e+03 -1.121603057228810485e+00 1.164715774447565716e-01
1.419090796264816163e+03 -1.115911521852647859e+00 1.158805465099959631e-01
1.422437708520157912e+03 -1.110248867973227860e+00 1.152925147409944867e-01
1.425784620775499434e+03 -1.104614949032408422e+00 1.147074669185907114e-01
1.429131533030840956e+03 -1.099009619215750799e+00 1.141253879008522210e-01
1.432478445286182478e+03 -1.093432733448745697e+00 1.135462626226837052e-01
1.435825357541523999e+03 -1.087884147393060275e+00 1.129700760954372579e-01
1.439172269796865521e+03 -1.082363717442801798e+00 1.123968134065243957e-01
1.442519182052207043e+03 -1.076871300720799285e+00 1.118264597190298526e-01
1.445866094307548792e+03 -1.071406755074908235e+00 1.112590002713279708e-01
1.449213006562890087e+03 -1.065969939074329353e+00 1.106944203767002977e-01
1.452559918818231836e+03 -1.060560712005949258e+00 1.101327054229556818e-01
1.455906831073573358e+03 -1.055178933870698277e+00 1.095738408720519919e-01
1.459253743328914879e+03 -1.049824465379928240e+00 1.090178122597200289e-01
1.462600655584256401e+03 -1.044497167951804029e+00 1.084646051950887424e-01
1.465947567839597923e+03 -1.039196903707721331e+00 1.079142053603133200e-01
1.469294480094939445e+03 -1.033923535468735055e+00 1.073665985102042059e-01
1.472641392350280967e+03 -1.028676926752009724e+00 1.068217704718586042e-01
1.475988304605622716e+03 -1.023456941767287631e+00 1.062797071442936059e-01
1.479335216860964010e+03 -1.018263445413373880e+00 1.057403944980812582e-01
1.482682129116305759e+03 -1.013096303274639176e+00 1.052038185749853832e-01
1.486029041371647281e+03 -1.007955381617542612e+00 1.046699654876004776e-01
1.489375953626988803e+03 -1.002840547387169545e+00 1.041388214189922085e-01
1.492722865882330325e+03 -9.977516682037866902e-01 1.036103726223396582e-01
1.496069778137671847e+03 -9.926886123594177436e-01 1.030846054205797474e-01
1.499416690393013369e+03 -9.876512488144345570e-01 1.025615062060532545e-01
1.502763602648354890e+03 -9.826394471941636288e-01 1.020410614401523891e-01
1.506110514903696640e+03 -9.776530777855144683e-01 1.015232576529706970e-01
1.509457427159037934e+03 -9.726920115336201711e-01 1.010080814429541868e-01
1.512804339414379683e+03 -9.677561200384983131e-01 1.004955194765545928e-01
1.516151251669721205e+03 -9.628452755517281636e-01 9.998555848788431843e-02
1.519498163925062727e+03 -9.579593509731442191e-01 9.947818527837309910e-02
1.522845076180404249e+03 -9.530982198475448364e-01 9.897338671642617880e-02
1.526191988435745770e+03 -9.482617563614221812e-01 9.847114973708478991e-02
1.529538900691087292e+03 -9.434498353397048342e-01 9.797146134168781273e-02
1.532885812946428814e+03 -9.386623322425163840e-01 9.747430859753525301e-02
1.536232725201770563e+03 -9.338991231619553357e-01 9.697967863755382889e-02
1.539579637457111858e+03 -9.291600848188855677e-01 9.648755865996364034e-02
1.542926549712453607e+03 -9.244450945597462166e-01 9.599793592794697572e-02
1.546273461967795129e+03 -9.197540303533785488e-01 9.551079776931871435e-02
1.549620374223136650e+03 -9.150867707878669322e-01 9.502613157619832496e-02
1.552967286478478172e+03 -9.104431950673946838e-01 9.454392480468340465e-02
1.556314198733819694e+03 -9.058231830091205694e-01 9.406416497452523007e-02
1.559661110989161216e+03 -9.012266150400672915e-01 9.358683966880572414e-02
1.563008023244502738e+03 -8.966533721940244117e-01 9.311193653361579670e-02
1.566354935499844487e+03 -8.921033361084741431e-01 9.263944327773615539e-02
1.569701847755185781e+03 -8.875763890215223606e-01 9.216934767231854675e-02
1.573048760010527531e+03 -8.830724137688561459e-01 9.170163755056986998e-02
1.576395672265869052e+03 -8.785912937807063283e-01 9.123630080743672099e-02
1.579742584521210574e+03 -8.741329130788352275e-01 9.077332539929260091e-02
1.583089496776552096e+03 -8.696971562735306138e-01 9.031269934362579077e-02
1.586436409031893845e+03 -8.652839085606227609e-01 8.985441071872952989e-02
1.589783321287235140e+03 -8.608930557185113797e-01 8.939844766339330451e-02
1.593130233542576661e+03 -8.565244841052092051e-01 8.894479837659584331e-02
1.596477145797918411e+03 -8.521780806554019039e-01 8.849345111719986168e-02
1.599824058053259705e+03 -8.478537328775201942e-01 8.804439420364790214e-02
1.603170970308601454e+03 -8.435513288508303953e-01 8.759761601366031214e-02
1.606517882563942976e+03 -8.392707572225357460e-01 8.715310498393417926e-02
1.609864794819284498e+03 -8.350119072048962643e-01 8.671084960984429268e-02
1.613211707074626020e+03 -8.307746685723594871e-01 8.627083844514510380e-02
1.616558619329967769e+03 -8.265589316587091950e-01 8.583306010167472688e-02
1.619905531585309063e+03 -8.223645873542272389e-01 8.539750324906016099e-02
1.623252443840650812e+03 -8.181915271028673553e-01 8.496415661442385803e-02
1.626599356095992107e+03 -8.140396428994480793e-01 8.453300898209215042e-02
1.629946268351333629e+03 -8.099088272868564253e-01 8.410404919330492779e-02
1.633293180606675378e+03 -8.057989733532670007e-01 8.367726614592682632e-02
1.636640092862016900e+03 -8.017099747293735534e-01 8.325264879415979202e-02
1.639987005117358649e+03 -7.976417255856385058e-01 8.283018614825739256e-02
1.643333917372699716e+03 -7.935941206295525907e-01 8.240986727424030878e-02
1.646680829628041465e+03 -7.895670551029080331e-01 8.199168129361310287e-02
1.650027741883382987e+03 -7.855604247790902717e-01 8.157561738308308219e-02
1.653374654138724736e+03 -7.815741259603790070e-01 8.116166477427991244e-02
1.656721566394066258e+03 -7.776080554752644591e-01 8.074981275347703491e-02
1.660068478649407780e+03 -7.736621106757762822e-01 8.034005066131418016e-02
1.663415390904749074e+03 -7.697361894348285771e-01 7.993236789252179675e-02
1.666762303160090596e+03 -7.658301901435750070e-01 7.952675389564624331e-02
1.670109215415432345e+03 -7.619440117087799003e-01 7.912319817277695122e-02
1.673456127670773867e+03 -7.580775535502018991e-01 7.872169027927461427e-02
1.676803039926115616e+03 -7.542307155979908195e-01 7.832221982350090483e-02
1.680149952181457138e+03 -7.504033982900970567e-01 7.792477646654946688e-02
1.683496864436798433e+03 -7.465955025696957570e-01 7.752934992197844932e-02
1.686843776692139954e+03 -7.428069298826205369e-01 7.713592995554396925e-02
1.690190688947481704e+03 -7.390375821748168539e-01 7.674450638493568455e-02
1.693537601202823225e+03 -7.352873618898012609e-01 7.635506907951294941e-02
1.696884513458164747e+03 -7.315561719661369811e-01 7.596760796004267680e-02
1.700231425713506496e+03 -7.278439158349223614e-01 7.558211299843850539e-02
1.703578337968847563e+03 -7.241504974172917608e-01 7.519857421750132664e-02
1.706925250224189313e+03 -7.204758211219269848e-01 7.481698169066081094e-02
1.710272162479530834e+03 -7.168197918425855963e-01 7.443732554171876570e-02
1.713619074734872584e+03 -7.131823149556388852e-01 7.405959594459347872e-02
1.716965986990214105e+03 -7.095632963176217167e-01 7.368378312306526901e-02
1.720312899245555627e+03 -7.059626422627965914e-01 7.330987735052350851e-02
1.723659811500897376e+03 -7.023802596007295840e-01 7.293786894971493462e-02
1.727006723756238443e+03 -6.988160556138798274e-01 7.256774829249333647e-02
1.730353636011580193e+03 -6.952699380551954356e-01 7.219950579956986580e-02
1.733700548266921714e+03 -6.917418151457311870e-01 7.183313194026569315e-02
1.737047460522263464e+03 -6.882315955722703160e-01 7.146861723226499707e-02
1.740394372777604985e+03 -6.847391884849620691e-01 7.110595224136968817e-02
1.743741285032946507e+03 -6.812645034949698086e-01 7.074512758125514611e-02
1.747088197288287802e+03 -6.778074506721317727e-01 7.038613391322731672e-02
1.750435109543629551e+03 -6.743679405426330487e-01 7.002896194598096091e-02
1.753782021798971073e+03 -6.709458840866920903e-01 6.967360243535941633e-02
1.757128934054312595e+03 -6.675411927362533415e-01 6.932004618411498342e-02
1.760475846309654344e+03 -6.641537783726980670e-01 6.896828404167119897e-02
1.763822758564995866e+03 -6.607835533245619564e-01 6.861830690388584508e-02
1.767169670820337160e+03 -6.574304303652667159e-01 6.827010571281537377e-02
1.770516583075678682e+03 -6.540943227108608760e-01 6.792367145648033067e-02
1.773863495331020431e+03 -6.507751440177766966e-01 6.757899516863237477e-02
1.777210407586361953e+03 -6.474728083805937340e-01 6.723606792852208913e-02
1.780557319841703475e+03 -6.441872303298145086e-01 6.689488086066795736e-02
1.783904232097045224e+03 -6.409183248296543844e-01 6.655542513462689436e-02
1.787251144352386518e+03 -6.376660072758399966e-01 6.621769196476556818e-02
1.790598056607728040e+03 -6.344301934934185594e-01 6.588167261003299857e-02
1.793944968863069562e+03 -6.312107997345804966e-01 6.554735837373434904e-02
1.797291881118411311e+03 -6.280077426764920645e-01 6.521474060330595401e-02
1.800638793373752833e+03 -6.248209394191376331e-01 6.488381069009117874e-02
1.803985705629094355e+03 -6.216503074831754017e-01 6.455456006911779177e-02
1.807332617884435649e+03 -6.184957648078015513e-01 6.422698021887612851e-02
1.810679530139777398e+03 -6.153572297486268328e-01 6.390106266109867039e-02
1.814026442395118920e+03 -6.122346210755645890e-01 6.357679896054060920e-02
1.817373354650460442e+03 -6.091278579707259944e-01 6.325418072476141074e-02
1.820720266905802191e+03 -6.060368600263309480e-01 6.293319960390775236e-02
1.824067179161143713e+03 -6.029615472426252953e-01 6.261384729049733477e-02
1.827414091416485007e+03 -5.999018400258112615e-01 6.229611551920390122e-02
1.830761003671826529e+03 -5.968576591859857672e-01 6.197999606664320038e-02
1.834107915927168278e+03 -5.938289259350933991e-01 6.166548075116037864e-02
1.837454828182509800e+03 -5.908155618848858204e-01 6.135256143261808015e-02
1.840801740437851322e+03 -5.878174890448922829e-01 6.104123001218571265e-02
1.844148652693193071e+03 -5.848346298204030180e-01 6.073147843213003161e-02
1.847495564948534366e+03 -5.818669070104595109e-01 6.042329867560642526e-02
1.850842477203875887e+03 -5.789142438058563211e-01 6.011668276645144166e-02
1.854189389459217409e+03 -5.759765637871538946e-01 5.981162276897640517e-02
1.857536301714559158e+03 -5.730537909227007010e-01 5.950811078776205298e-02
1.860883213969900680e+03 -5.701458495666652526e-01 5.920613896745414995e-02
1.864230126225242202e+03 -5.672526644570777821e-01 5.890569949256014431e-02
1.867577038480583496e+03 -5.643741607138829108e-01 5.860678458724694756e-02
1.870923950735925246e+03 -5.615102638370012000e-01 5.830938651513962317e-02
1.874270862991266767e+03 -5.586608997044020253e-01 5.801349757912129673e-02
1.877617775246608289e+03 -5.558259945701834459e-01 5.771911012113372513e-02
1.880964687501950038e+03 -5.530054750626650639e-01 5.742621652197928139e-02
1.884311599757291560e+03 -5.501992681824885434e-01 5.713480920112369577e-02
1.887658512012632855e+03 -5.474073013007286770e-01 5.684488061649987933e-02
1.891005424267974377e+03 -5.446295021570114470e-01 5.655642326431254557e-02
1.894352336523316126e+03 -5.418657988576475182e-01 5.626942967884434460e-02
1.897699248778657648e+03 -5.391161198737683957e-01 5.598389243226231660e-02
1.901046161033999169e+03 -5.363803940394772374e-01 5.569980413442589262e-02
1.904393073289340919e+03 -5.336585505500049953e-01 5.541715743269538808e-02
1.907739985544682213e+03 -5.309505189598802133e-01 5.513594501174197415e-02
1.911086897800023735e+03 -5.282562291811030430e-01 5.485615959335803787e-02
1.914433810055365257e+03 -5.255756114813335822e-01 5.457779393626908254e-02
1.917780722310707006e+03 -5.229085964820860966e-01 5.430084083594616251e-02
1.921127634566048528e+03 -5.202551151569340115e-01 5.402529312441953918e-02
1.924474546821390049e+03 -5.176150988297223421e-01 5.375114367009299621e-02
1.927821459076731344e+03 -5.149884791727908917e-01 5.347838537755938287e-02
1.931168371332073093e+03 -5.123751882052056672e-01 5.320701118741691382e-02
1.934515283587414615e+03 -5.097751582910002854e-01 5.293701407608657900e-02
1.937862195842756137e+03 -5.071883221374237083e-01 5.266838705563015727e-02
1.941209108098097886e+03 -5.046146127932003012e-01 5.240112317356955540e-02
1.944556020353439408e+03 -5.020539636467961087e-01 5.213521551270676457e-02
1.947902932608780702e+03 -4.995063084246955665e-01 5.187065719094490629e-02
1.951249844864122224e+03 -4.969715811896842639e-01 5.160744136110990976e-02
1.954596757119463973e+03 -4.944497163391453620e-01 5.134556121077359786e-02
1.957943669374805495e+03 -4.919406486033598425e-01 5.108500996207718248e-02
1.961290581630147017e+03 -4.894443130438175249e-01 5.082578087155588398e-02
1.964637493885488766e+03 -4.869606450515358009e-01 5.056786722996432781e-02
1.967984406140830060e+03 -4.844895803453893590e-01 5.031126236210310687e-02
1.971331318396171582e+03 -4.820310549704440173e-01 5.005595962664575321e-02
1.974678230651513104e+03 -4.795850052963030463e-01 4.980195241596701433e-02
1.978025142906854853e+03 -4.771513680154602088e-01 4.954923415597184411e-02
1.981372055162196375e+03 -4.747300801416607374e-01 4.929779830592515705e-02
1.984718967417538124e+03 -4.723210790082716382e-01 4.904763835828265112e-02
1.988065879672879191e+03 -4.699243022666593217e-01 4.879874783852228975e-02
1.991412791928220940e+03 -4.675396878845757831e-01 4.855112030497673453e-02
1.994759704183562462e+03 -4.651671741445546071e-01 4.830474934866678394e-02
1.998106616438903984e+03 -4.628066996423111368e-01 4.805962859313523544e-02
2.001453528694245733e+03 -4.604582032851555207e-01 4.781575169428207983e-02
2.004800440949587255e+03 -4.581216242904105340e-01 4.757311234020022289e-02
2.008147353204928550e+03 -4.557969021838386703e-01 4.733170425101213691e-02
2.011494265460270071e+03 -4.534839767980756164e-01 4.709152117870718524e-02
2.014841177715611821e+03 -4.511827882710756077e-01 4.685255690698018199e-02
2.018188089970953342e+03 -4.488932770445603904e-01 4.661480525107031953e-02
2.021535002226295092e+03 -4.466153838624778438e-01 4.637826005760114362e-02
2.024881914481636613e+03 -4.443490497694685959e-01 4.614291520442126426e-02
2.028228826736977908e+03 -4.420942161093407430e-01 4.590876460044600316e-02
2.031575738992319430e+03 -4.398508245235503988e-01 4.567580218549959631e-02
2.034922651247660951e+03 -4.376188169496922908e-01 4.544402193015845831e-02
2.038269563503002701e+03 -4.353981356199971842e-01 4.521341783559513355e-02
2.041616475758344222e+03 -4.331887230598359118e-01 4.498398393342296214e-02
2.044963388013685972e+03 -4.309905220862328412e-01 4.475571428554171727e-02
2.048310300269027266e+03 -4.288034758063846708e-01 4.452860298398376993e-02
2.051657212524368788e+03 -4.266275276161888286e-01 4.430264415076130835e-02
2.055004124779710310e+03 -4.244626211987787001e-01 4.407783193771417501e-02
2.058351037035051831e+03 -4.223087005230650726e-01 4.385416052635847384e-02
2.061697949290393353e+03 -4.201657098422869052e-01 4.363162412773601007e-02
2.065044861545735330e+03 -4.180335936925679285e-01 4.341021698226444486e-02
2.068391773801076397e+03 -4.159122968914821250e-01 4.318993335958831725e-02
2.071738686056417919e+03 -4.138017645366230401e-01 4.297076755843048240e-02
2.075085598311759441e+03 -4.117019420041862499e-01 4.275271390644488217e-02
2.078432510567101417e+03 -4.096127749475531599e-01 4.253576676006951690e-02
2.081779422822442939e+03 -4.075342092958855744e-01 4.231992050438047881e-02
2.085126335077784461e+03 -4.054661912527250944e-01 4.210516955294652669e-02
2.088473247333125528e+03 -4.034086672946025631e-01 4.189150834768465281e-02
2.091820159588467504e+03 -4.013615841696511755e-01 4.167893135871609395e-02
2.095167071843809026e+03 -3.993248888962286913e-01 4.146743308422324442e-02
2.098513984099150548e+03 -3.972985287615469763e-01 4.125700805030734636e-02
2.101860896354492070e+03 -3.952824513203066492e-01 4.104765081084669337e-02
2.105207808609833592e+03 -3.932766043933404454e-01 4.083935594735577795e-02
2.108554720865175113e+03 -3.912809360662622971e-01 4.063211806884497318e-02
2.111901633120516635e+03 -3.892953946881235749e-01 4.042593181168102623e-02
2.115248545375858157e+03 -3.873199288700770460e-01 4.022079183944828051e-02
2.118595457631199679e+03 -3.853544874840464374e-01 4.001669284281056393e-02
2.121942369886541201e+03 -3.833990196614023849e-01 3.981362953937366000e-02
2.125289282141883177e+03 -3.814534747916474844e-01 3.961159667354875735e-02
2.128636194397224244e+03 -3.795178025211053963e-01 3.941058901641635026e-02
2.131983106652565766e+03 -3.775919527516166663e-01 3.921060136559077758e-02
2.135330018907907288e+03 -3.756758756392445942e-01 3.901162854508584410e-02
2.138676931163249265e+03 -3.737695215929830450e-01 3.881366540518065705e-02
2.142023843418590786e+03 -3.718728412734741418e-01 3.861670682228642015e-02
2.145370755673932308e+03 -3.699857855917301763e-01 3.842074769881376195e-02
2.148717667929273375e+03 -3.681083057078646803e-01 3.822578296304093154e-02
2.152064580184615352e+03 -3.662403530298265486e-01 3.803180756898236203e-02
2.155411492439956874e+03 -3.643818792121438777e-01 3.783881649625820548e-02
2.158758404695298395e+03 -3.625328361546721334e-01 3.764680474996436738e-02
2.162105316950639917e+03 -3.606931760013491473e-01 3.745576736054320038e-02
2.165452229205981439e+03 -3.588628511389569953e-01 3.726569938365494050e-02
2.168799141461322961e+03 -3.570418141958888736e-01 3.707659590004964284e-02
2.172146053716664483e+03 -3.552300180409236341e-01 3.688845201543993618e-02
2.175492965972006004e+03 -3.534274157820061490e-01 3.670126286037438817e-02
2.178839878227347526e+03 -3.516339607650333376e-01 3.651502359011139093e-02
2.182186790482689048e+03 -3.498496065726463544e-01 3.632972938449380296e-02
2.185533702738031025e+03 -3.480743070230298830e-01 3.614537544782419481e-02
2.188880614993372092e+03 -3.463080161687170366e-01 3.596195700874080942e-02
2.192227527248713614e+03 -3.445506882953986438e-01 3.577946932009386238e-02
2.195574439504055135e+03 -3.428022779207421933e-01 3.559790765882293179e-02
2.198921351759397112e+03 -3.410627397932132765e-01 3.541726732583455606e-02
2.202268264014738634e+03 -3.393320288909049132e-01 3.523754364588067151e-02
2.205615176270080156e+03 -3.376101004203720390e-01 3.505873196743757025e-02
2.208962088525421223e+03 -3.358969098154727106e-01 3.488082766258557288e-02
2.212309000780763199e+03 -3.341924127362138619e-01 3.470382612688919372e-02
2.215655913036104721e+03 -3.324965650676043882e-01 3.452772277927798616e-02
2.219002825291446243e+03 -3.308093229185131157e-01 3.435251306192799864e-02
2.222349737546787765e+03 -3.291306426205330982e-01 3.417819244014381336e-02
2.225696649802129286e+03 -3.274604807268509110e-01 3.400475640224114027e-02
2.229043562057470808e+03 -3.257987940111228276e-01 3.383220045943011872e-02
2.232390474312812330e+03 -3.241455394663549372e-01 3.366052014569899387e-02
2.235737386568153852e+03 -3.225006743037915347e-01 3.348971101769872977e-02
2.239084298823495374e+03 -3.208641559518068398e-01 3.331976865462787929e-02
2.242431211078837350e+03 -3.192359420548029347e-01 3.315068865811817561e-02
2.245778123334178872e+03 -3.176159904721141403e-01 3.298246665212073436e-02
2.249125035589519939e+03 -3.160042592769166658e-01 3.281509828279283864e-02
2.252471947844861461e+03 -3.144007067551415902e-01 3.264857921838504318e-02
2.255818860100202983e+03 -3.128052914043976118e-01 3.248290514912934718e-02
2.259165772355544959e+03 -3.112179719328956873e-01 3.231807178712747114e-02
2.262512684610886481e+03 -3.096387072583804412e-01 3.215407486623993172e-02
2.265859596866228003e+03 -3.080674565070667947e-01 3.199091014197561617e-02
2.269206509121569070e+03 -3.065041790125825893e-01 3.182857339138193270e-02
2.272553421376911047e+03 -3.049488343149152625e-01 3.166706041293550211e-02
2.275900333632252568e+03 -3.034013821593657956e-01 3.150636702643345999e-02
2.279247245887594090e+03 -3.018617824955055484e-01 3.134648907288519609e-02
2.282594158142935612e+03 -3.003299954761409207e-01 3.118742241440478763e-02
2.285941070398277134e+03 -2.988059814562813443e-01 3.102916293410385232e-02
2.289287982653618656e+03 -2.972897009921134925e-01 3.087170653598503983e-02
2.292634894908960177e+03 -2.957811148399795975e-01 3.071504914483591184e-02
2.295981807164301699e+03 -2.942801839553633170e-01 3.055918670612365121e-02
2.299328719419643221e+03 -2.927868694918780434e-01 3.040411518588998288e-02
2.302675631674985198e+03 -2.913011328002615419e-01 3.024983057064679903e-02
2.306022543930326719e+03 -2.898229354273761937e-01 3.009632886727231157e-02
2.309369456185667786e+03 -2.883522391152137376e-01 2.994360610290773550e-02
2.312716368441009308e+03 -2.868890057999040066e-01 2.979165832485430876e-02
2.316063280696350830e+03 -2.854331976107312152e-01 2.964048160047118644e-02
2.319410192951692807e+03 -2.839847768691531882e-01 2.949007201707355350e-02
2.322757105207034328e+03 -2.825437060878261963e-01 2.934042568183138633e-02
2.326104017462375850e+03 -2.811099479696343995e-01 2.919153872166865143e-02
2.329450929717716917e+03 -2.796834654067251735e-01 2.904340728316314596e-02
2.332797841973058894e+03 -2.782642214795481572e-01 2.889602753244668865e-02
2.336144754228400416e+03 -2.768521794559004601e-01 2.874939565510598732e-02
2.339491666483741938e+03 -2.754473027899746462e-01 2.860350785608375968e-02
2.342838578739083459e+03 -2.740495551214144343e-01 2.845836035958070401e-02
2.346185490994424981e+03 -2.726589002743725065e-01 2.831394940895761922e-02
2.349532403249766503e+03 -2.712753022565749794e-01 2.817027126663828804e-02
2.352879315505108025e+03 -2.698987252583888163e-01 2.802732221401262047e-02
2.356226227760449547e+03 -2.685291336518963456e-01 2.788509855134054666e-02
2.359573140015791068e+03 -2.671664919899724433e-01 2.774359659765619421e-02
2.362920052271133045e+03 -2.658107650053667670e-01 2.760281269067257209e-02
2.366266964526474567e+03 -2.644619176097918190e-01 2.746274318668688944e-02
2.369613876781815634e+03 -2.631199148930145615e-01 2.732338446048620736e-02
2.372960789037157156e+03 -2.617847221219518072e-01 2.718473290525351763e-02
2.376307701292499132e+03 -2.604563047397729925e-01 2.704678493247455670e-02
2.379654613547840654e+03 -2.591346283650048932e-01 2.690953697184484197e-02
2.383001525803182176e+03 -2.578196587906416148e-01 2.677298547117724914e-02
2.386348438058523698e+03 -2.565113619832597447e-01 2.663712689631013431e-02
2.389695350313864765e+03 -2.552097040821370566e-01 2.650195773101580304e-02
2.393042262569206741e+03 -2.539146513983764897e-01 2.636747447690954496e-02
2.396389174824548263e+03 -2.526261704140341791e-01 2.623367365335909154e-02
2.399736087079889785e+03 -2.513442277812517056e-01 2.610055179739449727e-02
2.403082999335231307e+03 -2.500687903213932861e-01 2.596810546361855848e-02
2.406429911590572829e+03 -2.487998250241870990e-01 2.583633122411761393e-02
2.409776823845914350e+03 -2.475372990468708290e-01 2.570522566837285180e-02
2.413123736101255872e+03 -2.462811797133410696e-01 2.557478540317194987e-02
2.416470648356597394e+03 -2.450314345133086380e-01 2.544500705252138173e-02
2.419817560611938916e+03 -2.437880311014567758e-01 2.531588725755898675e-02
2.423164472867280892e+03 -2.425509372966034582e-01 2.518742267646699104e-02
2.426511385122622414e+03 -2.413201210808692543e-01 2.505960998438558698e-02
2.429858297377963481e+03 -2.400955505988484895e-01 2.493244587332686668e-02
2.433205209633305003e+03 -2.388771941567839618e-01 2.480592705208912313e-02
2.436552121888646980e+03 -2.376650202217480412e-01 2.468005024617181409e-02
2.439899034143988501e+03 -2.364589974208255174e-01 2.455481219769069939e-02
2.443245946399330023e+03 -2.352590945403019718e-01 2.443020966529355770e-02
2.446592858654671545e+03 -2.340652805248560064e-01 2.430623942407631605e-02
2.449939770910012612e+03 -2.328775244767551655e-01 2.418289826549954030e-02
2.453286683165354589e+03 -2.316957956550564635e-01 2.406018299730541821e-02
2.456633595420696111e+03 -2.305200634748110211e-01 2.393809044343516573e-02
2.459980507676037632e+03 -2.293502975062717553e-01 2.381661744394674915e-02
2.463327419931379154e+03 -2.281864674741067300e-01 2.369576085493320036e-02
2.466674332186720676e+03 -2.270285432566148398e-01 2.357551754844116471e-02
2.470021244442062198e+03 -2.258764948849468213e-01 2.345588441239001773e-02
2.473368156697403720e+03 -2.247302925423286524e-01 2.333685835049120749e-02
2.476715068952745241e+03 -2.235899065632910576e-01 2.321843628216824565e-02
2.480061981208086763e+03 -2.224553074329010949e-01 2.310061514247692405e-02
2.483408893463428740e+03 -2.213264657859979334e-01 2.298339188202594419e-02
2.486755805718770262e+03 -2.202033524064336001e-01 2.286676346689807404e-02
2.490102717974111329e+03 -2.190859382263164457e-01 2.275072687857159284e-02
2.493449630229452850e+03 -2.179741943252585523e-01 2.263527911384212790e-02
2.496796542484794827e+03 -2.168680919296275822e-01 2.252041718474497717e-02
2.500143454740136349e+03 -2.157676024118020397e-01 2.240613811847776138e-02
2.503490366995477871e+03 -2.146726972894303642e-01 2.229243895732349948e-02
2.506837279250819392e+03 -2.135833482246936865e-01 2.217931675857402751e-02
2.510184191506160914e+03 -2.124995270235722489e-01 2.206676859445384775e-02
2.513531103761502436e+03 -2.114212056351158775e-01 2.195479155204434901e-02
2.516878016016843958e+03 -2.103483561507180910e-01 2.184338273320844334e-02
2.520224928272185480e+03 -2.092809508033935395e-01 2.173253925451551841e-02
2.523571840527527002e+03 -2.082189619670596070e-01 2.162225824716685479e-02
2.526918752782868523e+03 -2.071623621558210671e-01 2.151253685692132434e-02
2.530265665038210045e+03 -2.061111240232592901e-01 2.140337224402158109e-02
2.533612577293551567e+03 -2.050652203617233660e-01 2.129476158312046397e-02
2.536959489548893089e+03 -2.040246241016273887e-01 2.118670206320800303e-02
2.540306401804234611e+03 -2.029893083107488783e-01 2.107919088753858194e-02
2.543653314059576587e+03 -2.019592461935317274e-01 2.097222527355854446e-02
2.547000226314918109e+03 -2.009344110903932279e-01 2.086580245283423465e-02
2.550347138570259176e+03 -1.999147764770337898e-01 2.075991967098031118e-02
2.553694050825600698e+03 -1.989003159637502960e-01 2.065457418758846406e-02
2.557040963080942674e+03 -1.978910032947532316e-01 2.054976327615646442e-02
2.560387875336284196e+03 -1.968868123474873388e-01 2.044548422401766541e-02
2.563734787591625718e+03 -1.958877171319552413e-01 2.034173433227071809e-02
2.567081699846967240e+03 -1.948936917900450094e-01 2.023851091570978353e-02
2.570428612102308762e+03 -1.939047105948606409e-01 2.013581130275497733e-02
2.573775524357650283e+03 -1.929207479500563427e-01 2.003363283538326170e-02
2.577122436612991805e+03 -1.919417783891742835e-01 1.993197286905965676e-02
2.580469348868333327e+03 -1.909677765749850653e-01 1.983082877266876057e-02
2.583816261123674849e+03 -1.899987172988323036e-01 1.973019792844669593e-02
2.587163173379016371e+03 -1.890345754799800659e-01 1.963007773191332433e-02
2.590510085634358347e+03 -1.880753261649637242e-01 1.953046559180486239e-02
2.593856997889699414e+03 -1.871209445269440830e-01 1.943135893000679307e-02
2.597203910145040936e+03 -1.861714058650647818e-01 1.933275518148713790e-02
2.600550822400382458e+03 -1.852266856038132514e-01 1.923465179423010721e-02
2.603897734655724435e+03 -1.842867592923845554e-01 1.913704622917002454e-02
2.607244646911065956e+03 -1.833516026040482583e-01 1.903993596012559797e-02
2.610591559166407478e+03 -1.824211913355192616e-01 1.894331847373456265e-02
2.613938471421748545e+03 -1.814955014063312777e-01 1.884719126938863565e-02
2.617285383677090522e+03 -1.805745088582130786e-01 1.875155185916874134e-02
2.620632295932432044e+03 -1.796581898544692690e-01 1.865639776778070871e-02
2.623979208187773565e+03 -1.787465206793628081e-01 1.856172653249113860e-02
2.627326120443115087e+03 -1.778394777375013613e-01 1.846753570306369774e-02
2.630673032698456609e+03 -1.769370375532263728e-01 1.837382284169566254e-02
2.634019944953798131e+03 -1.760391767700059951e-01 1.828058552295489664e-02
2.637366857209139653e+03 -1.751458721498300453e-01 1.818782133371699486e-02
2.640713769464481175e+03 -1.742571005726089306e-01 1.809552787310288874e-02
2.644060681719822696e+03 -1.733728390355752935e-01 1.800370275241670176e-02
2.647407593975164218e+03 -1.724930646526879885e-01 1.791234359508385096e-02
2.650754506230506195e+03 -1.716177546540408327e-01 1.782144803658966548e-02
2.654101418485847262e+03 -1.707468863852725227e-01 1.773101372441808488e-02
2.657448330741188784e+03 -1.698804373069806306e-01 1.764103831799082936e-02
2.660795242996530305e+03 -1.690183849941378214e-01 1.755151948860677463e-02
2.664142155251872282e+03 -1.681607071355120664e-01 1.746245491938172231e-02
2.667489067507213804e+03 -1.673073815330888559e-01 1.737384230518843747e-02
2.670835979762555326e+03 -1.664583861014966581e-01 1.728567935259694641e-02
2.674182892017896393e+03 -1.656136988674355992e-01 1.719796377981523683e-02
2.677529804273238369e+03 -1.647732979691080291e-01 1.711069331663011769e-02
2.680876716528579891e+03 -1.639371616556537792e-01 1.702386570434857166e-02
2.684223628783921413e+03 -1.631052682865863912e-01 1.693747869573921164e-02
2.687570541039262935e+03 -1.622775963312333425e-01 1.685153005497414674e-02
2.690917453294604456e+03 -1.614541243681787419e-01 1.676601755757112580e-02
2.694264365549945978e+03 -1.606348310847091621e-01 1.668093899033597227e-02
2.697611277805287500e+03 -1.598196952762611922e-01 1.659629215130522389e-02
2.700958190060629022e+03 -1.590086958458737654e-01 1.651207484968926151e-02
2.704305102315970544e+03 -1.582018118036416510e-01 1.642828490581555931e-02
2.707652014571312520e+03 -1.573990222661716121e-01 1.634492015107219878e-02
2.710998926826654042e+03 -1.566003064560429758e-01 1.626197842785186837e-02
2.714345839081995109e+03 -1.558056437012692030e-01 1.617945758949593943e-02
2.717692751337336631e+03 -1.550150134347630382e-01 1.609735550023892389e-02
2.721039663592678153e+03 -1.542283951938040742e-01 1.601567003515319554e-02
2.724386575848020129e+03 -1.534457686195093429e-01 1.593439908009400274e-02
2.727733488103361651e+03 -1.526671134563063470e-01 1.585354053164475877e-02
2.731080400358703173e+03 -1.518924095514087858e-01 1.577309229706258184e-02
2.734427312614044240e+03 -1.511216368542950272e-01 1.569305229422414752e-02
2.737774224869386217e+03 -1.503547754161888017e-01 1.561341845157176826e-02
2.741121137124727738e+03 -1.495918053895435029e-01 1.553418870805982864e-02
2.744468049380069260e+03 -1.488327070275281827e-01 1.545536101310141658e-02
2.747814961635410782e+03 -1.480774606835163765e-01 1.537693332651523907e-02
2.751161873890752304e+03 -1.473260468105778431e-01 1.529890361847283976e-02
2.754508786146093826e+03 -1.465784459609725809e-01 1.522126986944606630e-02
2.757855698401435347e+03 -1.458346387856472026e-01 1.514403007015475283e-02
2.761202610656776869e+03 -1.450946060337346410e-01 1.506718222151478929e-02
2.764549522912118391e+03 -1.443583285520557147e-01 1.499072433458634515e-02
2.767896435167460368e+03 -1.436257872846233574e-01 1.491465443052239666e-02
2.771243347422801889e+03 -1.428969632721491800e-01 1.483897054051747967e-02
2.774590259678142957e+03 -1.421718376515533899e-01 1.476367070575680153e-02
2.777937171933484478e+03 -1.414503916554761265e-01 1.468875297736549866e-02
2.781284084188826000e+03 -1.407326066117916274e-01 1.461421541635818042e-02
2.784630996444167977e+03 -1.400184639431254208e-01 1.454005609358879555e-02
2.787977908699509499e+03 -1.393079451663732371e-01 1.446627308970067048e-02
2.791324820954851020e+03 -1.386010318922226148e-01 1.439286449507683890e-02
2.794671733210192087e+03 -1.378977058246771137e-01 1.431982840979062477e-02
2.798018645465534064e+03 -1.371979487605824166e-01 1.424716294355643682e-02
2.801365557720875586e+03 -1.365017425891557612e-01 1.417486621568090494e-02
2.804712469976217108e+03 -1.358090692915168429e-01 1.410293635501415691e-02
2.808059382231558629e+03 -1.351199109402214937e-01 1.403137149990140754e-02
2.811406294486900151e+03 -1.344342496987976920e-01 1.396016979813476458e-02
2.814753206742241673e+03 -1.337520678212842096e-01 1.388932940690532775e-02
2.818100118997583195e+03 -1.330733476517706182e-01 1.381884849275541796e-02
2.821447031252924717e+03 -1.323980716239412381e-01 1.374872523153121764e-02
2.824793943508266238e+03 -1.317262222606197797e-01 1.367895780833548909e-02
2.828140855763608215e+03 -1.310577821733175385e-01 1.360954441748065367e-02
2.831487768018949737e+03 -1.303927340617826169e-01 1.354048326244198033e-02
2.834834680274290804e+03 -1.297310607135531146e-01 1.347177255581119212e-02
2.838181592529632326e+03 -1.290727450035110135e-01 1.340341051925013523e-02
2.841528504784974302e+03 -1.284177698934389211e-01 1.333539538344475327e-02
2.844875417040315824e+03 -1.277661184315794785e-01 1.326772538805932877e-02
2.848222329295657346e+03 -1.271177737521964335e-01 1.320039878169091026e-02
2.851569241550998868e+03 -1.264727190751380459e-01 1.313341382182397175e-02
2.854916153806339935e+03 -1.258309377054029621e-01 1.306676877478532735e-02
2.858263066061681911e+03 -1.251924130327078111e-01 1.300046191569923480e-02
2.861609978317023433e+03 -1.245571285310577148e-01 1.293449152844279408e-02
2.864956890572364955e+03 -1.239250677583183524e-01 1.286885590560150547e-02
2.868303802827706477e+03 -1.232962143557903983e-01 1.280355334842508443e-02
2.871650715083047999e+03 -1.226705520477862077e-01 1.273858216678349503e-02
2.874997627338389520e+03 -1.220480646412086256e-01 1.267394067912321759e-02
2.878344539593731042e+03 -1.214287360251314618e-01 1.260962721242367933e-02
2.881691451849072564e+03 -1.208125501703832122e-01 1.254564010215403029e-02
2.885038364104414086e+03 -1.201994911291317386e-01 1.248197769223001463e-02
2.888385276359756062e+03 -1.195895430344716542e-01 1.241863833497112123e-02
2.891732188615097584e+03 -1.189826901000134302e-01 1.235562039105791293e-02
2.895079100870438651e+03 -1.183789166194752218e-01 1.229292222948964383e-02
2.898426013125780173e+03 -1.177782069662762221e-01 1.223054222754203259e-02
2.901772925381122150e+03 -1.171805455931318463e-01 1.216847877072521969e-02
2.905119837636463672e+03 -1.165859170316519422e-01 1.210673025274205082e-02
2.908466749891805193e+03 -1.159943058919400416e-01 1.204529507544645391e-02
2.911813662147146715e+03 -1.154056968621952478e-01 1.198417164880210412e-02
2.915160574402487782e+03 -1.148200747083158862e-01 1.192335839084126062e-02
2.918507486657829759e+03 -1.142374242735049172e-01 1.186285372762379761e-02
2.921854398913171281e+03 -1.136577304778782632e-01 1.180265609319652159e-02
2.925201311168512802e+03 -1.130809783180740380e-01 1.174276392955260311e-02
2.928548223423854324e+03 -1.125071528668644544e-01 1.168317568659126525e-02
2.931895135679195846e+03 -1.119362392727693556e-01 1.162388982207766125e-02
2.935242047934537368e+03 -1.113682227596720364e-01 1.156490480160297235e-02
2.938588960189878890e+03 -1.108030886264363829e-01 1.150621909854465316e-02
2.941935872445220411e+03 -1.102408222465269400e-01 1.144783119402698057e-02
2.945282784700561933e+03 -1.096814090676300202e-01 1.138973957688170155e-02
2.948629696955903910e+03 -1.091248346112772827e-01 1.133194274360895155e-02
2.951976609211245432e+03 -1.085710844724704915e-01 1.127443919833828051e-02
2.955323521466586499e+03 -1.080201443193094524e-01 1.121722745279002398e-02
2.958670433721928021e+03 -1.074719998926205872e-01 1.116030602623672638e-02
2.962017345977269997e+03 -1.069266370055877990e-01 1.110367344546481227e-02
2.965364258232611519e+03 -1.063840415433857378e-01 1.104732824473650399e-02
2.968711170487953041e+03 -1.058441994628141342e-01 1.099126896575184850e-02
2.972058082743294563e+03 -1.053070967919345069e-01 1.093549415761098549e-02
2.975404994998636084e+03 -1.047727196297084939e-01 1.088000237677660097e-02
2.978751907253977606e+03 -1.042410541456378348e-01 1.082479218703653531e-02
2.982098819509319128e+03 -1.037120865794069619e-01 1.076986215946667061e-02
2.985445731764660650e+03 -1.031858032405263553e-01 1.071521087239389255e-02
2.988792644020002172e+03 -1.026621905079784791e-01 1.066083691135932474e-02
2.992139556275343693e+03 -1.021412348298651740e-01 1.060673886908171555e-02
2.995486468530685215e+03 -1.016229227230569659e-01 1.055291534542101770e-02
2.998833380786026737e+03 -1.011072407728438038e-01 1.049936494734211682e-02
3.002180293041368259e+03 -1.005941756325883785e-01 1.044608628887883604e-02
3.005527205296709781e+03 -1.000837140233803296e-01 1.039307799109802713e-02
3.008874117552051757e+03 -9.957584273369275707e-02 1.034033868206389768e-02
3.012221029807393279e+03 -9.907054861903991094e-02 1.028786699680246663e-02
3.015567942062734346e+03 -9.856781860163754683e-02 1.023566157726629559e-02
3.018914854318075868e+03 -9.806763967006418281e-02 1.018372107229930691e-02
3.022261766573417844e+03 -9.756999887892406353e-02 1.013204413760179085e-02
3.025608678828759366e+03 -9.707488334851267775e-02 1.008062943569567292e-02
3.028955591084100888e+03 -9.658228026448302528e-02 1.002947563588984549e-02
3.032302503339442410e+03 -9.609217687751403503e-02 9.978581414245752540e-03
3.035649415594783932e+03 -9.560456050298073161e-02 9.927945453543121981e-03
3.038996327850125454e+03 -9.511941852062556768e-02 9.877566443245850564e-03
3.042343240105466975e+03 -9.463673837423228208e-02 9.827443079468121262e-03
3.045690152360808497e+03 -9.415650757130064608e-02 9.777574064940642087e-03
3.049037064616150019e+03 -9.367871368272316646e-02 9.727958108977060106e-03
3.052383976871491541e+03 -9.320334434246339839e-02 9.678593927440566277e-03
3.055730889126833063e+03 -9.273038724723604853e-02 9.629480242710673765e-03
3.059077801382174584e+03 -9.225983015618807737e-02 9.580615783650098596e-03
3.062424713637516106e+03 -9.179166089058259093e-02 9.531999285571938693e-03
3.065771625892857628e+03 -9.132586733348310726e-02 9.483629490206880661e-03
3.069118538148199605e+03 -9.086243742944022372e-02 9.435505145670668517e-03
3.072465450403541126e+03 -9.040135918417920025e-02 9.387625006431660896e-03
3.075812362658882194e+03 -8.994262066429015157e-02 9.339987833278655394e-03
3.079159274914223715e+03 -8.948620999691879463e-02 9.292592393288773636e-03
3.082506187169565692e+03 -8.903211536945901394e-02 9.245437459795542365e-03
3.085853099424907214e+03 -8.858032502924756413e-02 9.198521812357184427e-03
3.089200011680248736e+03 -8.813082728325966064e-02 9.151844236725012113e-03
3.092546923935590257e+03 -8.768361049780631911e-02 9.105403524811993971e-03
3.095893836190931779e+03 -8.723866309823334608e-02 9.059198474661496817e-03
3.099240748446273301e+03 -8.679597356862155111e-02 9.013227890416161334e-03
3.102587660701614823e+03 -8.635553045148910978e-02 8.967490582286985826e-03
3.105934572956956345e+03 -8.591732234749462072e-02 8.921985366522489774e-03
3.109281485212297866e+03 -8.548133791514234137e-02 8.876711065378116786e-03
3.112628397467639388e+03 -8.504756587048853400e-02 8.831666507085726009e-03
3.115975309722980910e+03 -8.461599498684946319e-02 8.786850525823279578e-03
3.119322221978322432e+03 -8.418661409451061450e-02 8.742261961684637608e-03
3.122669134233663954e+03 -8.375941208043799491e-02 8.697899660649589110e-03
3.126016046489005475e+03 -8.333437788799032131e-02 8.653762474553957501e-03
3.129362958744347452e+03 -8.291150051663283282e-02 8.609849261059879591e-03
3.132709870999688974e+03 -8.249076902165239367e-02 8.566158883626228543e-03
3.136056783255030041e+03 -8.207217251387467771e-02 8.522690211479243272e-03
3.139403695510371563e+03 -8.165570015938200532e-02 8.479442119583218557e-03
3.142750607765713539e+03 -8.124134117923310916e-02 8.436413488611417197e-03
3.146097520021055061e+03 -8.082908484918385761e-02 8.393603204917061966e-03
3.149444432276396583e+03 -8.041892049941014309e-02 8.351010160504556551e-03
3.152791344531738105e+03 -8.001083751423140877e-02 8.308633253000786284e-03
3.156138256787079627e+03 -7.960482533183611820e-02 8.266471385626595822e-03
3.159485169042421148e+03 -7.920087344400802976e-02 8.224523467168374374e-03
3.162832081297762670e+03 -7.879897139585469168e-02 8.182788411949861243e-03
3.166178993553104192e+03 -7.839910878553654761e-02 8.141265139804008608e-03
3.169525905808445714e+03 -7.800127526399788791e-02 8.099952576045049008e-03
3.172872818063787690e+03 -7.760546053469884187e-02 8.058849651440658235e-03
3.176219730319128757e+03 -7.721165435334903515e-02 8.017955302184305577e-03
3.179566642574470279e+03 -7.681984652764227428e-02 7.977268469867694264e-03
3.182913554829811801e+03 -7.643002691699295192e-02 7.936788101453394473e-03
3.186260467085153323e+03 -7.604218543227352078e-02 7.896513149247576940e-03
3.189607379340495299e+03 -7.565631203555339690e-02 7.856442570872904443e-03
3.192954291595836821e+03 -7.527239673983891766e-02 7.816575329241525621e-03
3.196301203851177888e+03 -7.489042960881529820e-02 7.776910392528274367e-03
3.199648116106519410e+03 -7.451040075658911521e-02 7.737446734143939471e-03
3.202995028361861387e+03 -7.413230034743267804e-02 7.698183332708707742e-03
3.206341940617202908e+03 -7.375611859552914928e-02 7.659119172025702534e-03
3.209688852872544430e+03 -7.338184576471963594e-02 7.620253241054719164e-03
3.213035765127885952e+03 -7.300947216825103003e-02 7.581584533886040998e-03
3.216382677383227474e+03 -7.263898816852533413e-02 7.543112049714403855e-03
3.219729589638568996e+03 -7.227038417685002769e-02 7.504834792813080968e-03
3.223076501893910518e+03 -7.190365065319027915e-02 7.466751772508143162e-03
3.226423414149252039e+03 -7.153877810592171316e-02 7.428862003152791882e-03
3.229770326404593561e+03 -7.117575709158495412e-02 7.391164504101866567e-03
3.233117238659935538e+03 -7.081457821464105795e-02 7.353658299686449164e-03
3.236464150915276605e+03 -7.045523212722849815e-02 7.316342419188627370e-03
3.239811063170618127e+03 -7.009770952892098450e-02 7.279215896816346350e-03
3.243157975425959648e+03 -6.974200116648704428e-02 7.242277771678443457e-03
3.246504887681301625e+03 -6.938809783365040840e-02 7.205527087759764499e-03
3.249851799936643147e+03 -6.903599037085167422e-02 7.168962893896415299e-03
3.253198712191984214e+03 -6.868566966501139792e-02 7.132584243751158119e-03
3.256545624447326190e+03 -6.833712664929394998e-02 7.096390195788892206e-03
3.259892536702667257e+03 -6.799035230287320264e-02 7.060379813252319094e-03
3.263239448958009234e+03 -6.764533765069885574e-02 7.024552164137680757e-03
3.266586361213350756e+03 -6.730207376326424740e-02 6.988906321170641756e-03
3.269933273468691823e+03 -6.696055175637499746e-02 6.953441361782273719e-03
3.273280185724033799e+03 -6.662076279091942721e-02 6.918156368085204636e-03
3.276627097979375321e+03 -6.628269807263964530e-02 6.883050426849854006e-03
3.279974010234717298e+03 -6.594634885190363283e-02 6.848122629480766013e-03
3.283320922490058365e+03 -6.561170642347954884e-02 6.813372071993166468e-03
3.286667834745399432e+03 -6.527876212630955022e-02 6.778797854989481592e-03
3.290014747000741409e+03 -6.494750734328604003e-02 6.744399083636098795e-03
3.293361659256082930e+03 -6.461793350102894296e-02 6.710174867640241077e-03
3.296708571511424907e+03 -6.429003206966313333e-02 6.676124321226850969e-03
3.300055483766765974e+03 -6.396379456259837504e-02 6.642246563115742491e-03
3.303402396022107951e+03 -6.363921253630906716e-02 6.608540716498726222e-03
3.306749308277449472e+03 -6.331627759011608514e-02 6.575005909016954676e-03
3.310096220532790539e+03 -6.299498136596931586e-02 6.541641272738343144e-03
3.313443132788132516e+03 -6.267531554823113638e-02 6.508445944135080735e-03
3.316790045043473583e+03 -6.235727186346146089e-02 6.475419064061313165e-03
3.320136957298815560e+03 -6.204084208020343300e-02 6.442559777730885381e-03
3.323483869554157081e+03 -6.172601800877051959e-02 6.409867234695232514e-03
3.326830781809498149e+03 -6.141279150103426399e-02 6.377340588821342818e-03
3.330177694064840125e+03 -6.110115445021378766e-02 6.344978998269893214e-03
3.333524606320181192e+03 -6.079109879066577765e-02 6.312781625473445554e-03
3.336871518575523169e+03 -6.048261649767553566e-02 6.280747637114746963e-03
3.340218430830864691e+03 -6.017569958724988677e-02 6.248876204105221870e-03
3.343565343086206667e+03 -5.987034011590968569e-02 6.217166501563430210e-03
