3.119726699196689879e-14 6.239453398393379757e-14
1.648125859718824193e-04 1.877863559096581980e-09
6.491055252323962854e-04 3.434130202428775647e-09
1.424912315658596884e-03 4.399172109925686414e-09
6.609677756781284774e-03 2.687306877025008589e-09
2.452555005981238434e-03 4.725021596208023311e-09
5.086481664959424664e-03 2.374353769152293125e-09
3.687614020885437993e-03 4.541623910281344934e-09
3.687613742095835478e-03 2.480110894431675206e-09
5.086481998640729474e-03 4.039783119136330924e-09
2.452554812391857797e-03 3.069352633167099498e-09
6.609678091877888018e-03 3.343272297895438783e-09
1.424912208718501216e-03 3.401395581859034678e-09
6.491054824833281112e-04 2.989553299359570815e-09
1.648125757575252814e-04 1.768674456892327385e-09
1.648123744075330466e-04 1.677447375447727040e-09
2.196717413779358807e-04 1.275583583204564775e-09
5.972179741174504786e-04 1.491582068718910747e-06
1.275284569452930783e-03 4.270053801075368582e-06
2.217919096533335632e-03 8.016454931786265448e-06
5.695677973239846037e-03 2.265125214886976046e-05
3.382192421359023204e-03 1.239970170249793391e-05
4.258127456009355716e-03 1.761655517704130425e-05
4.724263281844887086e-03 1.714465658064767695e-05
2.970769492498387399e-03 1.272909914690201205e-05
6.203402851432962550e-03 2.205906533350732168e-05
1.875688809591311013e-03 8.206668772520187005e-06
1.016983565916243504e-03 4.351022719589758836e-06
4.360024990953531576e-04 1.510339940308247364e-06
6.491048773452495757e-04 3.100365825181583546e-09
5.972175793834549884e-04 1.494972587418041954e-06
8.643703173940864293e-04 2.553234956792493904e-09
1.435073939130823706e-03 4.221572118573435617e-06
2.278801310938785574e-03 1.064318442919875984e-05
6.527999094325526164e-03 4.933973783338707619e-05
3.355997857979228782e-03 1.862987121500903065e-05
5.069000008353530262e-03 3.913288678142334831e-05
4.624181178585984320e-03 2.760542723501124840e-05
3.747736587181665913e-03 2.907979009092453992e-05
6.042489250688259927e-03 3.713339508948365619e-05
2.603934266436264133e-03 1.955118969965141673e-05
1.679974817643176133e-03 1.108699920715494613e-05
1.016983125006254429e-03 4.349725916064084430e-06
1.424911104079717994e-03 3.998794961823648464e-09
6.609675794542926863e-03 1.991350057073404400e-09
1.275283721069067622e-03 4.274364467787838961e-06
1.435073569640357705e-03 4.226785582234215966e-06
1.895343969273502460e-03 3.840909229557709637e-09
2.631905169944270817e-03 7.797985421442721332e-06
3.610086710709142777e-03 1.833501032505457928e-05
6.088743337203106343e-03 6.319140227062369775e-05
4.790350950226798799e-03 3.075740698502138493e-05
4.750117935112527223e-03 4.785047756836191546e-05
6.470948050301267296e-03 4.356123489523966441e-05
6.133019617920398847e-03 4.436221344839008651e-05
3.575244966756402354e-03 3.306777362477308913e-05
6.133020909060593606e-03 4.436535424834353591e-05
2.603933635469943275e-03 1.954993872502197583e-05
6.042489106992093850e-03 3.713549448575159673e-05
1.875687778638945868e-03 8.204155597046902670e-06
6.203401345589124039e-03 2.206035221177793382e-05
2.452553231271664691e-03 4.278513654476512329e-09
5.086479645194999510e-03 1.539649935322628949e-09
2.217917848678585546e-03 8.021401242341852367e-06
5.695675833715080350e-03 2.265073892065982974e-05
2.278800717229662043e-03 1.064892496432934266e-05
6.527997541951297000e-03 4.934036403420050121e-05
2.631905063932349353e-03 7.804480190110041349e-06
3.259387177610970077e-03 5.075156433997918271e-09
4.132273095666896823e-03 1.183738430846070777e-05
5.880782209394669335e-03 1.605969149254260486e-05
5.215203038419297110e-03 2.667321332716632298e-05
5.940853098454088044e-03 6.796769039021932635e-05
5.215204541877169198e-03 2.667877451997813232e-05
6.470945760884513898e-03 4.355698595251422667e-05
4.750117306276252505e-03 4.784939226815110302e-05
4.790351841620341111e-03 3.076181590086490836e-05
3.747735319958922506e-03 2.907748333824677900e-05
4.624180933421692674e-03 2.760861922282420444e-05
2.970767868321788630e-03 1.272559777493187383e-05
4.724261800688564494e-03 1.714677863320912543e-05
3.687611815956309824e-03 4.018466726041225456e-09
3.687611954288003147e-03 1.740819183249087132e-09
3.382190905454482421e-03 1.240490039497443853e-05
4.258125499757708932e-03 1.761567972569100249e-05
3.355997225924653438e-03 1.863572121438283880e-05
5.068998453306994278e-03 3.913332909599720466e-05
3.610086794632552665e-03 1.834156453098256812e-05
6.088742584002174163e-03 6.319302793142411723e-05
4.132273431540781083e-03 1.184451447081014130e-05
5.880781213580876798e-03 1.605316740305173795e-05
4.899343551456242229e-03 6.058320733970390393e-09
4.899344005729291962e-03 5.206720415928955958e-09
5.880780859480100320e-03 1.605329589754456165e-05
4.132273919659076866e-03 1.184387199373859723e-05
6.088742393552157295e-03 6.318959105380828056e-05
3.610087244432430564e-03 1.834040951786963802e-05
5.068998339913491358e-03 3.912989171275804701e-05
3.355997580659353385e-03 1.863398874929478310e-05
4.258125407212112745e-03 1.761244594775113192e-05
3.382191142478854773e-03 1.240257988929793775e-05
5.086479609658217660e-03 3.414558136238809993e-09
2.452553460166956301e-03 2.477822891311376452e-09
4.724261665059334425e-03 1.714966221724734119e-05
2.970768049838520830e-03 1.272803874799444124e-05
4.624180660796520237e-03 2.761091400335646817e-05
3.747735508694727269e-03 2.908016759173293053e-05
4.790351437688092351e-03 3.076351181638403709e-05
4.750117552251215125e-03 4.785216760350152754e-05
6.470945851807990978e-03 4.355624707069738477e-05
5.215204053186414668e-03 2.667992761093418430e-05
5.940853426846734453e-03 6.797040989067748562e-05
5.215203272291663028e-03 2.667269089667856363e-05
5.880781708772958583e-03 1.606038720042279877e-05
4.132273452491216914e-03 1.183714429545124069e-05
3.259387610088898546e-03 4.515673168725697906e-09
2.631905508548998407e-03 7.803917114190817017e-06
6.527997498629214967e-03 4.933657994385387546e-05
2.278801113707096260e-03 1.064786013521556995e-05
5.695675831458718585e-03 2.264704549442830839e-05
2.217918160903123437e-03 8.019817475474200208e-06
6.609675839837056421e-03 2.678900129504668826e-09
1.424911376016038678e-03 2.890026912227838807e-09
6.203401299756411413e-03 2.206341484695117927e-05
1.875688014347398624e-03 8.205706922670419345e-06
6.042488919202615438e-03 3.713805312394180547e-05
2.603933876137498604e-03 1.955169965067726778e-05
6.133020568612632117e-03 4.436737163823756269e-05
3.575245254018463714e-03 3.306964497171160922e-05
6.133019576755424640e-03 4.436128387622084723e-05
6.470947590182546394e-03 4.356274725142439408e-05
4.750118290609867122e-03 4.785236917803636914e-05
4.790351032035747303e-03 3.075661138832175290e-05
6.088743750800734711e-03 6.319323642700602761e-05
3.610086920705010693e-03 1.833442247758942933e-05
2.631905483983870697e-03 7.797682505750191950e-06
1.895344339462048944e-03 3.553712740744785492e-09
1.435073940140932369e-03 4.226329793771688159e-06
1.275284048975366957e-03 4.273495703588370276e-06
6.491051212407922266e-04 2.588867814568018844e-09
1.016983352379749461e-03 4.350494305721541721e-06
1.679975058458682557e-03 1.108789176867963633e-05
2.603934554710474192e-03 1.955214824589379674e-05
6.042489083180946352e-03 3.713245336522952300e-05
3.747736941167534308e-03 2.908077548963161618e-05
4.624181098405122370e-03 2.760453576494681371e-05
5.069000417752655974e-03 3.913387547543889511e-05
3.355997892310461084e-03 1.862910860520039513e-05
6.527999518772198417e-03 4.934071154738539633e-05
2.278801458599155616e-03 1.064262779648661450e-05
1.435074171211525584e-03 4.221284337191377745e-06
8.643705887409064426e-04 2.449222186173827254e-09
5.972178476333772634e-04 1.494656856809717382e-06
1.648125188086491111e-04 1.548072225965313464e-09
4.360026459493127060e-04 1.510562142481575165e-06
1.016983738837171081e-03 4.351261934404382359e-06
1.875689038774205897e-03 8.206890650369613738e-06
6.203402582414765942e-03 2.205832356624859436e-05
2.970769795720487605e-03 1.272929992310323222e-05
4.724263056340716194e-03 1.714389338269839413e-05
4.258127825067764549e-03 1.761675412270680141e-05
3.382192282766982583e-03 1.239899142702061141e-05
5.695678370884332820e-03 2.265147678354173522e-05
2.217919062483530990e-03 8.015871235445004572e-06
1.275284628677916809e-03 4.269653751082236326e-06
5.972180941377774888e-04 1.491390713898033127e-06
2.196718851295575980e-04 1.255315407178159148e-09
1.648126040308950380e-04 2.524957909422198554e-09
2.196719293992982491e-04 2.419228456451705256e-09
5.972181664651854405e-04 1.495951680363649672e-06
1.275284836527945664e-03 4.275295950817437074e-06
2.217919490542674676e-03 8.022125869644458618e-06
5.695678201278087105e-03 2.265072289092673330e-05
3.382192935980493642e-03 1.240527698093130127e-05
4.258127573826805956e-03 1.761568464694884817e-05
4.724263829708461038e-03 1.714964195551060833e-05
2.970769629704245185e-03 1.272814079411599408e-05
6.203403264416373908e-03 2.206309697533326286e-05
1.875689017769063827e-03 8.205959798973649910e-06
1.016983829669568240e-03 4.350921180701350366e-06
4.360027676739569591e-04 1.511164541528886573e-06
2.196721300433412960e-04 4.149947496756567489e-09
1.648124902263459202e-04 3.130216419400255745e-09
4.360023309720045814e-04 1.511179438834497901e-06
1.016983069826032926e-03 4.353252543609631431e-06
1.875687926255101279e-03 8.210295505767239987e-06
6.203405491125468796e-03 2.207258429059999472e-05
2.970768172507853855e-03 1.273396461476394848e-05
4.724265570777375078e-03 1.715609788016658754e-05
4.258125684660551968e-03 1.762254430576204456e-05
3.382194290733539499e-03 1.240826997891963934e-05
5.695675789216911311e-03 2.265841439877402941e-05
2.217920533716694065e-03 8.021860704865435565e-06
1.275285605075865414e-03 4.272598908949820640e-06
5.972186611073460050e-04 1.492097469912856411e-06
5.972181831012390862e-04 1.488718659736765204e-06
4.360022941072017044e-04 1.510639414670222891e-06
5.972178522475335427e-04 1.492742418784942515e-06
1.071288533723596670e-03 4.569305916857224759e-06
1.831726599853158999e-03 1.017477909912023470e-05
2.840722461437905633e-03 1.727261088396714328e-05
5.434161657418112856e-03 3.370939607350020850e-05
4.055614058808706957e-03 2.526346190298567329e-05
4.055617115526877203e-03 2.526073922026750296e-05
5.434157753036711336e-03 3.371118784706306215e-05
2.840724638047978368e-03 1.726887951095101847e-05
1.831727989601544815e-03 1.017033063593908437e-05
1.071289306156464338e-03 4.564553301278362341e-06
1.275284288851222247e-03 4.268032107485053572e-06
1.016982768335575327e-03 4.350758496557416422e-06
1.071288452370866562e-03 4.568041682639911727e-06
1.435074169486988405e-03 4.224828830778903921e-06
2.088327401484818546e-03 9.044367312582846097e-06
2.998370932841901149e-03 1.792643724610187839e-05
6.360142866533372019e-03 5.751699494074835606e-05
4.125697280649195942e-03 2.887487526029297591e-05
4.962009694546340444e-03 4.429783740114712209e-05
5.429345201196103532e-03 4.098017924350494390e-05
3.714498448549402587e-03 3.154753147627253895e-05
2.657404318833517243e-03 1.986633981160279561e-05
1.831727028095309073e-03 1.016793113534086856e-05
2.217918123770021288e-03 8.016194243315455381e-06
5.695675603943600729e-03 2.265904471171475976e-05
1.875687207708115478e-03 8.205981340769774590e-06
6.203403513556401960e-03 2.206301499810270350e-05
1.831726447378709266e-03 1.017097325237137362e-05
2.088327533129832880e-03 9.039884006828424745e-06
2.631906206403897275e-03 7.803399862976734269e-06
3.435774519655779291e-03 1.441615940780960337e-05
4.464933823279740310e-03 2.675198434579084683e-05
6.067047450653867413e-03 6.601131534633708497e-05
6.178774824965455048e-03 3.602314028289255177e-05
5.681110863999902505e-03 4.169749884322393463e-05
4.802770762860689158e-03 4.819420354704173626e-05
5.681108917079152887e-03 4.169908526718835162e-05
3.714497086913168267e-03 3.154569920196803601e-05
5.429344201558647387e-03 4.098156362694616028e-05
2.840722383764565651e-03 1.726474297192304164e-05
5.434157246186857582e-03 3.371218171913104023e-05
3.382190713772478818e-03 1.240183043996201384e-05
4.258125126663431237e-03 1.762311154124285295e-05
2.970767010045963219e-03 1.272817803818493410e-05
4.724263520810054184e-03 1.714913921305183386e-05
2.840722298594278161e-03 1.726585758354826083e-05
5.434160948323232820e-03 3.369956815488239776e-05
2.998371419348097588e-03 1.791807215448248947e-05
6.360144241724860481e-03 5.750780678900890841e-05
3.435775083413195041e-03 1.440732306362546566e-05
4.132275312312624904e-03 1.184460432970824151e-05
5.880778650183937639e-03 1.605178418750963232e-05
5.058111475168852733e-03 2.021804226570722562e-05
5.058107625606267366e-03 2.021664668577782820e-05
6.178778326010533894e-03 3.602225098717215523e-05
6.067046063549838553e-03 6.601004743547744802e-05
4.464931498222149409e-03 2.675351208555887261e-05
4.962006927384576827e-03 4.429476194206527495e-05
4.125695943935206444e-03 2.887672969578702897e-05
4.055613506004709934e-03 2.525545941842177733e-05
4.055613240796673846e-03 2.526483258019629474e-05
4.724260972567798089e-03 1.714941884192744403e-05
2.970767484985467610e-03 1.273433445167504452e-05
4.258124199104304508e-03 1.761562867849675307e-05
3.382192404546013886e-03 1.240423320725270173e-05
4.055613987326886494e-03 2.525366034053511122e-05
4.055616310224302579e-03 2.525491044536032348e-05
4.125698298581989554e-03 2.886277419614224904e-05
4.962010651221357427e-03 4.429245112083646241e-05
4.464935285858839809e-03 2.673804142067082168e-05
6.067050439249530025e-03 6.600562393735409650e-05
6.178774229618960723e-03 3.599284421912374299e-05
5.058112581439164201e-03 2.020482009065793783e-05
5.058107495188937652e-03 2.019355198604189106e-05
5.880784443860781474e-03 1.606152591698828402e-05
4.132271763399586462e-03 1.183667657705944620e-05
3.435772252098220902e-03 1.441589795667108653e-05
6.360139064588557489e-03 5.751339980816783104e-05
2.998369544668366693e-03 1.792819143009438676e-05
5.434156949766177913e-03 3.370369367827752427e-05
2.840721553543659739e-03 1.727410666299555864e-05
6.203400228355068768e-03 2.206632392923180142e-05
1.875687338004486393e-03 8.210369676769913028e-06
5.695674239140205430e-03 2.265053953678930476e-05
2.217919001121740341e-03 8.020597496077863653e-06
5.434157903933922729e-03 3.369837414629595074e-05
2.840723970545896981e-03 1.726712455848988803e-05
5.429346848957655736e-03 4.096446101348183433e-05
3.714499271364218869e-03 3.154597177351670112e-05
5.681113393655276567e-03 4.167955714187709937e-05
4.802773365107176895e-03 4.819182237680852410e-05
5.681109036844864124e-03 4.167109726108120249e-05
6.178780862380273131e-03 3.600312884149969861e-05
6.067050239203453099e-03 6.600585014365778491e-05
4.464931811881053814e-03 2.672880361317964137e-05
3.435772566514089243e-03 1.439808185366153737e-05
2.631904533994977591e-03 7.797849847723803407e-06
2.088326331422890592e-03 9.044835346250224006e-06
1.831725863918859387e-03 1.017602232150638386e-05
1.016982737075122767e-03 4.352950356056872749e-06
1.275284538548165925e-03 4.273496159556966489e-06
1.831727568926105887e-03 1.017238070744053147e-05
2.657405111049310209e-03 1.986833349165717522e-05
3.714499396109169349e-03 3.154631746551950222e-05
5.429345417927444739e-03 4.095788468211347677e-05
4.962010649880471691e-03 4.429293731805783452e-05
4.125697102600828226e-03 2.885563949478475720e-05
6.360143647261673472e-03 5.750836016571447828e-05
2.998370530417043822e-03 1.791094130648707150e-05
2.088326926809075390e-03 9.033463182150924808e-06
1.435073749515541897e-03 4.221567346751609051e-06
1.071288188450217338e-03 4.569678295290868775e-06
4.360022845290717486e-04 1.510396155340876234e-06
5.972180741127403047e-04 1.494177449462563700e-06
1.071289127922883666e-03 4.570051341162839620e-06
1.831727749552355955e-03 1.017312623893817936e-05
2.840724304416050727e-03 1.726805724225344285e-05
5.434159462943247143e-03 3.369416635815025707e-05
4.055616610365214703e-03 2.525574979383993224e-05
4.055615265868325880e-03 2.524908063214481579e-05
5.434160863851317247e-03 3.370022040904974148e-05
2.840723281432283587e-03 1.726132509149991279e-05
1.831727127345250672e-03 1.016693432764892435e-05
1.071288837002332128e-03 4.564901373349528058e-06
5.972179794248300144e-04 1.491213083792963801e-06
6.491054284098879412e-04 4.602386999286167679e-09
5.972179999819277052e-04 1.489757147282722016e-06
8.643707058785116137e-04 5.384081375181537510e-09
1.435074462626778624e-03 4.229805305955292027e-06
2.278802123565654147e-03 1.065227433366677801e-05
6.528000085821800136e-03 4.934063326994531096e-05
3.355999014089394716e-03 1.863909537797026061e-05
5.069000663524891870e-03 3.913348715617326334e-05
4.624182575990981592e-03 2.761402233425469532e-05
3.747737182419400015e-03 2.908029705020465094e-05
6.042490618953788584e-03 3.714071602506363590e-05
2.603934925971579384e-03 1.955191005992285014e-05
1.679975529700394876e-03 1.108830569918062281e-05
1.016983799400641986e-03 4.352013862535253352e-06
5.972187486655428090e-04 1.500091595857400151e-06
4.360025812982365467e-04 1.513200251518354023e-06
5.972179136671668109e-04 1.492207291259317614e-06
1.071288480861437575e-03 4.571123123797704579e-06
1.831726559598387261e-03 1.017799564242971577e-05
2.840722523617195128e-03 1.727647364208051428e-05
5.434163036970848792e-03 3.371298600982064464e-05
4.055614236975632614e-03 2.526735215538367108e-05
4.055618351095954810e-03 2.526455789861326018e-05
5.434157969831210355e-03 3.371457833961644113e-05
2.840725776937419456e-03 1.727314430471915685e-05
1.831729006190593867e-03 1.017553356755240834e-05
1.071290130917890160e-03 4.571996070845685267e-06
8.643716333845419264e-04 8.605064383271354700e-09
5.972183442627121419e-04 1.496587286542450101e-06
6.491051328793295827e-04 5.686835446994109589e-09
1.016982814857445017e-03 4.352340141039467980e-06
1.679973809369322835e-03 1.109324549064538701e-05
2.603932408058409753e-03 1.956119545062917631e-05
6.042494607284204511e-03 3.715328198283796013e-05
3.747733775747053020e-03 2.909326329675332445e-05
4.624185771111496979e-03 2.762116430418681823e-05
5.068996248074719713e-03 3.914938935239975493e-05
3.356001553004209215e-03 1.864066044468537520e-05
6.527994530148586994e-03 4.935887497434232607e-05
2.278804103867840269e-03 1.064898139216396977e-05
1.435075924169568196e-03 4.223192961200217255e-06
1.435074871504807281e-03 4.216960256014923303e-06
1.071288888645258175e-03 4.567272824079759985e-06
1.016983082192141064e-03 4.350948829945355811e-06
1.275284415516400593e-03 4.270976754733313285e-06
1.831726717037948649e-03 1.017530644067954348e-05
2.657403226925134088e-03 1.987690205176861902e-05
3.714496264852651386e-03 3.156047656155402947e-05
5.429349698513566413e-03 4.098050367443151210e-05
4.962006253091830188e-03 4.431244614486185007e-05
4.125700569222637282e-03 2.887178722324468261e-05
6.360138217939251271e-03 5.753278874950917832e-05
2.998373083834882102e-03 1.791996157818331881e-05
2.088328662468399988e-03 9.035132314344496152e-06
2.278801395797058760e-03 1.064135769823781885e-05
6.527995675624398420e-03 4.935877646305986133e-05
1.831726490885018932e-03 1.017044970444413998e-05
1.679974139382450771e-03 1.108773299390852785e-05
1.831727083096632014e-03 1.016955324725787868e-05
2.278802254293679774e-03 1.064638739209367024e-05
6.527993945715682145e-03 4.934113573556997423e-05
2.998371851690273537e-03 1.792798375821469392e-05
6.360140265799063553e-03 5.752647219176010296e-05
3.957337718491021894e-03 3.027687686824043212e-05
6.440526151041695013e-03 6.138719742329601381e-05
6.440527208677576665e-03 6.140469638865608815e-05
5.117586979379099010e-03 4.518673515294113763e-05
5.117588534769429431e-03 4.517192305308892486e-05
6.440523132070913315e-03 6.140140889743239683e-05
3.957337984277400911e-03 3.026248164442191246e-05
6.440519752030929301e-03 6.140166056892160107e-05
2.998371266686977732e-03 1.791614464535795648e-05
6.360137390394884904e-03 5.753294260288366324e-05
3.355996806619548911e-03 1.863200450208379877e-05
5.068996599723540886e-03 3.914898253704057751e-05
2.840721671338003462e-03 1.726763432535749487e-05
5.434159624524731447e-03 3.371330784818216131e-05
2.603932632390754121e-03 1.955162072336813495e-05
6.042493210240487689e-03 3.713871474061991584e-05
2.657404026003132302e-03 1.986542138823765846e-05
2.998372578781674513e-03 1.791685653809715895e-05
6.360135146328924072e-03 5.750004828089516629e-05
3.610089591857504332e-03 1.834034852069010846e-05
6.088738753159947392e-03 6.319317505734667328e-05
4.464935885525878057e-03 2.675424807552229112e-05
6.178771473658639657e-03 3.602023847659729938e-05
6.067047765915545288e-03 6.602236300029540317e-05
5.528853366545349868e-03 4.152808552909670325e-05
6.295765523013613363e-03 6.446086885375512665e-05
5.528846511087995297e-03 4.152713042884781380e-05
6.295771811117428784e-03 6.448111234802489378e-05
5.117586212336752705e-03 4.516941318552514240e-05
5.117583111509949045e-03 4.518694161548264532e-05
4.125696491874428218e-03 2.886582170560925142e-05
4.962004797649882670e-03 4.431260052090157942e-05
4.624178940947451522e-03 2.761209611709669609e-05
3.747733543683490209e-03 2.909248553806254023e-05
4.055612547603629214e-03 2.525880896522836316e-05
4.055615066907464206e-03 2.526540109526465017e-05
3.747733834247757301e-03 2.908011258695442081e-05
4.624184070461181961e-03 2.761149916760685663e-05
3.714497545527009614e-03 3.154340947505995807e-05
5.429350710342187303e-03 4.096740780759611233e-05
3.957339432023088133e-03 3.025713643217686766e-05
6.440530550641573870e-03 6.137296417732529541e-05
6.440517083988767100e-03 6.135749635460818752e-05
4.464937141701541545e-03 2.673754018933660603e-05
6.178771751109271571e-03 3.599137939716556822e-05
6.067041957968394295e-03 6.599608405444268300e-05
5.215208419800068662e-03 2.668004509567833971e-05
5.215199284564417392e-03 2.667127603347974052e-05
5.940850516336054765e-03 6.796972605815909674e-05
6.178781691154530686e-03 3.602479767719768411e-05
4.464929484484916888e-03 2.675099393142921222e-05
6.067050096199455567e-03 6.602182988130200769e-05
6.440521570573731758e-03 6.138335435451613975e-05
3.957333843784466287e-03 3.027645107761545162e-05
6.440532888821834390e-03 6.140438390220270826e-05
5.429343375807263450e-03 4.097353425977501296e-05
3.714494476997967642e-03 3.156043084159843026e-05
6.042486023700818776e-03 3.714457138317972529e-05
2.603931917664670248e-03 1.956004101860697730e-05
5.434155682466329518e-03 3.370735244884182080e-05
2.840722821762023398e-03 1.727390724501343122e-05
5.068996231697514565e-03 3.913329939297938154e-05
3.355999751498708883e-03 1.863606024113395598e-05
4.962008069111567554e-03 4.429021317259307366e-05
4.125700988262259727e-03 2.886603450108493618e-05
5.117589816203263475e-03 4.516004882756941008e-05
5.117591874617494208e-03 4.516492338718647304e-05
5.528856199069065447e-03 4.150000473934767342e-05
6.295771869775063090e-03 6.445101028512700836e-05
5.528847662596189649e-03 4.148976317777663958e-05
6.295760398293576143e-03 6.443253176102725632e-05
6.178783505946000565e-03 3.600332038344866703e-05
4.464930244386433600e-03 2.672779524520718653e-05
6.067043708862282503e-03 6.599507239643531697e-05
3.610084548154007811e-03 1.833378039933775128e-05
6.088742357885063017e-03 6.319170522650630062e-05
2.998368620971442189e-03 1.792598739941420050e-05
6.360146270400074409e-03 5.752516431573040379e-05
2.657401554325949933e-03 1.987638807704472654e-05
1.679973406918777723e-03 1.109171682600607056e-05
1.831726620799167815e-03 1.017498730487842451e-05
6.527994684101368073e-03 4.934040835125053093e-05
2.278802416223163485e-03 1.064891336644002706e-05
6.360140649254206191e-03 5.750599836770731166e-05
2.998373083986302645e-03 1.792162559635657182e-05
6.440527121907110852e-03 6.136891406019473472e-05
3.957340387983718233e-03 3.026266591102388936e-05
6.440522558188166435e-03 6.136204775358811148e-05
5.117591220767672699e-03 4.516571208926234426e-05
5.117585512555727911e-03 4.515260641102525341e-05
6.440528759682165316e-03 6.137430153488332429e-05
3.957335728521832463e-03 3.024970637888202418e-05
6.440520538885372015e-03 6.135491224981692859e-05
2.998369709285061968e-03 1.791024316241673908e-05
6.360139596969960341e-03 5.749730290038890246e-05
2.278800305653902458e-03 1.064219441979097347e-05
6.527999434661480027e-03 4.933864124856413014e-05
1.831725627397223777e-03 1.017391268742784405e-05
1.016982746760847212e-03 4.350372993122686438e-06
1.071288522110538932e-03 4.567857533194219499e-06
1.435074546528844475e-03 4.226432437165472678e-06
2.088328390295698944e-03 9.044141757313939323e-06
2.998372797965928593e-03 1.792301864458889504e-05
6.360141431619698027e-03 5.750226274414682592e-05
4.125700123525283258e-03 2.886789395800670732e-05
4.962008361146574842e-03 4.428612264995024361e-05
5.429348884606777226e-03 4.096940803305360035e-05
3.714497490687043713e-03 3.153931339619497898e-05
2.657403790601101101e-03 1.986171988418994339e-05
1.831726817968434839e-03 1.016657279048760465e-05
1.275284225882925004e-03 4.268771374799085194e-06
1.424912010652312766e-03 5.916727108257191503e-09
6.609676476858131200e-03 3.873926263109339629e-09
1.275284331387890879e-03 4.267678428343524288e-06
1.435074018738088930e-03 4.217922064481127720e-06
1.895344528310027865e-03 8.991823174930857476e-09
2.631906135501030364e-03 7.810293630033937617e-06
3.610088270013370182e-03 1.834785908930158804e-05
6.088744745463087193e-03 6.319281862987580212e-05
4.790353078388667751e-03 3.076976233837291907e-05
4.750119172204886331e-03 4.785173474464166077e-05
6.470945043360085136e-03 4.354761092759118490e-05
6.133022038132457388e-03 4.437311825888912153e-05
3.575246232116802148e-03 3.306920251239242603e-05
6.133018446840610149e-03 4.435488664178421914e-05
2.603934920906644801e-03 1.955196502631539879e-05
6.042487723091419238e-03 3.712836144462161592e-05
1.875688947058112843e-03 8.207268290649771814e-06
6.203401157343788053e-03 2.205622095455272991e-05
1.275285853185273433e-03 4.282146299078304352e-06
1.016983551710606837e-03 4.354495230424193508e-06
1.071288531969652458e-03 4.565235958237101599e-06
1.435073774992606799e-03 4.221922935310207237e-06
2.088326838227336224e-03 9.047463600447835930e-06
2.998370472031608447e-03 1.793213681494654210e-05
6.360146642579306286e-03 5.752294909050492677e-05
4.125697064471661735e-03 2.888131167788632325e-05
4.962013111620228178e-03 4.430413921308051783e-05
5.429345193542059467e-03 4.098616817230227305e-05
3.714501586266932831e-03 3.155446638780645685e-05
2.657407104721509761e-03 1.987452283636059747e-05
1.831729291488157219e-03 1.017874307060462336e-05
1.435076327421125342e-03 4.236609940866387092e-06
1.071289664822477894e-03 4.576934454769698846e-06
1.016983190447420804e-03 4.354175914850211271e-06
1.275283975827032346e-03 4.270726680105640938e-06
1.831725923167396020e-03 1.017578715403755218e-05
2.657402284681906202e-03 1.987848058573882248e-05
3.714495330854786226e-03 3.156261225270573512e-05
5.429352770389431204e-03 4.098720917147802290e-05
4.962005395763344207e-03 4.431457840334274145e-05
4.125703393143956288e-03 2.887959473671375399e-05
6.360137408005492321e-03 5.753442763276050975e-05
2.998375585911983165e-03 1.792974691733340009e-05
2.088330711133651318e-03 9.049213969714031691e-06
1.895346584650514643e-03 1.327498244663161131e-08
1.435075336074412289e-03 4.230939259025623400e-06
1.275284798840203848e-03 4.277887758974419086e-06
1.424911512681051318e-03 7.245231442576383074e-09
6.609676793843943798e-03 4.590857527464464738e-09
1.875687380953977579e-03 8.209117367985463432e-06
6.203403001839497000e-03 2.207677899063176241e-05
2.603932190568952754e-03 1.956096132932350073e-05
6.042490800379010651e-03 3.716026050734622110e-05
3.575242229554367879e-03 3.308480678657077512e-05
6.133027081729872099e-03 4.438424820626951650e-05
6.133022435843613063e-03 4.439431268879467929e-05
4.750113765116456555e-03 4.787285904409022130e-05
4.790357222434510343e-03 3.077326942058089543e-05
6.470949641400713936e-03 4.358965726503072347e-05
6.088737782703232404e-03 6.321821206914379765e-05
3.610091662524267386e-03 1.834413507528775966e-05
2.631908859591983174e-03 7.800834751575669301e-06
2.631906870118480568e-03 7.791713927701726661e-06
2.088327992432567615e-03 9.040400043597296431e-06
1.831727076792785680e-03 1.017386511983908726e-05
1.875688122789084811e-03 8.206117447034921852e-06
6.203399530569267406e-03 2.205888730980043455e-05
2.217919131574958014e-03 8.017312216501704114e-06
5.695674506673284454e-03 2.265319491004391672e-05
2.840723044590084956e-03 1.727360537254196693e-05
5.434158670989730489e-03 3.371834893062253258e-05
3.714496861828578411e-03 3.156101112386511254e-05
5.429347975769993617e-03 4.099578107807921867e-05
4.802769189841737951e-03 4.821458299691938620e-05
5.681114784152105357e-03 4.169521972549605771e-05
5.681115093608177236e-03 4.171696651536493938e-05
6.067044292945356077e-03 6.603546313516117650e-05
4.464936336879901657e-03 2.674377116443360514e-05
6.178783608129942428e-03 3.604187842690120824e-05
3.435775883907879469e-03 1.440249867482035206e-05
3.610086885915755883e-03 1.833364697942374555e-05
6.088738265984300346e-03 6.321791191921111164e-05
2.998370498438512888e-03 1.792025974728383986e-05
6.360140616925191726e-03 5.753327473673186532e-05
2.657403252306553276e-03 1.986967918107818143e-05
2.603933481237635794e-03 1.955146446747102473e-05
6.042484138045714492e-03 3.713223125764719690e-05
2.840723988900895058e-03 1.726354770842375430e-05
5.434154786865263986e-03 3.369393077168325590e-05
3.356000013203394583e-03 1.863294798240544559e-05
5.068995980715085281e-03 3.913553756740295597e-05
4.125699756800396689e-03 2.887703068951696928e-05
4.962008400858503032e-03 4.430942963784545441e-05
5.117588691715052596e-03 4.518749835646929114e-05
5.117590984309194901e-03 4.519248117390572972e-05
6.295766581570508280e-03 6.448279245110932756e-05
5.528851845258531128e-03 4.151093078474943354e-05
6.295759021758329244e-03 6.448278896648007574e-05
5.528858693294086413e-03 4.154049354804234540e-05
4.464933391774755789e-03 2.673871392000481961e-05
6.067041154731445118e-03 6.603563514062660289e-05
6.178787897693674425e-03 3.604443436985849125e-05
4.790349277178473919e-03 3.076208070640351622e-05
4.750113385034615554e-03 4.787193341587725470e-05
6.470961243278436359e-03 4.359600644318617491e-05
4.125695568607049002e-03 2.886976144630959418e-05
4.962007388606401448e-03 4.431249991279639922e-05
3.714495741352186187e-03 3.154955259926373046e-05
5.429348720293214470e-03 4.098277255154547660e-05
3.575243860009416630e-03 3.306909647796119067e-05
6.133026326518437044e-03 4.436907576788051699e-05
6.133013421249777775e-03 4.436012800185240579e-05
3.714498825848885910e-03 3.154242612510294030e-05
5.429340399226725844e-03 4.095557507891034454e-05
4.125701131315995251e-03 2.886099106963468941e-05
4.962003956906754776e-03 4.428517229740358552e-05
4.790356276562698912e-03 3.076230797374734927e-05
6.470939078463355809e-03 4.355381097354005249e-05
4.750115073250085751e-03 4.785369860474397719e-05
5.681115722792479117e-03 4.170015917104308301e-05
5.681104096060249353e-03 4.169600748579749272e-05
4.802772578306607754e-03 4.820740528771461086e-05
5.117581255816378016e-03 4.518642044254450596e-05
5.117593537102727019e-03 4.519263660773820135e-05
5.681108487264288631e-03 4.168786153643799786e-05
4.802765612098511272e-03 4.821422728165658533e-05
5.681121532378957673e-03 4.171915459466601916e-05
6.133016113424857862e-03 4.437322350506200941e-05
3.575241389744465703e-03 3.308328867657195360e-05
6.133033021452433120e-03 4.439871980604914725e-05
5.429342224566119368e-03 4.097752689602440768e-05
3.714496376591019944e-03 3.155971412233116169e-05
4.962005146011902457e-03 4.429926162516362176e-05
4.125699268593602254e-03 2.887692892472593087e-05
4.750115609117741555e-03 4.785181507302449511e-05
4.790355729377929195e-03 3.076519562503210459e-05
6.470939531674144152e-03 4.355411461584579591e-05
4.802772165074548072e-03 4.818846113979757817e-05
5.681117148900266534e-03 4.168441047097681817e-05
5.681104621487492734e-03 4.166671055017001635e-05
5.117591667470791639e-03 4.515933234541802399e-05
5.117582245879104264e-03 4.514886721940225556e-05
5.681117623633963332e-03 4.167896488210809380e-05
5.681105327528745974e-03 4.166877913147626344e-05
4.802767526262533004e-03 4.818292239064381199e-05
6.470954790216365549e-03 4.356282906142761036e-05
4.790346821485921835e-03 3.075519816955751828e-05
4.750116577738106027e-03 4.785290438358291709e-05
4.125693400506669217e-03 2.887412174384929031e-05
4.962011975245192441e-03 4.430871540825331856e-05
3.714493485489245295e-03 3.155990577241585271e-05
5.429354540581757260e-03 4.099671725663056598e-05
2.603931414236634878e-03 1.955891821761590599e-05
6.042498408819485523e-03 3.716284334309705173e-05
2.657402770141620296e-03 1.987498581468294390e-05
6.360136708308400388e-03 5.751834946587930375e-05
2.998371692766635399e-03 1.792695531424581823e-05
6.088739864966982718e-03 6.319295889736786798e-05
3.610089654970921602e-03 1.834290968266705235e-05
6.067048249608117394e-03 6.600291113043055269e-05
4.464937448478423221e-03 2.674364921129157580e-05
6.178771481837791457e-03 3.598614389233034672e-05
6.295771207951161852e-03 6.444554628759480153e-05
5.528856752468863656e-03 4.150750785075763005e-05
6.295762824080536335e-03 6.443751357054772200e-05
5.528846489149391585e-03 4.148327618386238314e-05
5.117584175863207352e-03 4.515133253055192419e-05
5.117583659238103544e-03 4.514719465573135970e-05
4.125695068947901611e-03 2.885388240539410454e-05
4.962006438442023715e-03 4.428291002145368083e-05
3.355995722126692282e-03 1.862813383218808738e-05
5.068999599676479728e-03 3.913342348313419983e-05
2.840720604942018057e-03 1.727146726485107031e-05
5.434163907654721015e-03 3.371767949966741895e-05
1.875687134762674124e-03 8.206547621486537381e-06
6.203406619582393922e-03 2.207771426390725544e-05
1.831726228846808358e-03 1.017194840741142414e-05
2.088327432146389051e-03 9.041815238225447970e-06
2.631906648321122311e-03 7.805271835276128556e-06
3.435775933740503607e-03 1.441393619111552837e-05
4.464936471668151663e-03 2.674585430201270597e-05
6.067046681596452440e-03 6.599856103758905412e-05
6.178773527917597042e-03 3.598274675625789953e-05
5.681114720379812355e-03 4.168749802194171572e-05
4.802770256999294718e-03 4.818408120615957912e-05
5.681107788435599271e-03 4.166240340622295868e-05
3.714496947498396873e-03 3.153840795955265008e-05
5.429343906707212453e-03 4.095135234755131748e-05
2.840722479873880602e-03 1.726020780501436036e-05
5.434158191823287853e-03 3.369017546009378528e-05
2.217918221366327325e-03 8.014589618576817287e-06
5.695677808046917256e-03 2.265046698818329318e-05
2.452554458589897846e-03 6.356314613542579650e-09
5.086480300933685084e-03 5.201349267958121914e-09
2.217918556573231226e-03 8.013994626215881212e-06
5.695677014445385544e-03 2.265179702612418744e-05
2.278801031320068504e-03 1.063885532673336520e-05
6.527998728142303531e-03 4.934047003840591472e-05
2.631905330929787401e-03 7.791807718565690877e-06
3.259387843904379412e-03 1.273397123857655799e-08
4.132274532292229408e-03 1.185317817847808541e-05
5.880780751308475884e-03 1.604243713057562637e-05
5.215205386116486541e-03 2.668882174775011329e-05
5.940854849606602706e-03 6.796915100570899426e-05
5.215202447936939656e-03 2.666371833032199490e-05
6.470948846297591706e-03 4.357116472392119633e-05
4.750119096881361136e-03 4.785094225073782681e-05
4.790349842868329988e-03 3.074989475604361644e-05
3.747737136689174853e-03 2.907961857270824346e-05
4.624179645663820115e-03 2.760013754263268559e-05
2.970769508582313256e-03 1.272889733536231027e-05
4.724261528160744739e-03 1.714146725034781937e-05
2.217921065874664532e-03 8.031620571641306938e-06
5.695672631923776041e-03 2.265772415088740388e-05
1.875688728931040883e-03 8.210191096813534983e-06
6.203399058030509283e-03 2.205880118985592553e-05
1.831726587425516750e-03 1.016689075780674578e-05
2.088326599294934582e-03 9.031283184163241273e-06
2.631904684999256117e-03 7.797377500978752707e-06
3.435772917863844089e-03 1.442004566964971701e-05
4.464932510668415122e-03 2.675954094397137162e-05
6.067053513748435489e-03 6.601879367909568863e-05
6.178777680006158901e-03 3.601558271071336748e-05
5.681109969392361680e-03 4.170556302879324662e-05
4.802776383131160398e-03 4.820237530081539212e-05
5.681109883574286812e-03 4.169221245886589600e-05
3.714502126803048698e-03 3.155525895537358849e-05
5.429343696540106512e-03 4.097696720600785270e-05
2.840726541070107136e-03 1.727707790580290670e-05
5.434155516263708408e-03 3.370998226745469672e-05
2.278805230289934758e-03 1.066321026968464203e-05
6.527990893773108483e-03 4.935994275370725326e-05
1.831728698152138013e-03 1.018353216333811595e-05
1.679974662526520501e-03 1.109181812006254653e-05
1.831726111713199989e-03 1.016797105052313910e-05
2.278800179541531912e-03 1.064334188724536112e-05
6.528000064629488342e-03 4.933868736636815022e-05
2.998369151166968560e-03 1.792825088986482740e-05
6.360141524024309767e-03 5.751984201074478165e-05
3.957334822790384288e-03 3.027954323739368014e-05
6.440533593590730410e-03 6.139793986414954219e-05
6.440523192767388938e-03 6.139344909361632574e-05
5.117584170751601769e-03 4.519022800589245215e-05
5.117595459805834857e-03 4.518419027277342792e-05
6.440520500137339455e-03 6.140451078515130057e-05
3.957344206492505179e-03 3.027720653078769253e-05
6.440521865518036848e-03 6.140030165283083541e-05
2.998376470004671113e-03 1.793498657093328674e-05
6.360136076969641339e-03 5.753330227037389832e-05
2.631909884701411073e-03 7.819588262902854581e-06
2.088329901239860398e-03 9.056702899468138668e-06
1.831727789563072917e-03 1.018196919513880694e-05
1.875687699564310140e-03 8.209712414497527533e-06
6.203405031266345793e-03 2.205766158480670924e-05
2.217917773842462137e-03 8.017188614789505507e-06
5.695678180316229855e-03 2.264987777175764272e-05
2.840721040148069809e-03 1.727352184316410799e-05
5.434160068877993965e-03 3.371285075540186860e-05
3.714494508320106969e-03 3.156178418525779072e-05
5.429346811412411045e-03 4.098771245486521053e-05
4.802766727608737130e-03 4.821579820962762497e-05
5.681119817604315947e-03 4.170547787893386094e-05
5.681111308275726968e-03 4.170547409049207843e-05
6.067041866660877192e-03 6.603659846782239384e-05
4.464940920325982665e-03 2.675723832912257905e-05
6.178777387740350124e-03 3.602502429825293895e-05
3.435779803806202071e-03 1.442256973296918154e-05
3.259391209391254707e-03 1.752175649016862735e-08
2.631907940292207981e-03 7.811787437167483361e-06
2.278802731462026276e-03 1.065728369403773357e-05
6.527995064435701544e-03 4.935708658890258782e-05
2.217919162988066240e-03 8.027209663058476607e-06
5.695675444746903238e-03 2.265645750901268407e-05
2.452553797284928727e-03 7.654712641524952232e-09
5.086480578917640383e-03 5.632264155064348188e-09
2.970767433260954049e-03 1.273307624280461958e-05
4.724263354531479941e-03 1.716139619259426929e-05
3.747733518807000452e-03 2.909327648786819154e-05
4.624182691394529421e-03 2.762949229645483840e-05
4.750113804380451388e-03 4.787304656217461485e-05
6.470954424920655201e-03 4.357681797012569191e-05
4.790353788176479610e-03 3.078475542492298267e-05
5.940847734476090158e-03 6.799802798235221601e-05
5.215210138415124486e-03 2.668516251383423743e-05
5.215207029578242115e-03 2.669930397494746366e-05
4.132278578039216832e-03 1.184134281040361003e-05
5.880785801479465613e-03 1.607389594571184688e-05
4.132275353451106414e-03 1.182984651346141725e-05
5.880790420372011829e-03 1.608393921681550154e-05
3.435774896040175164e-03 1.441009683419980369e-05
2.998371624713599970e-03 1.792672011360907369e-05
6.360135276646139424e-03 5.753211771419852738e-05
2.840723284725885089e-03 1.727246762248113576e-05
5.434155079480265660e-03 3.371085911871296581e-05
2.970768791880129545e-03 1.272806351554356397e-05
4.724260501059812656e-03 1.714479205355834424e-05
3.382192913132117673e-03 1.240056511522813487e-05
4.258124631405998950e-03 1.761918874412793379e-05
4.055615463249437336e-03 2.526482302669941227e-05
4.055615035408535740e-03 2.527117579267934566e-05
4.962007902287998706e-03 4.431330862023075134e-05
4.125699982155714429e-03 2.888933289899031642e-05
6.067045454527769666e-03 6.603570997842922452e-05
6.178780620341745022e-03 3.601305387879172315e-05
4.464937916753161651e-03 2.676929019865270654e-05
5.058112397583983122e-03 2.020098189844943271e-05
5.058116643700177884e-03 2.023671855888586890e-05
5.215202838765128912e-03 2.667264026143256750e-05
5.940846652873976730e-03 6.799785835298610692e-05
5.215214198931714118e-03 2.670737138479872819e-05
4.464932315068267932e-03 2.674417265577377911e-05
6.067044684519226627e-03 6.603528561330285207e-05
6.178789963496036930e-03 3.603781409625139709e-05
3.957336389580110025e-03 3.026832106131638334e-05
6.440526012936723110e-03 6.140172073285099508e-05
6.440517038682619377e-03 6.140149359568081167e-05
3.714497010666339971e-03 3.155093351764337584e-05
5.429340492026840659e-03 4.098018662179736538e-05
3.747736012068264566e-03 2.907955502667869396e-05
4.624177332593876200e-03 2.760470844143103619e-05
4.055617053712420872e-03 2.525082760099217616e-05
4.055611856844998364e-03 2.524960730415637400e-05
4.624184902150677012e-03 2.760817483313249276e-05
3.747733876440922929e-03 2.908341803847802609e-05
5.429349665926119783e-03 4.098225315163350757e-05
3.714498400375756959e-03 3.156070122431464675e-05
6.440527098372214598e-03 6.140206654917101936e-05
6.440515495060861184e-03 6.140140148847006429e-05
3.957341435239056238e-03 3.028561140253072104e-05
6.178776418881218313e-03 3.600727546601567575e-05
6.067039439244789611e-03 6.603601771706935075e-05
4.464940784486129410e-03 2.677159104405579804e-05
6.470942836424395384e-03 4.356418049469845677e-05
4.750112172065001914e-03 4.787200872086172510e-05
4.790361234008055913e-03 3.079065736533159736e-05
5.681107260677206727e-03 4.169256132793841552e-05
4.802768330687753884e-03 4.821338636454286508e-05
5.681123271906327044e-03 4.171507163727716794e-05
5.117584352428622418e-03 4.517517194363440680e-05
5.117587975794687938e-03 4.518606988732076779e-05
4.802769019320501931e-03 4.819818081419624534e-05
5.681114881933263527e-03 4.169987743912750844e-05
5.681104876935627601e-03 4.169784061969217248e-05
4.750117136641959781e-03 4.785133612425496175e-05
6.470953831249223742e-03 4.356534328278649504e-05
4.790346721863750212e-03 3.075582307507374047e-05
4.962011096512536357e-03 4.428853071486438253e-05
4.125693826850559964e-03 2.885377087805118812e-05
5.429351653362668451e-03 4.096251303098430441e-05
3.714494722498920543e-03 3.153921236062617872e-05
6.133027617647807128e-03 4.436623807807515973e-05
6.133013208472412603e-03 4.435907516484038915e-05
3.575243699344907156e-03 3.307207094652153678e-05
5.429339571165384126e-03 4.097935790756124241e-05
3.714499877788435267e-03 3.156059858561155451e-05
4.962002235665952110e-03 4.431252123693329992e-05
4.125703885838938323e-03 2.889104968412103958e-05
3.747732035574116716e-03 2.909146603788381746e-05
4.624188455460101488e-03 2.763332222313619191e-05
3.714495351204757934e-03 3.155851870298431727e-05
5.429355709942212949e-03 4.099440824928413107e-05
6.440519287117169034e-03 6.138926056215021632e-05
3.957337229853419291e-03 3.027429362922884337e-05
6.440535874870478850e-03 6.140160058987209624e-05
6.067043750097006471e-03 6.601477523970888939e-05
4.464935590691485046e-03 2.675261800552664049e-05
6.178772128527812435e-03 3.602362989771346058e-05
5.940851669168190075e-03 6.796975506023761326e-05
5.215208240861871070e-03 2.668254426788085887e-05
5.215199357893482435e-03 2.667084549581866249e-05
6.067050130254977858e-03 6.600212248816794691e-05
6.178783430945536392e-03 3.600998550926104436e-05
4.464929495922434488e-03 2.672425678321155296e-05
6.440531186485284887e-03 6.136786295210527875e-05
6.440519329936139625e-03 6.135930949846546412e-05
3.957334217824723388e-03 3.024635570961220488e-05
5.429341788084560139e-03 4.095497032749473298e-05
3.714495659509653436e-03 3.153792800059118662e-05
4.624177671107468357e-03 2.760311792818215260e-05
3.747735832194093453e-03 2.908206071355889932e-05
4.055611162462197106e-03 2.526269214553344966e-05
4.055618504978361627e-03 2.527137676208712769e-05
2.970766801710211791e-03 1.273055552253321565e-05
4.724266226498810561e-03 1.716337778948084924e-05
2.840721652253436202e-03 1.726971567644897121e-05
5.434164226936225028e-03 3.371697733925427265e-05
2.998370584280582452e-03 1.792247781731703959e-05
6.360147686085837471e-03 5.752475491127562179e-05
3.435774564190322011e-03 1.441225452650241046e-05
4.132275700174728450e-03 1.184670887457994759e-05
5.880778710177281265e-03 1.605038352708865190e-05
5.058113237511610571e-03 2.021329222354206756e-05
5.058107015995891298e-03 2.018558665420333575e-05
6.178781633581889587e-03 3.601291038565768154e-05
6.067045712686527925e-03 6.599722266883989441e-05
4.464930751702858580e-03 2.672118946775436932e-05
4.962006966803045316e-03 4.428396302191828227e-05
4.125695662946862741e-03 2.885006295008651911e-05
4.055613772674368511e-03 2.524697943509512932e-05
4.055613890980802605e-03 2.524617813626228724e-05
3.382190884192740055e-03 1.239757470913871451e-05
4.258126881422172327e-03 1.761702623007121993e-05
3.687613260602795595e-03 6.029961585607424013e-09
3.687612464575842908e-03 6.180808170830331960e-09
3.382191616180141303e-03 1.239754812087934255e-05
4.258126594460606706e-03 1.761764390320608165e-05
3.355997248058434357e-03 1.862539678598729154e-05
5.068999774211921383e-03 3.913429590166050964e-05
3.610086483648772271e-03 1.832820201141949212e-05
6.088743838741736414e-03 6.319365249232711257e-05
4.132273344253173386e-03 1.182857654052904550e-05
5.880782181937244113e-03 1.607073778953083121e-05
4.899344248890546982e-03 1.565034607464710348e-08
4.899343750061332936e-03 1.509522187803646887e-08
5.880782704374157288e-03 1.607103435849466244e-05
4.132272825842150943e-03 1.182844569838636950e-05
6.088744316136707191e-03 6.319084088007853595e-05
3.610085898089171463e-03 1.832780072791306836e-05
5.069000415870827947e-03 3.913167686198093520e-05
3.355996568427457860e-03 1.862463504978539852e-05
4.258127349968235387e-03 1.761541150682721657e-05
3.382190853378111428e-03 1.239632924746048026e-05
3.382195218156941463e-03 1.241699596354894908e-05
4.258122911414932710e-03 1.762043115896561041e-05
2.970769452836113933e-03 1.273210211460984453e-05
4.724260175438491083e-03 1.714416819778574741e-05
2.840722600864500902e-03 1.726072022725788635e-05
5.434156289506747450e-03 3.369355274696061997e-05
2.998369884795112905e-03 1.790744677129807449e-05
6.360138178774774054e-03 5.750156622683078034e-05
3.435772325152144924e-03 1.439299144037620160e-05
4.132272068814626942e-03 1.183546509134214553e-05
5.880784178821762964e-03 1.606275888316188727e-05
5.058108395066596152e-03 2.022225575715186352e-05
5.058110985404276616e-03 2.021293134488177934e-05
6.178775800854810485e-03 3.603075718380810422e-05
6.067054075439545779e-03 6.601832823524556026e-05
4.464932975146190808e-03 2.674672115748899515e-05
4.962014245835796866e-03 4.430442799438494283e-05
4.125695934693335287e-03 2.887112237809352777e-05
4.055619680429375928e-03 2.526783705822377435e-05
4.055612067708214141e-03 2.526129616037264825e-05
3.356003677983249167e-03 1.865416657903518072e-05
5.068993007900687853e-03 3.914920823169798503e-05
2.840725899314749947e-03 1.728175262044606697e-05
5.434152965939145763e-03 3.371171522706384316e-05
2.603933995865947981e-03 1.955564962685674146e-05
6.042483420729105603e-03 3.713221285639445313e-05
2.657402689518473249e-03 1.986245655688501088e-05
2.998369066935180349e-03 1.790943010210321873e-05
6.360145725958832319e-03 5.750296050693881611e-05
3.610084645926686653e-03 1.833407811452358871e-05
6.088743355464290574e-03 6.319148288944087533e-05
4.464930265532490727e-03 2.675388845346793332e-05
6.178780756107213334e-03 3.602256816984117371e-05
6.067045592348135896e-03 6.601491062574460500e-05
5.528847675848769239e-03 4.153133909773343291e-05
6.295777060207785603e-03 6.447480560212159872e-05
5.528852362976482970e-03 4.152529682532879463e-05
6.295762672636900925e-03 6.446712667868004232e-05
5.117596749596012295e-03 4.518579939141731394e-05
5.117585671931712543e-03 4.518493175442728216e-05
4.125705501166962441e-03 2.888586457303055077e-05
4.962004239949718842e-03 4.431193351067674868e-05
3.610094232280272597e-03 1.836267412566594537e-05
6.088734844993559658e-03 6.321933378305999440e-05
2.998375450755000338e-03 1.794130082491407485e-05
6.360132303367488360e-03 5.753417146414641081e-05
2.657405513508043216e-03 1.988082825421511046e-05
2.603933061736493637e-03 1.955557288510489933e-05
6.042494844340703941e-03 3.713318964329581640e-05
2.840721221299413735e-03 1.726232738658017851e-05
5.434162686387480901e-03 3.369430656566252402e-05
3.355995468182410013e-03 1.862987647804903446e-05
5.069000166368797800e-03 3.913216121331775099e-05
4.125694096875964778e-03 2.887625142100613829e-05
4.962008202530038270e-03 4.430119815312938414e-05
5.117582522475322415e-03 4.518873989900473731e-05
5.117586119001732436e-03 4.517850934582234856e-05
6.295760348337245405e-03 6.448473013834221668e-05
5.528862422240973795e-03 4.153071582993494992e-05
6.295765320660950959e-03 6.448248914020515699e-05
5.528849334294719253e-03 4.151916448755232913e-05
4.464942631768650805e-03 2.676419210770331070e-05
6.067042591759511105e-03 6.603614653408196311e-05
6.178774635576700369e-03 3.601387593393789999e-05
4.132280463545190408e-03 1.186438528893996036e-05
5.880782957286598278e-03 1.604525547946322739e-05
3.435778580335932531e-03 1.443212960081097229e-05
2.998373649987923217e-03 1.793901695545940811e-05
6.360141271710167965e-03 5.753080304382596211e-05
2.840723583882182046e-03 1.727970856013616441e-05
5.434160393261555644e-03 3.371002898572283968e-05
2.970767490466166838e-03 1.273164469481335992e-05
4.724264669068292677e-03 1.714363195839951892e-05
3.382190300643572733e-03 1.240047074702044227e-05
4.258127184315313452e-03 1.761535415234494195e-05
4.055611921075299997e-03 2.526458360238570400e-05
4.055615587173183600e-03 2.526471877017932854e-05
4.962003818262533672e-03 4.431381788277954925e-05
4.125698316401596455e-03 2.887948065558032518e-05
6.067041154043162354e-03 6.603659092352387461e-05
6.178787575054633940e-03 3.602873159658237512e-05
4.464934039167658963e-03 2.675398482340773931e-05
5.058118602726896507e-03 2.022531650425207772e-05
5.058110779258828682e-03 2.021080559305721280e-05
4.899348805591091649e-03 2.039488922189747200e-08
4.899348560419472531e-03 2.092937409492456879e-08
4.132277259168953831e-03 1.185484278060089380e-05
5.880787609198995236e-03 1.605772299306806872e-05
3.610089585675435586e-03 1.835522229665098592e-05
6.088738099278651061e-03 6.321623325439285068e-05
3.355999300983750211e-03 1.864863050068943373e-05
5.068996251501145522e-03 3.914757668488366704e-05
3.382192375883955049e-03 1.241298953294500684e-05
4.258125064250176117e-03 1.762030638405298610e-05
3.687612518687544139e-03 7.032753213120912505e-09
3.687612652786304013e-03 6.639363558935684750e-09
4.258124945471050693e-03 1.762224945225931982e-05
3.382192455220436877e-03 1.241430776369178979e-05
5.068996218197729942e-03 3.914980551922297991e-05
3.355999279149410319e-03 1.864972696338784708e-05
6.088738198891302522e-03 6.321862355618268481e-05
3.610089454256545927e-03 1.835616748155355360e-05
5.880787839303985853e-03 1.605818079158938261e-05
4.132277046374588370e-03 1.185566693256978610e-05
5.880783234826866823e-03 1.604541177444018807e-05
4.132280190080411808e-03 1.186495057592384939e-05
5.058111018983998952e-03 2.021024102930035760e-05
5.058118358832103256e-03 2.022592471184747609e-05
4.464934183479526975e-03 2.675316850089815013e-05
6.178787384604186861e-03 3.602943658789770076e-05
6.067040904382189903e-03 6.603469476948453654e-05
4.125698328658861103e-03 2.887858920941344110e-05
4.962003691153085705e-03 4.431212346892032805e-05
4.055615469253037730e-03 2.526388420820424585e-05
4.055611884310098003e-03 2.526329282029338152e-05
4.258126980398527217e-03 1.761514055695356795e-05
3.382190296058407153e-03 1.240004568636710047e-05
4.724264453220980431e-03 1.714547955097844856e-05
2.970767454861078516e-03 1.273219595887553623e-05
5.434160246027469610e-03 3.371261153595206395e-05
2.840723472561312857e-03 1.728024961389351688e-05
6.360141255475695865e-03 5.753350466916606898e-05
2.998373452685276774e-03 1.793944201361474811e-05
3.435778322017302155e-03 1.443253999816596078e-05
6.088735504853184932e-03 6.321870194944678722e-05
3.610093862188246128e-03 1.836328624388317010e-05
6.178774954182647550e-03 3.601353400994877774e-05
6.067043132711641418e-03 6.603533008009421224e-05
4.464942313089886872e-03 2.676544763458021947e-05
5.528849557708409579e-03 4.151869213292469496e-05
6.295765751767920526e-03 6.448170784825735247e-05
5.528862183143537501e-03 4.153227384459667881e-05
6.295759948676635243e-03 6.448347174689561534e-05
5.117586197886270227e-03 4.517803487075200408e-05
5.117582224602651442e-03 4.518766507782823183e-05
4.962008127330150287e-03 4.430084813203394312e-05
4.125693882785427813e-03 2.887549022809188237e-05
5.068999973863480557e-03 3.913220695350716483e-05
3.355995291225183363e-03 1.862953532799638268e-05
5.434162449819660012e-03 3.369535606803641947e-05
2.840721025387418774e-03 1.726224668976983345e-05
6.042494650934704392e-03 3.713553839718164440e-05
2.603932804971023640e-03 1.955543206780263610e-05
2.657405185985312057e-03 1.988060445251571551e-05
6.360133049076482914e-03 5.753365955935008103e-05
2.998375077904305575e-03 1.794124442314193324e-05
5.068993797479298680e-03 3.914883109712441467e-05
3.356003160564821619e-03 1.865471213172154030e-05
4.962004925576399272e-03 4.431142052549463806e-05
4.125705050901221083e-03 2.888747125892598966e-05
5.117586238873927940e-03 4.518430024447184223e-05
5.117596406536834008e-03 4.518791228297347473e-05
6.295762866877496755e-03 6.446700882900557872e-05
5.528852836703304630e-03 4.152483802957740444e-05
6.295776831753210900e-03 6.447710565490871737e-05
5.528847234256395460e-03 4.153088513608738097e-05
6.067045620024941188e-03 6.601493356822585312e-05
6.178781186459647579e-03 3.602278582787166172e-05
4.464929893841201869e-03 2.675364432014326610e-05
6.088743241505725767e-03 6.319180262034929108e-05
3.610084307626562627e-03 1.833393088876422716e-05
6.360145537690570228e-03 5.750388150133067811e-05
2.998368711357904393e-03 1.790911209673118343e-05
2.657402275668574454e-03 1.986187020147633930e-05
6.042484225166164236e-03 3.713061139351547801e-05
2.603933512691461449e-03 1.955487847263293055e-05
5.434153803939176242e-03 3.371103545699027926e-05
2.840725372650815261e-03 1.728119440586040056e-05
4.258123750634862370e-03 1.762033414925978647e-05
3.382194542530303494e-03 1.241738457347096869e-05
4.055612835532629301e-03 2.526138818409462417e-05
4.055619069854549119e-03 2.526971161426194712e-05
4.125696595175865067e-03 2.887100838666611935e-05
4.962013757220815058e-03 4.430687158293866723e-05
4.464933534410811533e-03 2.674649368242243419e-05
6.067053735574270967e-03 6.602098840799430768e-05
6.178775268387420860e-03 3.603064589235982496e-05
5.058111482835414563e-03 2.021292445375522107e-05
5.058107916712156760e-03 2.022240461524438260e-05
5.880784665204780159e-03 1.606365688755495569e-05
4.132271617461408253e-03 1.183560320533461052e-05
3.435771853836852574e-03 1.439263338112728441e-05
6.360138783936805651e-03 5.749883108011055732e-05
2.998369350228929919e-03 1.790667342482787916e-05
5.434157048507859411e-03 3.369107916523228496e-05
2.840721986425792656e-03 1.725957511311548842e-05
4.724261016112951683e-03 1.714249991374705573e-05
2.970768780349145044e-03 1.273083788252971082e-05
5.086481111709117986e-03 5.197333896589384494e-09
2.452553757630676623e-03 6.527954787838297079e-09
4.724262317906444131e-03 1.714300142743874211e-05
2.970768832438477891e-03 1.273065562487629698e-05
4.624180348444875688e-03 2.760120120195996840e-05
3.747736550186703264e-03 2.908180088218026427e-05
4.790350430951342831e-03 3.075057520809942879e-05
4.750118648005410837e-03 4.785340701138340869e-05
6.470948227417255838e-03 4.357048094399962324e-05
5.215202936347446139e-03 2.666411220175746166e-05
5.940854554964750123e-03 6.797169881947451309e-05
5.215204811483631353e-03 2.668833450425456277e-05
5.880781185253480814e-03 1.604260989768180323e-05
4.132274003924740757e-03 1.185287875909990518e-05
3.259387332330360154e-03 1.221216233693311892e-08
2.631904792251948955e-03 7.791688825531384310e-06
6.527999334092315920e-03 4.933771162451972003e-05
2.278800431031541285e-03 1.063843801185626603e-05
5.695677761621165125e-03 2.264932199785851807e-05
2.217917889917389584e-03 8.013186701377739141e-06
4.724266945951960395e-03 1.716294357623215916e-05
2.970766022743057122e-03 1.273075462573936001e-05
4.258127617395635056e-03 1.761861291449395850e-05
3.382190093305800782e-03 1.239890145957045497e-05
4.055614572311419530e-03 2.524771075393394959e-05
4.055613042812614144e-03 2.524902491382596814e-05
4.125696248404753241e-03 2.885121266649193217e-05
4.962006365164459143e-03 4.428634702288714031e-05
4.464931241829200870e-03 2.672195380720721047e-05
6.067045281547653324e-03 6.599973220947075170e-05
6.178781043558539965e-03 3.601141491038628573e-05
5.058107447400705947e-03 2.018593087793618679e-05
5.058112689149463215e-03 2.021188801126783119e-05
5.880779135179689532e-03 1.605021402142914333e-05
4.132275170629418071e-03 1.184595578190839049e-05
3.435774008815117853e-03 1.441244657146567576e-05
6.360148159798767464e-03 5.752217474297438571e-05
2.998369959852059674e-03 1.792279366646942762e-05
5.434164852604408957e-03 3.371492184964242078e-05
2.840720940517960091e-03 1.726987240424637804e-05
4.624189030345157714e-03 2.763272755809675907e-05
3.747731265630202535e-03 2.909199874154277943e-05
4.055619116896225229e-03 2.527214974246128065e-05
4.055610336018922180e-03 2.526331383073676662e-05
3.747736413626814866e-03 2.908321692243753809e-05
4.624176859745476875e-03 2.760443449317806497e-05
3.714496163980660071e-03 3.153892405313718506e-05
5.429341071683968512e-03 4.095692971428643858e-05
3.957334636646880899e-03 3.024705343601663543e-05
6.440518774644091171e-03 6.136155205091475828e-05
6.440531384095768419e-03 6.136648719987092271e-05
4.464929858627939008e-03 2.672463916800205119e-05
6.178782910947394624e-03 3.600791796493085783e-05
6.067050275694624295e-03 6.600126858541388586e-05
5.215199716286714193e-03 2.667100974199088093e-05
5.215207749268827020e-03 2.668138993675017723e-05
5.940851688540860209e-03 6.796918466372980916e-05
6.178772532132115192e-03 3.602383063189273926e-05
4.464935084721677327e-03 2.675274571545260827e-05
6.067043606793665056e-03 6.601439183639978836e-05
6.440536211997388572e-03 6.139930015447436773e-05
3.957336658367990867e-03 3.027500047728115540e-05
6.440518993556812455e-03 6.138911148875769719e-05
5.429356184368128169e-03 4.099262248630219929e-05
3.714494679792859633e-03 3.155923147804551299e-05
4.790361658394873268e-03 3.078996413016787947e-05
4.750111493147149422e-03 4.787286299676174472e-05
6.470942510023586225e-03 4.356472522998311447e-05
4.125704346691183577e-03 2.889128273025898253e-05
4.962001461640219713e-03 4.431313428726602055e-05
3.714500315625618443e-03 3.156119570613125092e-05
5.429338761617191755e-03 4.098003747998735236e-05
3.575244068805133457e-03 3.307262394658394555e-05
6.133012445320371042e-03 4.436027402884845650e-05
6.133027790030706750e-03 4.436378154173969968e-05
3.714495011552951254e-03 3.153959132914940788e-05
5.429351890552283622e-03 4.096094861363863693e-05
4.125694061661702716e-03 2.885404465771679305e-05
4.962011314153497166e-03 4.428777242621029231e-05
4.790346954944416091e-03 3.075623747914035810e-05
6.470953405933010938e-03 4.356381270687048612e-05
4.750117255793523396e-03 4.785099176213281069e-05
5.681105164373048688e-03 4.169854481886337005e-05
5.681114463487027533e-03 4.169975240816969908e-05
4.802768991193098747e-03 4.819803801389688225e-05
5.117587509658363953e-03 4.518687011181854452e-05
5.117584173665590264e-03 4.517519805324887727e-05
5.681123610639660093e-03 4.171354756205003511e-05
4.802767768133237025e-03 4.821441639901724585e-05
5.681106972788438347e-03 4.169282458008072290e-05
5.215214510506258061e-03 2.670666569729029938e-05
5.940846117543141514e-03 6.799895300413361099e-05
5.215202591517850705e-03 2.667290201022187723e-05
4.464941116094078843e-03 2.677139709722498040e-05
6.067038787532258448e-03 6.603683257916381777e-05
6.178776181509165744e-03 3.600749249216272929e-05
3.957341734391481292e-03 3.028561165954735124e-05
6.440514766511015732e-03 6.140198464812951507e-05
6.440527088746289541e-03 6.139934875926122970e-05
3.714498624881254485e-03 3.156065958778708769e-05
5.429349797474836148e-03 4.097963569360540959e-05
3.747734014473980135e-03 2.908327276918143411e-05
4.624185124617874454e-03 2.760614651159398747e-05
4.055611934556654918e-03 2.524956211338857948e-05
4.055617291590762896e-03 2.524999673997330163e-05
4.624177405355256454e-03 2.760526708656119155e-05
3.747736186641148493e-03 2.907948453134689970e-05
5.429340623390704890e-03 4.098137035818405494e-05
3.714497065149341415e-03 3.155112296882034428e-05
6.440517276515983491e-03 6.140301537305159485e-05
6.440525666853366693e-03 6.140236803078846783e-05
3.957336307182507396e-03 3.026859989208041668e-05
6.178790215299767574e-03 3.603668244095414863e-05
6.067044263216303523e-03 6.603641701657947394e-05
4.464932122041562201e-03 2.674448018327724164e-05
5.880790681899131234e-03 1.608332158478664731e-05
4.132275161065859792e-03 1.182978935423961708e-05
5.058116904595413854e-03 2.023607197640386879e-05
5.058112205017534224e-03 2.020060667562439960e-05
4.464938126506418081e-03 2.676862131661961186e-05
6.178780467851155422e-03 3.601281710760573240e-05
6.067045342626850579e-03 6.603318940559543826e-05
4.125700099343307392e-03 2.888856157293173688e-05
4.962007931357106938e-03 4.431087900011454472e-05
4.055615048111221865e-03 2.527025444171160373e-05
4.055615600565901091e-03 2.526263378002657767e-05
4.258124566566323654e-03 1.761833505192766935e-05
3.382193096335292526e-03 1.239908310882165132e-05
4.724260417931128164e-03 1.714536958094536878e-05
2.970768948023380651e-03 1.272821762440812243e-05
5.434155049872838039e-03 3.371250327374730738e-05
2.840723354685770197e-03 1.727304224158343615e-05
6.360135360619287304e-03 5.753414194001327253e-05
2.998371582992667705e-03 1.792730389096885979e-05
3.435774756940526697e-03 1.441054041781408834e-05
3.259391016615584280e-03 1.793129658644865287e-08
5.880786063186121959e-03 1.607286789823136886e-05
4.132278392355429042e-03 1.184101404941295677e-05
5.215207223674217518e-03 2.669814485584121044e-05
5.215209993819053258e-03 2.668504917313629932e-05
5.940847483880740132e-03 6.799589924427751342e-05
4.790353869025057443e-03 3.078347699789207859e-05
6.470954328893871454e-03 4.357698414106381257e-05
4.750113681340040195e-03 4.787103694392502717e-05
4.624182643423471739e-03 2.762805010411706341e-05
3.747733508370668098e-03 2.909151761162909189e-05
4.724263203138970302e-03 1.715971912433222890e-05
2.970767488378531218e-03 1.273163148499123487e-05
5.086480385814468042e-03 5.689174020773180018e-09
2.452553854787986598e-03 7.236349131023445125e-09
5.695675289256157958e-03 2.265869791717722848e-05
2.217919166604603864e-03 8.028097389978228193e-06
6.527995018632715141e-03 4.935950520335019576e-05
2.278802652504102744e-03 1.065799798433131329e-05
2.631907786278503414e-03 7.812381062066720006e-06
2.631909620605929478e-03 7.820041192735383007e-06
3.435779564487206894e-03 1.442324527117788691e-05
6.178777637922489019e-03 3.602401292890355933e-05
4.464940739197634234e-03 2.675805267191022629e-05
6.067041468913875191e-03 6.603506155133942457e-05
5.681111431775312526e-03 4.170433506076043351e-05
5.681119701604411820e-03 4.170644732157113843e-05
4.802766432357899462e-03 4.821438332150429495e-05
5.429346784189742481e-03 4.098654843248672464e-05
3.714494316814559438e-03 3.156061345910288196e-05
5.434159910431751728e-03 3.371181352990193503e-05
2.840720920301062491e-03 1.727269392451380448e-05
5.695677951116279170e-03 2.264965070519764367e-05
2.217917673458039141e-03 8.016925045345457690e-06
6.203404815360080704e-03 2.205971009483498335e-05
1.875687567942985190e-03 8.209945820070174705e-06
1.831727598752941333e-03 1.018215678766365428e-05
2.088329656802070944e-03 9.056877793039985747e-06
6.527991618208897617e-03 4.935971006866934907e-05
2.278804832792843960e-03 1.066366114019223765e-05
6.360136704359406479e-03 5.753300571328945345e-05
2.998376113421533096e-03 1.793620751153190973e-05
6.440522368559867261e-03 6.139986993150547967e-05
3.957343930670542687e-03 3.027880560435569635e-05
6.440519977803316198e-03 6.140361790368809025e-05
5.117595278506706369e-03 4.518598766259374067e-05
5.117583718826895778e-03 4.518947420717456254e-05
6.440523257668737123e-03 6.139275304137270517e-05
6.440533488231897641e-03 6.139980380770460044e-05
3.957334456391473076e-03 3.027899707966352771e-05
6.360141435561253442e-03 5.751936013362324296e-05
2.998368851201013707e-03 1.792793946928106230e-05
6.527999877378662386e-03 4.933875969401202433e-05
2.278799903401615423e-03 1.064320110286121057e-05
1.831725813688928062e-03 1.016776071421920946e-05
1.679974315877241775e-03 1.109146011901707141e-05
1.831728308388264059e-03 1.018324329127295869e-05
5.695673447051519123e-03 2.265772726295356421e-05
2.217920506744019971e-03 8.031944201014606932e-06
5.434156267615883329e-03 3.371030461532531497e-05
2.840726025137269017e-03 1.727858192501763313e-05
5.429344333607560857e-03 4.097709431266638447e-05
3.714501705887357508e-03 3.155727560399945730e-05
5.681110398762137526e-03 4.169216618973847766e-05
4.802776085589238741e-03 4.820465988297772952e-05
5.681109405118872635e-03 4.170520958268753020e-05
6.178778104659554682e-03 3.601552968751642325e-05
6.067053334648714324e-03 6.602114512666013013e-05
4.464932010337541168e-03 2.675941592517050438e-05
3.435772473354054002e-03 1.442013741792536052e-05
2.631904260947365293e-03 7.797456769431665435e-06
2.088326152199643237e-03 9.030932056286467002e-06
1.831726088796170604e-03 1.016619406912777634e-05
6.203399855775920679e-03 2.205699050727982780e-05
1.875688181895499018e-03 8.209346048199117618e-06
6.609677206702121999e-03 4.126354508082741290e-09
1.424911459696698302e-03 6.037268018843633399e-09
6.203401888442316992e-03 2.205785552433781049e-05
1.875688413046888714e-03 8.208459496894526808e-06
6.042488377682952994e-03 3.712957568541286335e-05
2.603934457793666279e-03 1.955354907362538697e-05
6.133018981762508592e-03 4.435574845837453317e-05
3.575245883280273040e-03 3.307109241931782684e-05
6.133021417276271481e-03 4.437241090474164373e-05
6.470945459642982178e-03 4.354821248594986649e-05
4.750118954320384224e-03 4.785378646968152516e-05
4.790352496853708675e-03 3.076920676017835810e-05
6.088744643382840160e-03 6.319485673392244429e-05
3.610087748639023708e-03 1.834745388801239940e-05
2.631905661869812785e-03 7.810036224770167124e-06
1.895344067680340694e-03 8.590164163324587321e-09
1.435073534455322264e-03 4.217798064920508239e-06
1.275283806407151443e-03 4.267264083535060593e-06
6.203407289774851008e-03 2.207726408051668976e-05
1.875686478750845931e-03 8.206811061034491317e-06
5.695678523627525913e-03 2.265217358224380639e-05
2.217917551542797350e-03 8.015478262957120847e-06
5.434158870128935614e-03 3.369192330832104787e-05
2.840721856495351250e-03 1.726165748597296989e-05
5.429344489302198595e-03 4.095275501517225969e-05
3.714496430067729116e-03 3.154021796739070460e-05
5.681108258194692007e-03 4.166345938735882548e-05
4.802769884531127298e-03 4.818610124029953923e-05
5.681114102146361811e-03 4.168602089721362702e-05
6.178773909652268692e-03 3.598347259664569364e-05
6.067046462191028056e-03 6.600060461842138793e-05
4.464935903679467799e-03 2.674443209682575429e-05
3.435775409947841585e-03 1.441265717969097970e-05
2.631906135099781885e-03 7.804710479286658398e-06
2.088326887559055489e-03 9.042108350010291673e-06
1.831725625993568807e-03 1.017227125532649268e-05
6.042498954697245184e-03 3.716224001115708830e-05
2.603930731596620918e-03 1.955955920873719833e-05
5.434164527181012394e-03 3.371854450173739082e-05
2.840719867329061232e-03 1.727199244483390572e-05
5.069000215616875638e-03 3.913483234141423850e-05
3.355994988258670375e-03 1.862903051330633275e-05
4.962006986498304628e-03 4.428423181465634961e-05
4.125694409583324784e-03 2.885530779911382737e-05
5.117584109967127093e-03 4.514824932677630187e-05
5.117583651913518161e-03 4.515307945510138588e-05
5.528846855581262543e-03 4.148402600143152874e-05
6.295762470760787877e-03 6.443936520153514813e-05
5.528856191974795831e-03 4.150515850603886392e-05
6.295771408952627324e-03 6.444438917196926297e-05
6.178771809574240548e-03 3.598658617359751233e-05
4.464936935847582666e-03 2.674162363477949889e-05
6.067048337612457320e-03 6.600195153966259554e-05
3.610089158407478460e-03 1.834197460412467784e-05
6.088739795664169230e-03 6.319215291231139453e-05
2.998371164406848921e-03 1.792734486116831505e-05
6.360136484104439436e-03 5.751786742780318207e-05
2.657402170017295062e-03 1.987576256787249029e-05
6.133033422808770174e-03 4.439800794842074794e-05
3.575240761956713365e-03 3.308432167078989572e-05
6.133015827411131271e-03 4.437427710485275512e-05
5.429355021252912916e-03 4.099704125326564252e-05
3.714492763902246808e-03 3.156061781176000558e-05
4.962012469489018862e-03 4.430957908896360209e-05
4.125692632757971268e-03 2.887465333017980029e-05
4.750117023477204437e-03 4.785381806074462396e-05
4.790346080308385823e-03 3.075600079535667497e-05
6.470954969364492437e-03 4.356045989381551742e-05
4.802767888962194975e-03 4.818367226133712933e-05
5.681104689500893201e-03 4.167002445987222359e-05
5.681117879940286719e-03 4.167723079182006352e-05
5.117582531096925846e-03 4.514941532218763598e-05
5.117591921450059811e-03 4.515819308115176511e-05
5.681104870437103660e-03 4.166714544168170775e-05
5.681116686701417895e-03 4.168185033912030768e-05
4.802772336748917237e-03 4.818763008329618458e-05
6.470939802181899236e-03 4.355461157654061388e-05
4.790355297639173338e-03 3.076386987130308448e-05
4.750115642639579638e-03 4.785115852917742885e-05
4.125698816277306724e-03 2.887724669470292937e-05
4.962005028001315043e-03 4.429887977108748487e-05
3.714495851335930521e-03 3.156078472432710669e-05
5.429341988361827132e-03 4.097774900077566507e-05
6.470961525277249549e-03 4.359525092631488796e-05
4.750112870769901408e-03 4.787329439204235371e-05
4.790349079675751409e-03 3.076285470801631838e-05
5.681121879381689777e-03 4.171908198197238349e-05
4.802764978935739060e-03 4.821528047141421247e-05
5.681108293367639894e-03 4.168898176840074576e-05
5.117593895162614315e-03 4.519295773253162452e-05
5.117580532772225688e-03 4.518707425399393074e-05
4.802772891463524818e-03 4.820779317715739865e-05
5.681103347556185068e-03 4.169647822996336295e-05
5.681115856327551006e-03 4.169770467493671973e-05
4.750115307344079940e-03 4.785398559684073128e-05
6.470938386742147719e-03 4.355447902937292781e-05
4.790356513290905394e-03 3.076026972564926965e-05
4.962004114830859125e-03 4.428535653161480568e-05
4.125701402755740932e-03 2.885977087915825301e-05
5.429340520570063999e-03 4.095585997482276142e-05
3.714499053741202039e-03 3.154178122524720074e-05
6.133013566588588206e-03 4.436081635619815167e-05
6.133025976460482198e-03 4.436741329638671516e-05
3.575243980797282450e-03 3.306870599234512653e-05
5.429348371170844567e-03 4.098288984227815845e-05
3.714495727318037344e-03 3.154936848001610450e-05
4.962006980279695667e-03 4.431369792937123187e-05
4.125695436353798984e-03 2.886996867507152231e-05
6.088737885514242110e-03 6.321944375084487255e-05
3.610086764206862919e-03 1.833404522835757611e-05
6.178788157392825497e-03 3.604400883036595893e-05
6.067040649847907363e-03 6.603700130983214400e-05
4.464933259766726281e-03 2.673917523668412066e-05
5.528858947394021950e-03 4.154024276153966966e-05
6.295758399839146424e-03 6.448375881235035578e-05
5.528851753577701533e-03 4.151143287450809183e-05
6.295766478078584916e-03 6.448040294770862602e-05
5.117591181896641306e-03 4.519224287025114251e-05
5.117588729058902830e-03 4.518515020568436569e-05
4.962008509772380949e-03 4.430910464559012496e-05
4.125699914513322741e-03 2.887488662436932252e-05
5.068996003944517548e-03 3.913515340356332750e-05
3.356000238528444868e-03 1.863136833685219429e-05
5.434154764812293426e-03 3.369383240992007700e-05
2.840724211332273930e-03 1.726292847575860989e-05
6.042484135374018295e-03 3.713298737403891714e-05
2.603933635393476664e-03 1.955134659456514434e-05
2.657403300492008902e-03 1.986973970427574621e-05
6.360140328388649844e-03 5.753439486386180413e-05
2.998370442756470577e-03 1.792047554705078483e-05
2.631906777537385000e-03 7.791755880171002957e-06
3.435775783234881753e-03 1.440232088992243753e-05
6.178783822639449808e-03 3.604099328569088101e-05
4.464936269664238067e-03 2.674364682342389443e-05
6.067044063823315292e-03 6.603331084345520630e-05
5.681115232383016078e-03 4.171602320046652324e-05
5.681114770465234276e-03 4.169526610087181950e-05
4.802769085079372502e-03 4.821249910974545472e-05
5.429348006346229605e-03 4.099472758417599394e-05
3.714496880929091249e-03 3.155911929048071940e-05
5.434158595936627867e-03 3.371715832034549720e-05
2.840723153094470987e-03 1.727198600759427549e-05
5.695674367538344773e-03 2.265217428992771787e-05
2.217919271540566561e-03 8.016260075710546218e-06
6.203399396522826792e-03 2.205957198217478599e-05
1.875688233093503188e-03 8.206196138005328322e-06
1.831727115780779069e-03 1.017418819626580984e-05
2.088327952588620029e-03 9.040697536377706456e-06
1.895346451670346100e-03 1.353872300380309923e-08
2.631908732781559901e-03 7.800650617478810389e-06
3.610091578416588232e-03 1.834409240727974399e-05
6.088737416985068318e-03 6.321652153773449356e-05
6.470949796724426162e-03 4.358824342323708301e-05
4.790357197424766067e-03 3.077341620660867250e-05
4.750113494727509211e-03 4.787123836508255792e-05
6.133022461939433012e-03 4.439280697024483580e-05
6.133027103097904442e-03 4.438461908989888016e-05
3.575242071886405859e-03 3.308337467058941606e-05
6.042490696118188453e-03 3.715861772637940597e-05
2.603932129156757980e-03 1.955978773118816072e-05
6.203402807680710729e-03 2.207494418535183023e-05
1.875687372356840688e-03 8.208214957144965851e-06
6.609676581975712506e-03 4.017949500889628212e-09
1.424911504050663247e-03 6.961557663665018936e-09
1.275284749858024425e-03 4.278380577704687937e-06
1.435075235249744230e-03 4.231315884006825456e-06
1.435076084040268207e-03 4.236913429128685848e-06
2.088330490310513765e-03 9.049852103593103436e-06
2.998375425300667252e-03 1.793056048762786681e-05
6.360136921086334549e-03 5.753335225128219932e-05
4.125703311455036770e-03 2.888056390765170178e-05
4.962004967435637570e-03 4.431358113207717331e-05
5.429352757159000564e-03 4.098830404242193026e-05
3.714494993086153718e-03 3.156177879631849592e-05
2.657402036430098202e-03 1.987786119159173914e-05
1.831725734277173112e-03 1.017540027808960801e-05
1.275283802240151365e-03 4.270602752209917696e-06
1.016982995424797753e-03 4.354170723808170607e-06
1.071289436574154874e-03 4.576915055537478239e-06
1.275285455437855098e-03 4.282389007098652556e-06
1.831728922717879016e-03 1.017976600858894187e-05
2.657406809537313230e-03 1.987592089688905439e-05
3.714501392913849287e-03 3.155611017291448661e-05
5.429344643108291457e-03 4.098565898114081563e-05
4.962013019344652109e-03 4.430590758858210521e-05
4.125696577961732170e-03 2.888097100814390750e-05
6.360146620513332238e-03 5.752470769462836309e-05
2.998370060562985384e-03 1.793197862856588110e-05
2.088326481906765952e-03 9.047474609169547932e-06
1.435073436084191578e-03 4.221939372023308934e-06
1.071288175719706248e-03 4.564952726299198460e-06
1.016983165720436455e-03 4.354061266087505544e-06
6.491050555677974065e-04 4.659398117334845324e-09
1.016983441286672951e-03 4.352673642515902941e-06
1.679975228912333751e-03 1.108927332377218633e-05
2.603934720886560972e-03 1.955314464255342166e-05
6.042490051150498087e-03 3.714015131875414433e-05
3.747737089797101295e-03 2.908170843904378522e-05
4.624182035432800042e-03 2.761355927627384688e-05
5.069000670475623527e-03 3.913495350718609878e-05
3.355998537486359901e-03 1.863873357021983423e-05
6.528000152888763230e-03 4.934202385553643211e-05
2.278801715868833400e-03 1.065200533989507647e-05
1.435074101608008190e-03 4.229630834851061394e-06
8.643703576519112808e-04 5.156158500163599001e-09
5.972176395631356716e-04 1.489634098239545068e-06
1.016982250296893930e-03 4.350638457328859232e-06
1.275283719956082917e-03 4.269231282882923750e-06
1.831726349581730418e-03 1.016741808645971190e-05
2.657403410792874565e-03 1.986290082944819346e-05
3.714497234643163170e-03 3.154073397573786686e-05
5.429348291711905139e-03 4.096814998960640608e-05
4.962008235937023781e-03 4.428764484529223999e-05
4.125699580098868280e-03 2.886667062867998013e-05
6.360141414987460773e-03 5.750373731952529432e-05
2.998372315060254811e-03 1.792185826915426716e-05
2.088327948405244161e-03 9.043135147657199724e-06
1.435074109672168641e-03 4.226073380297901139e-06
1.071288059089944844e-03 4.568158205514594172e-06
1.679972854913489022e-03 1.109237328258960709e-05
1.831725029202327382e-03 1.017432870634160658e-05
6.528000002468975493e-03 4.934007168416743028e-05
2.278799706576295492e-03 1.064263962646805339e-05
6.360140122570953625e-03 5.749875967889228612e-05
2.998369169831649472e-03 1.791106786580565213e-05
6.440520974388047604e-03 6.135618838448708701e-05
3.957335303135967042e-03 3.025085524149817573e-05
6.440528161299946541e-03 6.137213937962293642e-05
5.117585232798663175e-03 4.515393333684447619e-05
5.117590665813548378e-03 4.516350575362038100e-05
6.440522425891839764e-03 6.136340051268729390e-05
3.957339892732225639e-03 3.026054100241371003e-05
6.440527308276530749e-03 6.136764760136803609e-05
2.998372630460127697e-03 1.791985701377063478e-05
6.360140682347456553e-03 5.750474312651854270e-05
2.278801964147522674e-03 1.064823510224521819e-05
6.527994558050351226e-03 4.933940467474751124e-05
1.831726128849645030e-03 1.017552619628214750e-05
2.603931389319719125e-03 1.956114199092029438e-05
6.042485798238877992e-03 3.714610397559381383e-05
2.657400942015206158e-03 1.987718278032013508e-05
6.360146742895922412e-03 5.752610653708689625e-05
2.998367959888725842e-03 1.792637909836525267e-05
6.088742818634348963e-03 6.319282610325882565e-05
3.610083900495691944e-03 1.833411899587744642e-05
6.067044103906030217e-03 6.599611401800209443e-05
4.464929679100393400e-03 2.672846382129057119e-05
6.178783815528623991e-03 3.600163898112573868e-05
6.295760711178322033e-03 6.443340205924963371e-05
5.528847235227549173e-03 4.149071499978673749e-05
6.295771341472203297e-03 6.444804012881166777e-05
5.528856516966038082e-03 4.149869246608539619e-05
5.117591412940700191e-03 4.516199872353632294e-05
5.117590062791180228e-03 4.515885208553060970e-05
4.125700577941260327e-03 2.886358166592772889e-05
4.962008184483501783e-03 4.428903810649309492e-05
3.355999348823190953e-03 1.863500913656945812e-05
5.068996195014649486e-03 3.913234121202813220e-05
2.840722374553225626e-03 1.727460052361462495e-05
5.434155519365629905e-03 3.370730657475951020e-05
3.747733102477071587e-03 2.909399979314497564e-05
4.624178807190057472e-03 2.761339861770406579e-05
3.714493924231204725e-03 3.156171939328045184e-05
5.429343237547651357e-03 4.097561939664373654e-05
6.440533235853709848e-03 6.140485417147067970e-05
3.957333197467743924e-03 3.027721910198177824e-05
6.440521496397330625e-03 6.138562933752367279e-05
6.067050445649924129e-03 6.602250483772609257e-05
4.464928799186237973e-03 2.675129511089946455e-05
6.178781859518089892e-03 3.602274649311398846e-05
5.940850815294065890e-03 6.797038057745896644e-05
5.215198634956896839e-03 2.667147018226012634e-05
5.215208697790393866e-03 2.667816986520743505e-05
6.067042185165780199e-03 6.599662753239976531e-05
6.178771210965300353e-03 3.599182864155725525e-05
4.464937465918958348e-03 2.673621254969948957e-05
6.440517257662231598e-03 6.135797073170135008e-05
6.440530143829767407e-03 6.136955655597353676e-05
3.957339726086334109e-03 3.025614272561538698e-05
5.429350370796420799e-03 4.096445130363779441e-05
3.714497742652839163e-03 3.154251204717795076e-05
4.624183754552008141e-03 2.761008215629301432e-05
3.747733899269786728e-03 2.907938182553082562e-05
4.055614714553651412e-03 2.526614886361189249e-05
4.055612489002727306e-03 2.525877759548822432e-05
5.068996275227527493e-03 3.915077431360103333e-05
3.355996764042606939e-03 1.863291263298760825e-05
4.962004350646184725e-03 4.431433960463970756e-05
4.125696430296199591e-03 2.886726162149022556e-05
5.117582539742593362e-03 4.518819648402505607e-05
5.117586190125963941e-03 4.517098632475513575e-05
6.295772046898087670e-03 6.448128533917407701e-05
5.528845854138167426e-03 4.152781792596260679e-05
6.295765579014928059e-03 6.446245172225806286e-05
5.528853439491596133e-03 4.152611649696491547e-05
6.067047951195198019e-03 6.602253824294912476e-05
6.178770802295216469e-03 3.602046777415046641e-05
4.464936084405415895e-03 2.675236984941986584e-05
6.088738866447521159e-03 6.319328053508432852e-05
3.610089871203467360e-03 1.833882969701217114e-05
6.360135203756250855e-03 5.750015986455414563e-05
2.998372871900106817e-03 1.791595989092398256e-05
2.657404265227994444e-03 1.986483096824698258e-05
6.042492984978831139e-03 3.713702401247909179e-05
2.603932772165307163e-03 1.955118809360278931e-05
5.434159381430325730e-03 3.371398587642682187e-05
2.840721704144205662e-03 1.726763642939665999e-05
6.527995458382007676e-03 4.936060646965056975e-05
2.278801408656744298e-03 1.064183256949124967e-05
6.360137056406686695e-03 5.753494288393556921e-05
2.998371260181528775e-03 1.791682758731094616e-05
6.440519280489748200e-03 6.140331540188670445e-05
3.957338005746505183e-03 3.026320937013493584e-05
6.440522951320887257e-03 6.139950088529522176e-05
5.117588615484780501e-03 4.517269329462614280e-05
5.117586918445604649e-03 4.518486752685957342e-05
6.440527306708118682e-03 6.140428289461152822e-05
6.440526293082476927e-03 6.138802981536795045e-05
3.957337785584713608e-03 3.027514518916252229e-05
6.360140278937262415e-03 5.752600337075031156e-05
2.998372022279649496e-03 1.792646603171466069e-05
6.527993890151032041e-03 4.934068912984534983e-05
2.278802476855509851e-03 1.064529929115098916e-05
1.831727295832724645e-03 1.016911632889527795e-05
1.679974292612781972e-03 1.108756904968921653e-05
1.831726565507785232e-03 1.017050270196717676e-05
1.435074875510450321e-03 4.217073999945863960e-06
2.088328659303084756e-03 9.035160156878330184e-06
2.998373112115274020e-03 1.791999923009268691e-05
6.360137914546162841e-03 5.753114267845194085e-05
4.125700654067171458e-03 2.887190205763667805e-05
4.962006036380667284e-03 4.431083576622585340e-05
5.429349838159999719e-03 4.098074882277757958e-05
3.714496162469452245e-03 3.155900888032747709e-05
2.657403235072214320e-03 1.987564787980788950e-05
1.831726801943045491e-03 1.017428930233377216e-05
1.275284526301156962e-03 4.270335271616687578e-06
1.016983171398741503e-03 4.350960197491149373e-06
1.071288931731334548e-03 4.567405919198019859e-06
8.643715548807689997e-04 8.734322681780426478e-09
1.435075855485107299e-03 4.223125340929723137e-06
2.278804079903204438e-03 1.064899459476964516e-05
6.527994116659788237e-03 4.935771987255033189e-05
3.356001597116325952e-03 1.864078416197179067e-05
5.068995879792745352e-03 3.914826103654234224e-05
4.624185881211592686e-03 2.762142454396099289e-05
3.747733495633412404e-03 2.909225275313231940e-05
6.042494752558580373e-03 3.715368912654559708e-05
2.603932230005906456e-03 1.956036394562543634e-05
1.679973716312246901e-03 1.109261552115214933e-05
1.016982768289556582e-03 4.351896206650218701e-06
6.491050912870444112e-04 5.555357340814026657e-09
5.972182828007238653e-04 1.496785899973707146e-06
5.972185311591410306e-04 1.500235584733777827e-06
1.071289933718286291e-03 4.572492149940154960e-06
1.831728866269394240e-03 1.017622020527131355e-05
2.840725722249179408e-03 1.727399288672937239e-05
5.434157479410173242e-03 3.371400960922033008e-05
4.055618385377351975e-03 2.526552534110049208e-05
4.055613803112881333e-03 2.526689001322579564e-05
5.434163134722017063e-03 3.371401016996622424e-05
2.840722173559101504e-03 1.727614292240664540e-05
1.831726289352464399e-03 1.017779870032820000e-05
1.071288262079070353e-03 4.571046090112718119e-06
5.972177104221904065e-04 1.492183185874962348e-06
4.360023699918336160e-04 1.513084969761990806e-06
1.648124176528015239e-04 2.539122828659756692e-09
4.360025952663548754e-04 1.511420499478166590e-06
1.016983703262641647e-03 4.351369802924054397e-06
1.875688971724548404e-03 8.206593146709018072e-06
6.203402797252052792e-03 2.206284571074079714e-05
2.970769682452759075e-03 1.272891209716520144e-05
4.724263375178658353e-03 1.714945272832113510e-05
4.258127716599655055e-03 1.761652012013947832e-05
3.382192541798820229e-03 1.240513843139834371e-05
5.695678397588110897e-03 2.265153936148456282e-05
2.217919176466923159e-03 8.022017432857131425e-06
1.275284593256237331e-03 4.275203169201713393e-06
5.972179657243448236e-04 1.495880803670246451e-06
2.196717419744032007e-04 2.352395167548593236e-09
4.360019624235211833e-04 1.510599597409623129e-06
5.972176541882007195e-04 1.491340499010229692e-06
1.071288543182793984e-03 4.565278309304199311e-06
1.831726908325684300e-03 1.016759920510756920e-05
2.840723169872064191e-03 1.726221586892395798e-05
5.434160347704469762e-03 3.369940426428685853e-05
4.055615269345613783e-03 2.525009953846524269e-05
4.055616135000078559e-03 2.525494864619171054e-05
5.434159559921616922e-03 3.369520470844489246e-05
2.840723895829316836e-03 1.726727609435707578e-05
1.831727402947444516e-03 1.017238639619555407e-05
1.071288816153509460e-03 4.569419131572605153e-06
5.972177654601645846e-04 1.493997881935049676e-06
1.016982336093846806e-03 4.353512236210388409e-06
1.071287753039537605e-03 4.570015002730576370e-06
1.435073312393564393e-03 4.221623392974827027e-06
2.088326538794052500e-03 9.033802779362387625e-06
2.998370240282155486e-03 1.791160534592162179e-05
6.360143112109417629e-03 5.750669028026234031e-05
4.125696939167380894e-03 2.885651922010512571e-05
4.962010146693202062e-03 4.429121516630329936e-05
5.429345381287420391e-03 4.095886679955640375e-05
3.714498954681746956e-03 3.154460720170004784e-05
2.657404728076184774e-03 1.986672613291107226e-05
1.831727214647291269e-03 1.017104712394689692e-05
1.275284174097834899e-03 4.273073728300325058e-06
1.875686933968306880e-03 8.211389564583004841e-06
6.203400084123233960e-03 2.206820205513659872e-05
1.831725390116320518e-03 1.017689712942693170e-05
2.088325811493998985e-03 9.045173106375647976e-06
2.631904019927466809e-03 7.797752307470151578e-06
3.435772119880817210e-03 1.439826690305401335e-05
4.464931483289552583e-03 2.672932698161156750e-05
6.067049746777047892e-03 6.600327771871805638e-05
6.178781272797181923e-03 3.600181163390669958e-05
5.681108851953192707e-03 4.167183359782278274e-05
4.802772939734037405e-03 4.818919361918028166e-05
5.681113740980778259e-03 4.167808299368469527e-05
3.714498910623642569e-03 3.154345451583662197e-05
5.429347069980688945e-03 4.096272290804447991e-05
2.840723641003461974e-03 1.726500756943361026e-05
5.434157971665062870e-03 3.369647508269513203e-05
2.217918654499495545e-03 8.019849931206746163e-06
5.695674171817072251e-03 2.264931632417477303e-05
2.970767145435482259e-03 1.273582748995139013e-05
4.724260916740830041e-03 1.715116422629225923e-05
2.840721115889358050e-03 1.727562766748458323e-05
5.434156877055784651e-03 3.370672135027952265e-05
2.998369016749977134e-03 1.792914021878089237e-05
6.360139048128612971e-03 5.751661099059890425e-05
3.435771678761578851e-03 1.441616459879613288e-05
4.132271211520932575e-03 1.183639030194472141e-05
5.880784793399110311e-03 1.605997970396955132e-05
5.058107032640341005e-03 2.019352297688570275e-05
5.058112985739035561e-03 2.020358693569090924e-05
6.178773907037304891e-03 3.599317154651116013e-05
6.067050056550227222e-03 6.600229548725522477e-05
4.464935668872113683e-03 2.673683200413168315e-05
4.962010347929854404e-03 4.428916245022285203e-05
4.125698591042725738e-03 2.886135194773986612e-05
4.055616050895355373e-03 2.525206191683615486e-05
4.055614148367206462e-03 2.525206120704281965e-05
3.382192132620559510e-03 1.240312302808188605e-05
4.258124230108351060e-03 1.761456292398433376e-05
4.258124890110723260e-03 1.762498191740236031e-05
3.382190757572900441e-03 1.240321390050258543e-05
4.055612891851217983e-03 2.526696501653491467e-05
4.055613519593256888e-03 2.525790199567334859e-05
4.125695471299109518e-03 2.887831746758995344e-05
4.962006974521801506e-03 4.429740813507998531e-05
4.464930932624400217e-03 2.675441956018209666e-05
6.067046192942390781e-03 6.601267686570655435e-05
6.178778462065395716e-03 3.602099688762572249e-05
5.058107030436506668e-03 2.021683231404058922e-05
5.058111743188820064e-03 2.021676274632788761e-05
5.880778102571926347e-03 1.605133550125481534e-05
4.132275669525981021e-03 1.184330652481691004e-05
3.435775464990700745e-03 1.440636761737557059e-05
6.360144003911633037e-03 5.750409060251149285e-05
2.998371756117126918e-03 1.791709125673057734e-05
5.434160773702387259e-03 3.369622096208169104e-05
2.840722539379073042e-03 1.726473862148636407e-05
4.724263348530072237e-03 1.714770781235941399e-05
2.970767139571270365e-03 1.272740383642667616e-05
5.695675471608957485e-03 2.266107889048463164e-05
2.217918243318448002e-03 8.017110752794875950e-06
5.434157002189216046e-03 3.371472337682090981e-05
2.840722471966344864e-03 1.726637441168410447e-05
5.429343816562223757e-03 4.098365810598081360e-05
3.714497195552404762e-03 3.154748947195584741e-05
5.681108404443274695e-03 4.170055756697044202e-05
4.802770933271166554e-03 4.819602913697096369e-05
5.681110872950409507e-03 4.169615903484857888e-05
6.178774237600118124e-03 3.602396907412264149e-05
6.067047696668478873e-03 6.601310392315151709e-05
4.464933964398273836e-03 2.675075449334873845e-05
3.435774773258556958e-03 1.441503417684564248e-05
2.631906525065105806e-03 7.802432963527339282e-06
2.088327855114716081e-03 9.039249011771888220e-06
1.831726717653456293e-03 1.017033598330052691e-05
6.203403431567097726e-03 2.206140069535567072e-05
1.875687398237457781e-03 8.205525646065581213e-06
1.275284427700557055e-03 4.268500709336819909e-06
1.831727147024633795e-03 1.016874784950938526e-05
2.657404458112661017e-03 1.986723090902087208e-05
3.714498641771007970e-03 3.154845918323934129e-05
5.429345065280657967e-03 4.097885333573247912e-05
4.962009951381796125e-03 4.429879014494764178e-05
4.125697260185232085e-03 2.887366303774840937e-05
6.360143165628703854e-03 5.751796419742327693e-05
2.998371031327412561e-03 1.792539763623146598e-05
2.088327592181027370e-03 9.043515741991026147e-06
1.435074404088049205e-03 4.224211664960453305e-06
1.071288679170612212e-03 4.567730494342558956e-06
1.016982952977626975e-03 4.350564279081980956e-06
5.972182676954179703e-04 1.488854294989794269e-06
1.071289389022775373e-03 4.564736106854594411e-06
1.831728103145385811e-03 1.017051272633739956e-05
2.840724810758143981e-03 1.726907602828120503e-05
5.434157476425088840e-03 3.371008796082541892e-05
4.055617354795024165e-03 2.526097743607569335e-05
4.055613866997584416e-03 2.526243975051190027e-05
5.434161941547110963e-03 3.370970420313312843e-05
2.840722377821999767e-03 1.727173582363739079e-05
1.831726617644899302e-03 1.017409268763702634e-05
1.071288620409005521e-03 4.568806248883561238e-06
5.972179644581215863e-04 1.492441410372302713e-06
4.360023974815524506e-04 1.510605636495521154e-06
2.196720949819569446e-04 4.184297824894045448e-09
5.972186389932854222e-04 1.492092168153824616e-06
1.275285625915181797e-03 4.272620914597125008e-06
2.217920626072303336e-03 8.021920822970374232e-06
5.695675397827046349e-03 2.265780674684525486e-05
3.382194464352908381e-03 1.240838226287954704e-05
4.258125340835111627e-03 1.762198741600551344e-05
4.724265807383901117e-03 1.715627280893250450e-05
2.970767914361946427e-03 1.273350055150390681e-05
6.203405746122561681e-03 2.207282422159173585e-05
1.875687762905323130e-03 8.209946073617357953e-06
1.016982982672928748e-03 4.353017133612580025e-06
4.360022857870238244e-04 1.511038825674493324e-06
1.648124558515928761e-04 3.097892609105201700e-09
