0.000000000000000000e+00 -1.275308583814080698e+01
1.077784259746821932e-01 -1.274324789692823146e+01
2.155568519493643864e-01 -1.272076107622271834e+01
3.233352779240465380e-01 -1.269106890300058410e+01
4.311137038987287728e-01 -1.265737258750756311e+01
5.388921298734109522e-01 -1.262152565330677767e+01
6.466705558480930760e-01 -1.258458317101111668e+01
7.544489818227753108e-01 -1.254713417904218886e+01
8.622274077974575457e-01 -1.250949998514389527e+01
9.700058337721396695e-01 -1.247185071856902105e+01
1.077784259746821904e+00 -1.243427278978298389e+01
1.185562685721504028e+00 -1.239680730883108772e+01
1.293341111696186152e+00 -1.235947158459941697e+01
1.401119537670868498e+00 -1.232227092114813338e+01
1.508897963645550622e+00 -1.228520494063684865e+01
1.616676389620232746e+00 -1.224827087321095043e+01
1.724454815594915091e+00 -1.221146519943045128e+01
1.832233241569597437e+00 -1.217478441881176821e+01
1.940011667544279339e+00 -1.213822536860899426e+01
2.047790093518961463e+00 -1.210178532069020108e+01
2.155568519493643809e+00 -1.206546197600378001e+01
2.263346945468325710e+00 -1.202925341738974296e+01
2.371125371443008056e+00 -1.199315805031540449e+01
2.478903797417690402e+00 -1.195717454496533882e+01
2.586682223392372304e+00 -1.192130178501045457e+01
2.694460649367054650e+00 -1.188553882450054111e+01
2.802239075341736996e+00 -1.184988485259542301e+01
2.910017501316419342e+00 -1.181433916517888960e+01
3.017795927291101243e+00 -1.177890114224385520e+01
3.125574353265783589e+00 -1.174357022998672306e+01
3.233352779240465491e+00 -1.170834592668775542e+01
3.341131205215147837e+00 -1.167322777160724101e+01
3.448909631189830183e+00 -1.163821533626738969e+01
3.556688057164512529e+00 -1.160330821761789721e+01
3.664466483139194874e+00 -1.156850603268291700e+01
3.772244909113877220e+00 -1.153380841437123294e+01
3.880023335088558678e+00 -1.149921500819952236e+01
3.987801761063241024e+00 -1.146472546972973561e+01
4.095580187037922926e+00 -1.143033946256747946e+01
4.203358613012605716e+00 -1.139605665679728297e+01
4.311137038987287617e+00 -1.136187672776110880e+01
4.418915464961970407e+00 -1.132779935510377101e+01
4.526693890936651421e+00 -1.129382422202781200e+01
4.634472316911334211e+00 -1.125995101471139215e+01
4.742250742886016113e+00 -1.122617942185369166e+01
4.850029168860698903e+00 -1.119250913431962324e+01
4.957807594835380804e+00 -1.115893984486212531e+01
5.065586020810063594e+00 -1.112547124790490649e+01
5.173364446784744608e+00 -1.109210303937287279e+01
5.281142872759427398e+00 -1.105883491655850648e+01
5.388921298734109300e+00 -1.102566657801776451e+01
5.496699724708792090e+00 -1.099259772348809783e+01
5.604478150683473991e+00 -1.095962805382360905e+01
5.712256576658156781e+00 -1.092675727094439075e+01
5.820035002632838683e+00 -1.089398507779611869e+01
5.927813428607520585e+00 -1.086131117831808091e+01
6.035591854582202487e+00 -1.082873527741749697e+01
6.143370280556885277e+00 -1.079625708094917869e+01
6.251148706531567179e+00 -1.076387629569886251e+01
6.358927132506249968e+00 -1.073159262936976077e+01
6.466705558480930982e+00 -1.069940579057134578e+01
6.574483984455614660e+00 -1.066731548881021041e+01
6.682262410430295674e+00 -1.063532143448228595e+01
6.790040836404978464e+00 -1.060342333886619315e+01
6.897819262379660366e+00 -1.057162091411747085e+01
7.005597688354342267e+00 -1.053991387326357376e+01
7.113376114329025057e+00 -1.050830193019933745e+01
7.221154540303706959e+00 -1.047678479968293885e+01
7.328932966278389749e+00 -1.044536219733215177e+01
7.436711392253071651e+00 -1.041403383962085449e+01
7.544489818227754441e+00 -1.038279944387575249e+01
7.652268244202435454e+00 -1.035165872827336919e+01
7.760046670177117356e+00 -1.032061141183695163e+01
7.867825096151800146e+00 -1.028965721443364600e+01
7.975603522126482048e+00 -1.025879585677174077e+01
8.083381948101164838e+00 -1.022802706039789555e+01
8.191160374075845851e+00 -1.019735054769449789e+01
8.298938800050528641e+00 -1.016676604187697919e+01
8.406717226025211431e+00 -1.013627326699132958e+01
8.514495651999892445e+00 -1.010587194791142096e+01
8.622274077974575235e+00 -1.007556181033652010e+01
8.730052503949258025e+00 -1.004534258078875553e+01
8.837830929923940815e+00 -1.001521398661061468e+01
8.945609355898621828e+00 -9.985175755962458766e+00
9.053387781873302842e+00 -9.955227617820039399e+00
9.161166207847987408e+00 -9.925369301972054359e+00
9.268944633822668422e+00 -9.895600539017664232e+00
9.376723059797351212e+00 -9.865921060364089001e+00
9.484501485772032225e+00 -9.836330598224160227e+00
9.592279911746716792e+00 -9.806828885613864344e+00
9.700058337721397805e+00 -9.777415656349996098e+00
9.807836763696078819e+00 -9.748090645047701841e+00
9.915615189670761609e+00 -9.718853587118100990e+00
1.002339361564544440e+01 -9.689704218765896826e+00
1.013117204162012719e+01 -9.660642276986980193e+00
1.023895046759480820e+01 -9.631667499566074042e+00
1.034672889356948922e+01 -9.602779625074360226e+00
1.045450731954417378e+01 -9.573978392867113385e+00
1.056228574551885480e+01 -9.545263543081349056e+00
1.067006417149353759e+01 -9.516634816633491312e+00
1.077784259746821860e+01 -9.488091955217017315e+00
1.088562102344290139e+01 -9.459634701300146276e+00
1.099339944941758418e+01 -9.431262798123491109e+00
1.110117787539226519e+01 -9.402975989697761605e+00
1.120895630136694798e+01 -9.374774020801444507e+00
1.131673472734163077e+01 -9.346656636978506683e+00
1.142451315331631356e+01 -9.318623584536100068e+00
1.153229157929099458e+01 -9.290674610542255962e+00
1.164007000526567737e+01 -9.262809462823623718e+00
1.174784843124035838e+01 -9.235027889963191683e+00
1.185562685721504117e+01 -9.207329641298008127e+00
1.196340528318972396e+01 -9.179714466916925275e+00
1.207118370916440497e+01 -9.152182117658345106e+00
1.217896213513908776e+01 -9.124732345107975817e+00
1.228674056111377055e+01 -9.097364901596586506e+00
1.239451898708845334e+01 -9.070079540197761858e+00
1.250229741306313436e+01 -9.042876014725688805e+00
1.261007583903781537e+01 -9.015754079732932524e+00
1.271785426501249994e+01 -8.988713490508226656e+00
1.282563269098718095e+01 -8.961754003074242192e+00
1.293341111696186196e+01 -8.934875374185416774e+00
1.304118954293654653e+01 -8.908077361325737797e+00
1.314896796891122932e+01 -8.881359722706564597e+00
1.325674639488591033e+01 -8.854722217264445305e+00
1.336452482086059135e+01 -8.828164604658940817e+00
1.347230324683527414e+01 -8.801686645270455855e+00
1.358008167280995693e+01 -8.775288100198077146e+00
1.368786009878463972e+01 -8.748968731257418696e+00
1.379563852475932073e+01 -8.722728300978474181e+00
1.390341695073400174e+01 -8.696566572603467549e+00
1.401119537670868453e+01 -8.670483310084724948e+00
1.411897380268336910e+01 -8.644478278082544875e+00
1.422675222865805011e+01 -8.618551241963070098e+00
1.433453065463273113e+01 -8.592701967796164908e+00
1.444230908060741392e+01 -8.566930222353322577e+00
1.455008750658209493e+01 -8.541235773105542606e+00
1.465786593255677950e+01 -8.515618388221247059e+00
1.476564435853146051e+01 -8.490077836564173808e+00
1.487342278450614330e+01 -8.464613887691305294e+00
1.498120121048082432e+01 -8.439226311850783091e+00
1.508897963645550888e+01 -8.413914879979831341e+00
1.519675806243018990e+01 -8.388679363702701508e+00
1.530453648840487091e+01 -8.363519535328592269e+00
1.541231491437955370e+01 -8.338435167849619134e+00
1.552009334035423471e+01 -8.313426034938748543e+00
1.562787176632891928e+01 -8.288491910947760388e+00
1.573565019230360029e+01 -8.263632570905215857e+00
1.584342861827828308e+01 -8.238847790514421732e+00
1.595120704425296410e+01 -8.214137346151414221e+00
1.605898547022764689e+01 -8.189501014862933914e+00
1.616676389620232968e+01 -8.164938574364414947e+00
1.627454232217701247e+01 -8.140449803037988374e+00
1.638232074815169170e+01 -8.116034479930467782e+00
1.649009917412637449e+01 -8.091692384751368650e+00
1.659787760010105728e+01 -8.067423297870911725e+00
1.670565602607574007e+01 -8.043227000318051267e+00
1.681343445205042286e+01 -8.019103273778490859e+00
1.692121287802510565e+01 -7.995051900592711647e+00
1.702899130399978489e+01 -7.971072663754021015e+00
1.713676972997447123e+01 -7.947165346906579941e+00
1.724454815594915047e+01 -7.923329734343463215e+00
1.735232658192383326e+01 -7.899565611004701005e+00
1.746010500789851605e+01 -7.875872762475351507e+00
1.756788343387319529e+01 -7.852250974983557619e+00
1.767566185984788163e+01 -7.828700035398617807e+00
1.778344028582256087e+01 -7.805219731229071201e+00
1.789121871179724366e+01 -7.781809850620767577e+00
1.799899713777192645e+01 -7.758470182354969324e+00
1.810677556374660568e+01 -7.735200515846440972e+00
1.821455398972129203e+01 -7.712000641141536939e+00
1.832233241569597482e+01 -7.688870348916331920e+00
1.843011084167065405e+01 -7.665809430474707753e+00
1.853788926764533684e+01 -7.642817677746485572e+00
1.864566769362001963e+01 -7.619894883285544651e+00
1.875344611959470242e+01 -7.597040840267947459e+00
1.886122454556938521e+01 -7.574255342490077147e+00
1.896900297154406445e+01 -7.551538184366775042e+00
1.907678139751874724e+01 -7.528889160929487900e+00
1.918455982349343358e+01 -7.506308067824416952e+00
1.929233824946811282e+01 -7.483794701310674036e+00
1.940011667544279561e+01 -7.461348858258442185e+00
1.950789510141747840e+01 -7.438970336147146867e+00
1.961567352739215764e+01 -7.416658933063624559e+00
1.972345195336684398e+01 -7.394414447700301984e+00
1.983123037934152322e+01 -7.372236679353385114e+00
1.993900880531620601e+01 -7.350125427921035737e+00
2.004678723129088880e+01 -7.328080493901582670e+00
2.015456565726556803e+01 -7.306101678391702769e+00
2.026234408324025438e+01 -7.284188783084644569e+00
2.037012250921493361e+01 -7.262341610268427949e+00
2.047790093518961640e+01 -7.240559962824062445e+00
2.058567936116429919e+01 -7.218843644223770895e+00
2.069345778713897843e+01 -7.197192458529213965e+00
2.080123621311366477e+01 -7.175606210389722683e+00
2.090901463908834756e+01 -7.154084705040538061e+00
2.101679306506302680e+01 -7.132627748301048953e+00
2.112457149103770959e+01 -7.111235146573045895e+00
2.123234991701239238e+01 -7.089906706838969619e+00
2.134012834298707517e+01 -7.068642236660171996e+00
2.144790676896175796e+01 -7.047441544175181427e+00
2.155568519493643720e+01 -7.026304438097964677e+00
2.166346362091111999e+01 -7.005230727716209138e+00
2.177124204688580278e+01 -6.984220222889599761e+00
2.187902047286048557e+01 -6.963272734048096879e+00
2.198679889883516836e+01 -6.942388072190238901e+00
2.209457732480984760e+01 -6.921566048881423683e+00
2.220235575078453039e+01 -6.900806476252217436e+00
2.231013417675921673e+01 -6.880109166996654757e+00
2.241791260273389597e+01 -6.859473934370548420e+00
2.252569102870857876e+01 -6.838900592189808947e+00
2.263346945468326155e+01 -6.818388954828763282e+00
2.274124788065794434e+01 -6.797938837218474362e+00
2.284902630663262713e+01 -6.777550054845081107e+00
2.295680473260730636e+01 -6.757222423748123319e+00
2.306458315858198915e+01 -6.736955760518887892e+00
2.317236158455667194e+01 -6.716749882298752361e+00
2.328014001053135473e+01 -6.696604606777539992e+00
2.338791843650603752e+01 -6.676519752191864221e+00
2.349569686248071676e+01 -6.656495137323499733e+00
2.360347528845539955e+01 -6.636530581497735781e+00
2.371125371443008234e+01 -6.616625904581759698e+00
2.381903214040476513e+01 -6.596780926983023541e+00
2.392681056637944792e+01 -6.576995469647621384e+00
2.403458899235413071e+01 -6.557269354058678168e+00
2.414236741832880995e+01 -6.537602402234740318e+00
2.425014584430349274e+01 -6.517994436728164587e+00
2.435792427027817553e+01 -6.498445280623522002e+00
2.446570269625285832e+01 -6.478954757535997366e+00
2.457348112222754111e+01 -6.459522691609803857e+00
2.468125954820222034e+01 -6.440148907516590526e+00
2.478903797417690669e+01 -6.420833230453860452e+00
2.489681640015158592e+01 -6.401575486143395111e+00
2.500459482612626871e+01 -6.382375500829690296e+00
2.511237325210095150e+01 -6.363233101278368053e+00
2.522015167807563074e+01 -6.344148114774635694e+00
2.532793010405031708e+01 -6.325120369121712827e+00
2.543570853002499987e+01 -6.306149692639284154e+00
2.554348695599967911e+01 -6.287235914161949601e+00
2.565126538197436190e+01 -6.268378863037676219e+00
2.575904380794904469e+01 -6.249578369126266963e+00
2.586682223392372393e+01 -6.230834262797813494e+00
2.597460065989840672e+01 -6.212146374931177384e+00
2.608237908587309306e+01 -6.193514536912454460e+00
2.619015751184777585e+01 -6.174938580633464014e+00
2.629793593782245864e+01 -6.156418338490222020e+00
2.640571436379713788e+01 -6.137953643381433011e+00
2.651349278977182067e+01 -6.119544328706981062e+00
2.662127121574650346e+01 -6.101190228366434098e+00
2.672904964172118270e+01 -6.082891176757531326e+00
2.683682806769586549e+01 -6.064647008774701753e+00
2.694460649367054828e+01 -6.046457559807567606e+00
2.705238491964522751e+01 -6.028322665739461961e+00
2.716016334561991385e+01 -6.010242162945943711e+00
2.726794177159459664e+01 -5.992215888293330295e+00
2.737572019756927943e+01 -5.974243679137216212e+00
2.748349862354395867e+01 -5.956325373321009309e+00
2.759127704951864146e+01 -5.938460809174470612e+00
2.769905547549332425e+01 -5.920649825512248832e+00
2.780683390146800349e+01 -5.902892261632430859e+00
2.791461232744268628e+01 -5.885187957315094032e+00
2.802239075341736907e+01 -5.867536752820855739e+00
2.813016917939205541e+01 -5.849938488889431909e+00
2.823794760536673820e+01 -5.832393006738203489e+00
2.834572603134141744e+01 -5.814900148060785590e+00
2.845350445731610023e+01 -5.797459755025589523e+00
2.856128288329078302e+01 -5.780071670274409712e+00
2.866906130926546226e+01 -5.762735736920996388e+00
2.877683973524014505e+01 -5.745451798549646938e+00
2.888461816121482784e+01 -5.728219699213785709e+00
2.899239658718950707e+01 -5.711039283434567793e+00
2.910017501316418986e+01 -5.693910396199461488e+00
2.920795343913887621e+01 -5.676832882960868965e+00
2.931573186511355900e+01 -5.659806589634713170e+00
2.942351029108824179e+01 -5.642831362599060263e+00
2.953128871706292102e+01 -5.625907048692728729e+00
2.963906714303760381e+01 -5.609033495213903819e+00
2.974684556901228660e+01 -5.592210549918768869e+00
2.985462399498696584e+01 -5.575438061020123293e+00
2.996240242096164863e+01 -5.558715877186016563e+00
3.007018084693633142e+01 -5.542043847538383972e+00
3.017795927291101776e+01 -5.525421821651682386e+00
3.028573769888569700e+01 -5.508849649551537553e+00
3.039351612486037979e+01 -5.492327181713382522e+00
3.050129455083506258e+01 -5.475854269061118273e+00
3.060907297680974182e+01 -5.459430762965762796e+00
3.071685140278442461e+01 -5.443056515244110827e+00
3.082462982875910740e+01 -5.426731378157398922e+00
3.093240825473378663e+01 -5.410455204409972296e+00
3.104018668070846942e+01 -5.394227847147948118e+00
3.114796510668315221e+01 -5.378049159957905445e+00
3.125574353265783856e+01 -5.361918996865550291e+00
3.136352195863252135e+01 -5.345837212334406452e+00
3.147130038460720058e+01 -5.329803661264500114e+00
3.157907881058188337e+01 -5.313818198991046238e+00
3.168685723655656616e+01 -5.297880681283154480e+00
3.179463566253124540e+01 -5.281990964342515582e+00
3.190241408850592819e+01 -5.266148904802109065e+00
3.201019251448060743e+01 -5.250354359724917153e+00
3.211797094045529377e+01 -5.234607186602615592e+00
3.222574936642998011e+01 -5.218907243354311554e+00
3.233352779240465935e+01 -5.203254388325246005e+00
3.244130621837933859e+01 -5.187648480285516506e+00
3.254908464435402493e+01 -5.172089378428810669e+00
3.265686307032870417e+01 -5.156576942371129846e+00
3.276464149630338341e+01 -5.141111032149523474e+00
3.287241992227806975e+01 -5.125691508220827863e+00
3.298019834825274899e+01 -5.110318231460404981e+00
3.308797677422742822e+01 -5.094991063160888345e+00
3.319575520020211457e+01 -5.079709865030930693e+00
3.330353362617680091e+01 -5.064474499193957868e+00
3.341131205215148015e+01 -5.049284828186927143e+00
3.351909047812616649e+01 -5.034140714959075780e+00
3.362686890410084573e+01 -5.019042022870700670e+00
3.373464733007552496e+01 -5.003988615691909558e+00
3.384242575605021131e+01 -4.988980357601406013e+00
3.395020418202489054e+01 -4.974017113185253081e+00
3.405798260799956978e+01 -4.959098747435658261e+00
3.416576103397425612e+01 -4.944225125749751371e+00
3.427353945994894246e+01 -4.929396113928372181e+00
3.438131788592362170e+01 -4.914611578174859829e+00
3.448909631189830094e+01 -4.899871385093844900e+00
3.459687473787298728e+01 -4.885175401690043273e+00
3.470465316384766652e+01 -4.870523495367061528e+00
3.481243158982234576e+01 -4.855915533926197014e+00
3.492021001579703210e+01 -4.841351385565245913e+00
3.502798844177171134e+01 -4.826830918877312193e+00
3.513576686774639057e+01 -4.812354002849626333e+00
3.524354529372107692e+01 -4.797920506862358714e+00
3.535132371969576326e+01 -4.783530300687441894e+00
3.545910214567044250e+01 -4.769183254487399992e+00
3.556688057164512173e+01 -4.754879238814173625e+00
3.567465899761980808e+01 -4.740618124607946626e+00
3.578243742359448731e+01 -4.726399783195994075e+00
3.589021584956916655e+01 -4.712224086291511682e+00
3.599799427554385289e+01 -4.698090905992458488e+00
3.610577270151853213e+01 -4.684000114780411117e+00
3.621355112749321137e+01 -4.669951585519402038e+00
3.632132955346790482e+01 -4.655945191454780030e+00
3.642910797944258405e+01 -4.641980806212067101e+00
3.653688640541726329e+01 -4.628058303795809181e+00
3.664466483139194963e+01 -4.614177558588450800e+00
3.675244325736662887e+01 -4.600338445349198224e+00
3.686022168334130811e+01 -4.586540839212881693e+00
3.696800010931599445e+01 -4.572784615688838095e+00
3.707577853529067369e+01 -4.559069650659785644e+00
3.718355696126535292e+01 -4.545395820380703000e+00
3.729133538724003927e+01 -4.531763001477709274e+00
3.739911381321472561e+01 -4.518171070946956469e+00
3.750689223918940485e+01 -4.504619906153519260e+00
3.761467066516408408e+01 -4.491109384830283879e+00
3.772244909113877043e+01 -4.477639385076849443e+00
3.783022751711344966e+01 -4.464209785358427496e+00
3.793800594308812890e+01 -4.450820464504740670e+00
3.804578436906281524e+01 -4.437471301708934668e+00
3.815356279503749448e+01 -4.424162176526489354e+00
3.826134122101217372e+01 -4.410892968874128073e+00
3.836911964698686717e+01 -4.397663559028729630e+00
3.847689807296154640e+01 -4.384473827626266917e+00
3.858467649893622564e+01 -4.371323655660702912e+00
3.869245492491091198e+01 -4.358212924482939954e+00
3.880023335088559122e+01 -4.345141515799737064e+00
3.890801177686027046e+01 -4.332109311672646790e+00
3.901579020283495680e+01 -4.319116194516948504e+00
3.912356862880963604e+01 -4.306162047100590584e+00
3.923134705478431528e+01 -4.293246752543129929e+00
3.933912548075900162e+01 -4.280370194314683019e+00
3.944690390673368796e+01 -4.267532256234859211e+00
3.955468233270836720e+01 -4.254732822471739340e+00
3.966246075868304644e+01 -4.241971777540799238e+00
3.977023918465773278e+01 -4.229249006303892777e+00
3.987801761063241202e+01 -4.216564393968200264e+00
3.998579603660709125e+01 -4.203917826085197262e+00
4.009357446258177760e+01 -4.191309188549617204e+00
4.020135288855645683e+01 -4.178738367598428205e+00
4.030913131453113607e+01 -4.166205249809802780e+00
4.041690974050582241e+01 -4.153709722102097324e+00
4.052468816648050876e+01 -4.141251671732824491e+00
4.063246659245518799e+01 -4.128830986297647776e+00
4.074024501842986723e+01 -4.116447553729355668e+00
4.084802344440455357e+01 -4.104101262296858899e+00
4.095580187037923281e+01 -4.091792000604177915e+00
4.106358029635391205e+01 -4.079519657589439241e+00
4.117135872232859839e+01 -4.067284122523870948e+00
4.127913714830327763e+01 -4.055085285010809670e+00
4.138691557427795686e+01 -4.042923034984698738e+00
4.149469400025265031e+01 -4.030797262710097861e+00
4.160247242622732955e+01 -4.018707858780688369e+00
4.171025085220200879e+01 -4.006654714118297989e+00
4.181802927817669513e+01 -3.994637719971898981e+00
4.192580770415137437e+01 -3.982656767916642693e+00
4.203358613012605360e+01 -3.970711749852872785e+00
4.214136455610073995e+01 -3.958802558005155348e+00
4.224914298207541918e+01 -3.946929084921298347e+00
4.235692140805009842e+01 -3.935091223471389732e+00
4.246469983402478476e+01 -3.923288866846828427e+00
4.257247825999947111e+01 -3.911521908559361105e+00
4.268025668597415034e+01 -3.899790242440118959e+00
4.278803511194882958e+01 -3.888093762638662465e+00
4.289581353792351592e+01 -3.876432363622025701e+00
4.300359196389819516e+01 -3.864805940173761112e+00
4.311137038987287440e+01 -3.853214387392998042e+00
4.321914881584756074e+01 -3.841657600693487051e+00
4.332692724182223998e+01 -3.830135475802660672e+00
4.343470566779692632e+01 -3.818647908760693266e+00
4.354248409377160556e+01 -3.807194795919564001e+00
4.365026251974629190e+01 -3.795776033942115824e+00
4.375804094572097114e+01 -3.784391519801128201e+00
4.386581937169565037e+01 -3.773041150778388975e+00
4.397359779767033672e+01 -3.761724824463760442e+00
4.408137622364501595e+01 -3.750442438754262753e+00
4.418915464961969519e+01 -3.739193891853150209e+00
4.429693307559438153e+01 -3.727979082268991107e+00
4.440471150156906077e+01 -3.716797908814752027e+00
4.451248992754374711e+01 -3.705650270606886565e+00
4.462026835351843346e+01 -3.694536067064429385e+00
4.472804677949311269e+01 -3.683455197908075629e+00
4.483582520546779193e+01 -3.672407563159290511e+00
4.494360363144247827e+01 -3.661393063139400272e+00
4.505138205741715751e+01 -3.650411598468690233e+00
4.515916048339183675e+01 -3.639463070065515282e+00
4.526693890936652309e+01 -3.628547379145401486e+00
4.537471733534120233e+01 -3.617664427220154799e+00
4.548249576131588867e+01 -3.606814116096971112e+00
4.559027418729056791e+01 -3.595996347877557842e+00
4.569805261326525425e+01 -3.585211024957241754e+00
4.580583103923993349e+01 -3.574458050024089673e+00
4.591360946521461273e+01 -3.563737326058034505e+00
4.602138789118929907e+01 -3.553048756329999502e+00
4.612916631716397831e+01 -3.542392244401020740e+00
4.623694474313865754e+01 -3.531767694121382029e+00
4.634472316911334389e+01 -3.521175009629745833e+00
4.645250159508802312e+01 -3.510614095352285968e+00
4.656028002106270947e+01 -3.500084856001827394e+00
4.666805844703738870e+01 -3.489587196576989125e+00
4.677583687301207505e+01 -3.479121022361322257e+00
4.688361529898675428e+01 -3.468686238922457310e+00
4.699139372496143352e+01 -3.458282752111252023e+00
4.709917215093611986e+01 -3.447910468060942701e+00
4.720695057691079910e+01 -3.437569293186297781e+00
4.731472900288547834e+01 -3.427259134182769618e+00
4.742250742886016468e+01 -3.416979898025657825e+00
4.753028585483485102e+01 -3.406731491969268166e+00
4.763806428080953026e+01 -3.396513823546070565e+00
4.774584270678421660e+01 -3.386326800565875761e+00
4.785362113275889584e+01 -3.376170331114993317e+00
4.796139955873357508e+01 -3.366044323555405171e+00
4.806917798470826142e+01 -3.355948686523941848e+00
4.817695641068294066e+01 -3.345883328931455569e+00
4.828473483665761989e+01 -3.335848159961998238e+00
4.839251326263230624e+01 -3.325843089072002989e+00
4.850029168860698547e+01 -3.315868025989467505e+00
4.860807011458167182e+01 -3.305922880713137335e+00
4.871584854055635105e+01 -3.296007563511697658e+00
4.882362696653103740e+01 -3.286121984922959260e+00
4.893140539250571663e+01 -3.276266055753055628e+00
4.903918381848039587e+01 -3.266439687075632925e+00
4.914696224445508221e+01 -3.256642790231054629e+00
4.925474067042976145e+01 -3.246875276825594625e+00
4.936251909640444069e+01 -3.237137058730644945e+00
4.947029752237912703e+01 -3.227428048081916856e+00
4.957807594835381337e+01 -3.217748157278650822e+00
4.968585437432849261e+01 -3.208097298982824697e+00
4.979363280030317185e+01 -3.198475386118365904e+00
4.990141122627785819e+01 -3.188882331870365405e+00
5.000918965225253743e+01 -3.179318049684296099e+00
5.011696807822721667e+01 -3.169782453265229005e+00
5.022474650420190301e+01 -3.160275456577056996e+00
5.033252493017658225e+01 -3.150796973841719417e+00
5.044030335615126148e+01 -3.141346919538423155e+00
5.054808178212594783e+01 -3.131925208402877470e+00
5.065586020810063417e+01 -3.122531755426520395e+00
5.076363863407531340e+01 -3.113166475855752235e+00
5.087141706004999975e+01 -3.103829285191173515e+00
5.097919548602467898e+01 -3.094520099186818918e+00
5.108697391199935822e+01 -3.085238833849400120e+00
5.119475233797404456e+01 -3.075985405437545062e+00
5.130253076394872380e+01 -3.066759730461045663e+00
5.141030918992340304e+01 -3.057561725680101983e+00
5.151808761589808938e+01 -3.048391308104572595e+00
5.162586604187276862e+01 -3.039248394993225411e+00
5.173364446784744786e+01 -3.030132903852989834e+00
5.184142289382213420e+01 -3.021044752438215575e+00
5.194920131979681344e+01 -3.011983858749927023e+00
5.205697974577149267e+01 -3.002950141035085618e+00
5.216475817174618612e+01 -2.993943517785850439e+00
5.227253659772087246e+01 -2.984963907738847677e+00
5.238031502369555170e+01 -2.976011229874429453e+00
5.248809344967023094e+01 -2.967085403415949063e+00
5.259587187564491728e+01 -2.958186347829029561e+00
5.270365030161959652e+01 -2.949313982820837676e+00
5.281142872759427576e+01 -2.940468228339362611e+00
5.291920715356896210e+01 -2.931649004572683292e+00
5.302698557954364134e+01 -2.922856231948262717e+00
5.313476400551832057e+01 -2.914089831132219643e+00
5.324254243149300692e+01 -2.905349723028616715e+00
5.335032085746768615e+01 -2.896635828778744592e+00
5.345809928344236539e+01 -2.887948069760414072e+00
5.356587770941705173e+01 -2.879286367587243767e+00
5.367365613539173097e+01 -2.870650644107951344e+00
5.378143456136641021e+01 -2.862040821405654967e+00
5.388921298734109655e+01 -2.853456821797161869e+00
5.399699141331577579e+01 -2.844898567832274683e+00
5.410476983929045502e+01 -2.836365982293088450e+00
5.421254826526514847e+01 -2.827858988193291623e+00
5.432032669123982771e+01 -2.819377508777481722e+00
5.442810511721451405e+01 -2.810921467520460126e+00
5.453588354318919329e+01 -2.802490788126549948e+00
5.464366196916387253e+01 -2.794085394528903699e+00
5.475144039513855887e+01 -2.785705210888819394e+00
5.485921882111323811e+01 -2.777350161595054878e+00
5.496699724708791734e+01 -2.769020171263145258e+00
5.507477567306260369e+01 -2.760715164734724780e+00
5.518255409903728292e+01 -2.752435067076846043e+00
5.529033252501196216e+01 -2.744179803581305865e+00
5.539811095098664850e+01 -2.735949299763971609e+00
5.550588937696132774e+01 -2.727743481364104827e+00
5.561366780293600698e+01 -2.719562274343698682e+00
5.572144622891069332e+01 -2.711405604886803378e+00
5.582922465488537256e+01 -2.703273399398861354e+00
5.593700308086005180e+01 -2.695165584506046486e+00
5.604478150683473814e+01 -2.687082087054600610e+00
5.615255993280941738e+01 -2.679022834110170947e+00
5.626033835878411082e+01 -2.670987752957153294e+00
5.636811678475879006e+01 -2.662976771098040984e+00
5.647589521073347640e+01 -2.654989816252761869e+00
5.658367363670815564e+01 -2.647026816358032164e+00
5.669145206268283488e+01 -2.639087699566705858e+00
5.679923048865752122e+01 -2.631172394247122792e+00
5.690700891463220046e+01 -2.623280828982466950e+00
5.701478734060687970e+01 -2.615412932570120752e+00
5.712256576658156604e+01 -2.607568634021021126e+00
5.723034419255624528e+01 -2.599747862559018241e+00
5.733812261853092451e+01 -2.591950547620240020e+00
5.744590104450561086e+01 -2.584176618852453977e+00
5.755367947048029009e+01 -2.576426006114433509e+00
5.766145789645496933e+01 -2.568698639475320622e+00
5.776923632242965567e+01 -2.560994449214001101e+00
5.787701474840433491e+01 -2.553313365818472125e+00
5.798479317437901415e+01 -2.545655319985215659e+00
5.809257160035370049e+01 -2.538020242618571842e+00
5.820035002632837973e+01 -2.530408064830118597e+00
5.830812845230307317e+01 -2.522818717938045907e+00
5.841590687827775241e+01 -2.515252133466542528e+00
5.852368530425243875e+01 -2.507708243145169824e+00
5.863146373022711799e+01 -2.500186978908252478e+00
5.873924215620179723e+01 -2.492688272894261203e+00
5.884702058217648357e+01 -2.485212057445202127e+00
5.895479900815116281e+01 -2.477758265106004387e+00
5.906257743412584205e+01 -2.470326828623912618e+00
5.917035586010052839e+01 -2.462917680947881216e+00
5.927813428607520763e+01 -2.455530755227966377e+00
5.938591271204988686e+01 -2.448165984814726581e+00
5.949369113802457321e+01 -2.440823303258619070e+00
5.960146956399925244e+01 -2.433502644309399887e+00
5.970924798997393168e+01 -2.426203941915527462e+00
5.981702641594861802e+01 -2.418927130223566202e+00
5.992480484192329726e+01 -2.411672143577592298e+00
6.003258326789797650e+01 -2.404438916518600422e+00
6.014036169387266284e+01 -2.397227383783916199e+00
6.024814011984734208e+01 -2.390037480306601569e+00
6.035591854582203553e+01 -2.382869141214873920e+00
6.046369697179671476e+01 -2.375722301831518113e+00
6.057147539777139400e+01 -2.368596897673301616e+00
6.067925382374608034e+01 -2.361492864450395857e+00
6.078703224972075958e+01 -2.354410138065791358e+00
6.089481067569543882e+01 -2.347348654614726193e+00
6.100258910167012516e+01 -2.340308350384101566e+00
6.111036752764480440e+01 -2.333289161851913818e+00
6.121814595361948363e+01 -2.326291025686677560e+00
6.132592437959416998e+01 -2.319313878746855018e+00
6.143370280556884921e+01 -2.312357658080287148e+00
6.154148123154352845e+01 -2.305422300923622991e+00
6.164925965751821479e+01 -2.298507744701757005e+00
6.175703808349289403e+01 -2.291613927027263742e+00
6.186481650946757327e+01 -2.284740785699831633e+00
6.197259493544225961e+01 -2.277888258705704772e+00
6.208037336141693885e+01 -2.271056284217124244e+00
6.218815178739161809e+01 -2.264244800591767248e+00
6.229593021336630443e+01 -2.257453746372193315e+00
6.240370863934099788e+01 -2.250683060285287418e+00
6.251148706531567711e+01 -2.243932681241710636e+00
6.261926549129035635e+01 -2.237202548335346819e+00
6.272704391726504269e+01 -2.230492600842751472e+00
6.283482234323972193e+01 -2.223802778222607746e+00
6.294260076921440117e+01 -2.217133020115176656e+00
6.305037919518908751e+01 -2.210483266341753517e+00
6.315815762116376675e+01 -2.203853456904126595e+00
6.326593604713844599e+01 -2.197243531984035325e+00
6.337371447311313233e+01 -2.190653431942626295e+00
6.348149289908781157e+01 -2.184083097319922118e+00
6.358927132506249080e+01 -2.177532468834280976e+00
6.369704975103717715e+01 -2.171001487381859274e+00
6.380482817701185638e+01 -2.164490094036084944e+00
6.391260660298653562e+01 -2.157998230047120547e+00
6.402038502896121486e+01 -2.151525836841335249e+00
6.412816345493590120e+01 -2.145072856020774132e+00
6.423594188091058754e+01 -2.138639229362635952e+00
6.434372030688525967e+01 -2.132224898818742886e+00
6.445149873285996023e+01 -2.125829806515019182e+00
6.455927715883463236e+01 -2.119453894750969791e+00
6.466705558480931870e+01 -2.113097105999156788e+00
6.477483401078400505e+01 -2.106759382904682010e+00
6.488261243675867718e+01 -2.100440668284671908e+00
6.499039086273336352e+01 -2.094140905127758412e+00
6.509816928870804986e+01 -2.087860036593563340e+00
6.520594771468272199e+01 -2.081598006012189916e+00
6.531372614065740834e+01 -2.075354756883708962e+00
6.542150456663209468e+01 -2.069130232877649966e+00
6.552928299260676681e+01 -2.062924377832489498e+00
6.563706141858145315e+01 -2.056737135755151158e+00
6.574483984455613950e+01 -2.050568450820493105e+00
6.585261827053081163e+01 -2.044418267370809783e+00
6.596039669650549797e+01 -2.038286529915326994e+00
6.606817512248018431e+01 -2.032173183129700522e+00
6.617595354845485645e+01 -2.026078171855521859e+00
6.628373197442954279e+01 -2.020001441099813277e+00
6.639151040040422913e+01 -2.013942936034537556e+00
6.649928882637891547e+01 -2.007902601996099712e+00
6.660706725235360182e+01 -2.001880384484858055e+00
6.671484567832828816e+01 -1.995876229164626148e+00
6.682262410430296029e+01 -1.989890081862187410e+00
6.693040253027764663e+01 -1.983921888566804848e+00
6.703818095625233298e+01 -1.977971595429734331e+00
6.714595938222700511e+01 -1.972039148763738536e+00
6.725373780820169145e+01 -1.966124495042599785e+00
6.736151623417637779e+01 -1.960227580900641975e+00
6.746929466015104992e+01 -1.954348353132246308e+00
6.757707308612573627e+01 -1.948486758691371001e+00
6.768485151210042261e+01 -1.942642744691072787e+00
6.779262993807509474e+01 -1.936816258403031732e+00
6.790040836404978108e+01 -1.931007247257072512e+00
6.800818679002446743e+01 -1.925215658840692123e+00
6.811596521599913956e+01 -1.919441440898586482e+00
6.822374364197382590e+01 -1.913684541332178357e+00
6.833152206794851224e+01 -1.907944908199147971e+00
6.843930049392318438e+01 -1.902222489712964926e+00
6.854707891989788493e+01 -1.896517234242418359e+00
6.865485734587255706e+01 -1.890829090311155980e+00
6.876263577184724340e+01 -1.885158006597213110e+00
6.887041419782192975e+01 -1.879503931932555938e+00
6.897819262379660188e+01 -1.873866815302614119e+00
6.908597104977128822e+01 -1.868246605845826025e+00
6.919374947574597456e+01 -1.862643252853176223e+00
6.930152790172064670e+01 -1.857056705767738514e+00
6.940930632769533304e+01 -1.851486914184220289e+00
6.951708475367001938e+01 -1.845933827848507569e+00
6.962486317964469151e+01 -1.840397396657211804e+00
6.973264160561937786e+01 -1.834877570657218460e+00
6.984042003159406420e+01 -1.829374300045233603e+00
6.994819845756873633e+01 -1.823887535167338259e+00
7.005597688354342267e+01 -1.818417226518536989e+00
7.016375530951810902e+01 -1.812963324742313365e+00
7.027153373549278115e+01 -1.807525780630184986e+00
7.037931216146746749e+01 -1.802104545121256951e+00
7.048709058744215383e+01 -1.796699569301783317e+00
7.059486901341684018e+01 -1.791310804404719015e+00
7.070264743939152652e+01 -1.785938201809289527e+00
7.081042586536619865e+01 -1.780581713040542136e+00
7.091820429134088499e+01 -1.775241289768916264e+00
7.102598271731557134e+01 -1.769916883809802277e+00
7.113376114329024347e+01 -1.764608447123109825e+00
7.124153956926492981e+01 -1.759315931812833078e+00
7.134931799523961615e+01 -1.754039290126618855e+00
7.145709642121428828e+01 -1.748778474455336296e+00
7.156487484718897463e+01 -1.743533437332645875e+00
7.167265327316366097e+01 -1.738304131434573074e+00
7.178043169913833310e+01 -1.733090509579079841e+00
7.188821012511301944e+01 -1.727892524725639145e+00
7.199598855108770579e+01 -1.722710129974810211e+00
7.210376697706237792e+01 -1.717543278567818188e+00
7.221154540303706426e+01 -1.712391923886127820e+00
7.231932382901175060e+01 -1.707256019451026008e+00
7.242710225498642274e+01 -1.702135518923201696e+00
7.253488068096110908e+01 -1.697030376102326876e+00
7.264265910693580963e+01 -1.691940544926639589e+00
7.275043753291048176e+01 -1.686865979472532251e+00
7.285821595888516811e+01 -1.681806633954131325e+00
7.296599438485985445e+01 -1.676762462722887870e+00
7.307377281083452658e+01 -1.671733420267164760e+00
7.318155123680921292e+01 -1.666719461211827458e+00
7.328932966278389927e+01 -1.661720540317831230e+00
7.339710808875857140e+01 -1.656736612481816584e+00
7.350488651473325774e+01 -1.651767632735700930e+00
7.361266494070794408e+01 -1.646813556246270238e+00
7.372044336668261622e+01 -1.641874338314780912e+00
7.382822179265730256e+01 -1.636949934376550120e+00
7.393600021863198890e+01 -1.632040300000555888e+00
7.404377864460666103e+01 -1.627145390889038090e+00
7.415155707058134738e+01 -1.622265162877095213e+00
7.425933549655603372e+01 -1.617399571932290669e+00
7.436711392253070585e+01 -1.612548574154250458e+00
7.447489234850539219e+01 -1.607712125774268586e+00
7.458267077448007853e+01 -1.602890183154915160e+00
7.469044920045476488e+01 -1.598082702789638709e+00
7.479822762642945122e+01 -1.593289641302376713e+00
7.490600605240412335e+01 -1.588510955447161033e+00
7.501378447837880969e+01 -1.583746602107730883e+00
7.512156290435349604e+01 -1.578996538297142260e+00
7.522934133032816817e+01 -1.574260721157378695e+00
7.533711975630285451e+01 -1.569539107958969115e+00
7.544489818227754085e+01 -1.564831656100595936e+00
7.555267660825221299e+01 -1.560138323108716696e+00
7.566045503422689933e+01 -1.555459066637177257e+00
7.576823346020158567e+01 -1.550793844466829441e+00
7.587601188617625780e+01 -1.546142614505154222e+00
7.598379031215094415e+01 -1.541505334785876258e+00
7.609156873812563049e+01 -1.536881963468588630e+00
7.619934716410030262e+01 -1.532272458838376483e+00
7.630712559007498896e+01 -1.527676779305436661e+00
7.641490401604967531e+01 -1.523094883404706668e+00
7.652268244202434744e+01 -1.518526729795486974e+00
7.663046086799903378e+01 -1.513972277261069754e+00
7.673823929397373433e+01 -1.509431484708367854e+00
7.684601771994840647e+01 -1.504904311167543085e+00
7.695379614592309281e+01 -1.500390715791635632e+00
7.706157457189777915e+01 -1.495890657856196349e+00
7.716935299787245128e+01 -1.491404096758920383e+00
7.727713142384713763e+01 -1.486930992019278142e+00
7.738490984982182397e+01 -1.482471303278154240e+00
7.749268827579649610e+01 -1.478024990297478247e+00
7.760046670177118244e+01 -1.473592012959865194e+00
7.770824512774586879e+01 -1.469172331268254306e+00
7.781602355372054092e+01 -1.464765905345543295e+00
7.792380197969522726e+01 -1.460372695434233536e+00
7.803158040566991360e+01 -1.455992661896070572e+00
7.813935883164458573e+01 -1.451625765211683294e+00
7.824713725761927208e+01 -1.447271965980229780e+00
7.835491568359395842e+01 -1.442931224919044020e+00
7.846269410956863055e+01 -1.438603502863275319e+00
7.857047253554331689e+01 -1.434288760765541904e+00
7.867825096151800324e+01 -1.429986959695573656e+00
7.878602938749268958e+01 -1.425698060839861281e+00
7.889380781346737592e+01 -1.421422025501310360e+00
7.900158623944204805e+01 -1.417158815098887636e+00
7.910936466541673440e+01 -1.412908391167273958e+00
7.921714309139142074e+01 -1.408670715356517888e+00
7.932492151736609287e+01 -1.404445749431690427e+00
7.943269994334077921e+01 -1.400233455272537952e+00
7.954047836931546556e+01 -1.396033794873140943e+00
7.964825679529013769e+01 -1.391846730341568028e+00
7.975603522126482403e+01 -1.387672223899535595e+00
7.986381364723951037e+01 -1.383510237882069172e+00
7.997159207321418251e+01 -1.379360734737159033e+00
8.007937049918886885e+01 -1.375223677025423807e+00
8.018714892516355519e+01 -1.371099027419774963e+00
8.029492735113822732e+01 -1.366986748705075527e+00
8.040270577711291367e+01 -1.362886803777805911e+00
8.051048420308760001e+01 -1.358799155645732393e+00
8.061826262906227214e+01 -1.354723767427567838e+00
8.072604105503695848e+01 -1.350660602352643735e+00
8.083381948101164483e+01 -1.346609623760574914e+00
8.094159790698633117e+01 -1.342570795100931580e+00
8.104937633296101751e+01 -1.338544079932907138e+00
8.115715475893568964e+01 -1.334529441924991566e+00
8.126493318491037599e+01 -1.330526844854641455e+00
8.137271161088506233e+01 -1.326536252607954491e+00
8.148049003685973446e+01 -1.322557629179344385e+00
8.158826846283442080e+01 -1.318590938671213353e+00
8.169604688880910714e+01 -1.314636145293632152e+00
8.180382531478377928e+01 -1.310693213364012344e+00
8.191160374075846562e+01 -1.306762107306788323e+00
8.201938216673315196e+01 -1.302842791653095356e+00
8.212716059270782409e+01 -1.298935231040448057e+00
8.223493901868251044e+01 -1.295039390212421981e+00
8.234271744465719678e+01 -1.291155234018337872e+00
8.245049587063186891e+01 -1.287282727412941252e+00
8.255827429660655525e+01 -1.283421835456086679e+00
8.266605272258124160e+01 -1.279572523312424881e+00
8.277383114855591373e+01 -1.275734756251086122e+00
8.288160957453061428e+01 -1.271908499645368007e+00
8.298938800050530062e+01 -1.268093718972422845e+00
8.309716642647997276e+01 -1.264290379812945231e+00
8.320494485245465910e+01 -1.260498447850862069e+00
8.331272327842934544e+01 -1.256717888873024380e+00
8.342050170440401757e+01 -1.252948668768896878e+00
8.352828013037870392e+01 -1.249190753530249332e+00
8.363605855635339026e+01 -1.245444109250853471e+00
8.374383698232806239e+01 -1.241708702126172570e+00
8.385161540830274873e+01 -1.237984498453059912e+00
8.395939383427743508e+01 -1.234271464629452586e+00
8.406717226025210721e+01 -1.230569567154068844e+00
8.417495068622679355e+01 -1.226878772626107006e+00
8.428272911220147989e+01 -1.223199047744943035e+00
8.439050753817615202e+01 -1.219530359309828338e+00
8.449828596415083837e+01 -1.215872674219593996e+00
8.460606439012552471e+01 -1.212225959472350123e+00
8.471384281610019684e+01 -1.208590182165186100e+00
8.482162124207489740e+01 -1.204965309493877923e+00
8.492939966804956953e+01 -1.201351308752590441e+00
8.503717809402425587e+01 -1.197748147333579150e+00
8.514495651999894221e+01 -1.194155792726901089e+00
8.525273494597361434e+01 -1.190574212520117303e+00
8.536051337194830069e+01 -1.187003374398003741e+00
8.546829179792298703e+01 -1.183443246142257710e+00
8.557607022389765916e+01 -1.179893795631207221e+00
8.568384864987234550e+01 -1.176354990839521220e+00
8.579162707584703185e+01 -1.172826799837922929e+00
8.589940550182170398e+01 -1.169309190792896747e+00
8.600718392779639032e+01 -1.165802131966407140e+00
8.611496235377107666e+01 -1.162305591715607545e+00
8.622274077974574880e+01 -1.158819538492556367e+00
8.633051920572043514e+01 -1.155343940843934103e+00
8.643829763169512148e+01 -1.151878767410755566e+00
8.654607605766979361e+01 -1.148423986928091667e+00
8.665385448364447996e+01 -1.144979568224784305e+00
8.676163290961916630e+01 -1.141545480223164821e+00
8.686941133559385264e+01 -1.138121691938774882e+00
8.697718976156853898e+01 -1.134708172480088706e+00
8.708496818754321112e+01 -1.131304891048229955e+00
8.719274661351789746e+01 -1.127911816936696177e+00
8.730052503949258380e+01 -1.124528919531083693e+00
8.740830346546725593e+01 -1.121156168308807155e+00
8.751608189144194228e+01 -1.117793532838827542e+00
8.762386031741662862e+01 -1.114440982781376599e+00
8.773163874339130075e+01 -1.111098487887682840e+00
8.783941716936598709e+01 -1.107766017999698205e+00
8.794719559534067344e+01 -1.104443543049827170e+00
8.805497402131534557e+01 -1.101131033060654296e+00
8.816275244729003191e+01 -1.097828458144674890e+00
8.827053087326471825e+01 -1.094535788504023888e+00
8.837830929923939038e+01 -1.091252994430207846e+00
8.848608772521407673e+01 -1.087980046303837600e+00
8.859386615118876307e+01 -1.084716914594360260e+00
8.870164457716343520e+01 -1.081463569859791196e+00
8.880942300313812154e+01 -1.078219982746452255e+00
8.891720142911282210e+01 -1.074986123988702191e+00
8.902497985508749423e+01 -1.071761964408677548e+00
8.913275828106218057e+01 -1.068547474916025752e+00
8.924053670703686691e+01 -1.065342626507643109e+00
8.934831513301153905e+01 -1.062147390267414560e+00
8.945609355898622539e+01 -1.058961737365952116e+00
8.956387198496091173e+01 -1.055785639060334624e+00
8.967165041093558386e+01 -1.052619066693847527e+00
8.977942883691027021e+01 -1.049461991695726848e+00
8.988720726288495655e+01 -1.046314385580898509e+00
8.999498568885962868e+01 -1.043176219949722539e+00
9.010276411483431502e+01 -1.040047466487738381e+00
9.021054254080900137e+01 -1.036928096965406221e+00
9.031832096678367350e+01 -1.033818083237854957e+00
9.042609939275835984e+01 -1.030717397244627076e+00
9.053387781873304618e+01 -1.027626011009425300e+00
9.064165624470771832e+01 -1.024543896639861451e+00
9.074943467068240466e+01 -1.021471026327203546e+00
9.085721309665709100e+01 -1.018407372346124218e+00
9.096499152263177734e+01 -1.015352907054453135e+00
9.107276994860646369e+01 -1.012307602892925651e+00
9.118054837458113582e+01 -1.009271432384933442e+00
9.128832680055582216e+01 -1.006244368136279377e+00
9.139610522653050850e+01 -1.003226382834927710e+00
9.150388365250518063e+01 -1.000217449250758284e+00
9.161166207847986698e+01 -9.972175402353220530e-01
9.171944050445455332e+01 -9.942266287215946186e-01
9.182721893042922545e+01 -9.912446877237326426e-01
9.193499735640391179e+01 -9.882716903368313766e-01
9.204277578237859814e+01 -9.853076097366795238e-01
9.215055420835327027e+01 -9.823524191795190985e-01
9.225833263432795661e+01 -9.794060920018043959e-01
9.236611106030264295e+01 -9.764686016199589647e-01
9.247388948627731509e+01 -9.735399215301396847e-01
9.258166791225200143e+01 -9.706200253079934059e-01
9.268944633822668777e+01 -9.677088866084208041e-01
9.279722476420135990e+01 -9.648064791653399030e-01
9.290500319017604625e+01 -9.619127767914458227e-01
9.301278161615073259e+01 -9.590277533779767438e-01
9.312056004212541893e+01 -9.561513828944782079e-01
9.322833846810010527e+01 -9.532836393885680826e-01
9.333611689407477741e+01 -9.504244969857008618e-01
9.344389532004946375e+01 -9.475739298889376272e-01
9.355167374602415009e+01 -9.447319123787092376e-01
9.365945217199882222e+01 -9.418984188125868462e-01
9.376723059797350857e+01 -9.390734236250511957e-01
9.387500902394819491e+01 -9.362569013272586949e-01
9.398278744992286704e+01 -9.334488265068145996e-01
9.409056587589755338e+01 -9.306491738275425307e-01
9.419834430187223973e+01 -9.278579180292558792e-01
9.430612272784691186e+01 -9.250750339275292111e-01
9.441390115382159820e+01 -9.223004964134731143e-01
9.452167957979628454e+01 -9.195342804535048264e-01
9.462945800577095667e+01 -9.167763610891249693e-01
9.473723643174564302e+01 -9.140267134366907298e-01
9.484501485772032936e+01 -9.112853126871914844e-01
9.495279328369500149e+01 -9.085521341060259770e-01
9.506057170966970205e+01 -9.058271530327779431e-01
9.516835013564438839e+01 -9.031103448809948420e-01
9.527612856161906052e+01 -9.004016851379640363e-01
9.538390698759374686e+01 -8.977011493644945217e-01
9.549168541356843321e+01 -8.950087131946935504e-01
9.559946383954310534e+01 -8.923243523357486939e-01
9.570724226551779168e+01 -8.896480425677076864e-01
9.581502069149247802e+01 -8.869797597432601544e-01
9.592279911746715015e+01 -8.843194797875203461e-01
9.603057754344183650e+01 -8.816671786978086400e-01
9.613835596941652284e+01 -8.790228325434360501e-01
9.624613439539119497e+01 -8.763864174654882877e-01
9.635391282136588131e+01 -8.737579096766100450e-01
9.646169124734056766e+01 -8.711372854607892791e-01
9.656946967331523979e+01 -8.685245211731467130e-01
9.667724809928992613e+01 -8.659195932397180107e-01
9.678502652526461247e+01 -8.633224781572451656e-01
9.689280495123928461e+01 -8.607331524929612288e-01
9.700058337721397095e+01 -8.581515928843804764e-01
9.710836180318865729e+01 -8.555777760390879116e-01
9.721614022916334363e+01 -8.530116787345286555e-01
9.732391865513802998e+01 -8.504532778177971153e-01
9.743169708111270211e+01 -8.479025502054303720e-01
9.753947550708738845e+01 -8.453594728831989036e-01
9.764725393306207479e+01 -8.428240229058979738e-01
9.775503235903674693e+01 -8.402961773971426851e-01
9.786281078501143327e+01 -8.377759135491594789e-01
9.797058921098611961e+01 -8.352632086225809660e-01
9.807836763696079174e+01 -8.327580399462424232e-01
9.818614606293547808e+01 -8.302603849169746253e-01
9.829392448891016443e+01 -8.277702209994012295e-01
9.840170291488483656e+01 -8.252875257257363817e-01
9.850948134085952290e+01 -8.228122766955799916e-01
9.861725976683420924e+01 -8.203444515757165600e-01
9.872503819280888138e+01 -8.178840280999145618e-01
9.883281661878356772e+01 -8.154309840687237187e-01
9.894059504475825406e+01 -8.129852973492769364e-01
9.904837347073292619e+01 -8.105469458750879097e-01
9.915615189670762675e+01 -8.081159076458540591e-01
9.926393032268229888e+01 -8.056921607272580221e-01
9.937170874865698522e+01 -8.032756832507685907e-01
9.947948717463167156e+01 -8.008664534134443125e-01
9.958726560060634370e+01 -7.984644494777354273e-01
9.969504402658103004e+01 -7.960696497712904662e-01
9.980282245255571638e+01 -7.936820326867572994e-01
9.991060087853038851e+01 -7.913015766815912899e-01
1.000183793045050749e+02 -7.889282602778586728e-01
1.001261577304797612e+02 -7.865620620620434877e-01
1.002339361564544333e+02 -7.842029606848551770e-01
1.003417145824291197e+02 -7.818509348610348519e-01
1.004494930084038060e+02 -7.795059633691632239e-01
1.005572714343784781e+02 -7.771680250514706456e-01
1.006650498603531645e+02 -7.748370988136443760e-01
1.007728282863278508e+02 -7.725131636246388434e-01
1.008806067123025230e+02 -7.701961985164867963e-01
1.009883851382772093e+02 -7.678861825841086786e-01
1.010961635642518957e+02 -7.655830949851255562e-01
1.012039419902265820e+02 -7.632869149396688258e-01
1.013117204162012683e+02 -7.609976217301958057e-01
1.014194988421759547e+02 -7.587151947012997777e-01
1.015272772681506268e+02 -7.564396132595258004e-01
1.016350556941253132e+02 -7.541708568731837481e-01
1.017428341200999995e+02 -7.519089050721629031e-01
1.018506125460746716e+02 -7.496537374477489912e-01
1.019583909720493580e+02 -7.474053336524373314e-01
1.020661693980240443e+02 -7.451636733997520912e-01
1.021739478239987164e+02 -7.429287364640607683e-01
1.022817262499734028e+02 -7.407005026803931136e-01
1.023895046759480891e+02 -7.384789519442592765e-01
1.024972831019227613e+02 -7.362640642114677281e-01
1.026050615278974476e+02 -7.340558194979442952e-01
1.027128399538721339e+02 -7.318541978795530811e-01
1.028206183798468061e+02 -7.296591794919152774e-01
1.029283968058214924e+02 -7.274707445302304176e-01
1.030361752317961788e+02 -7.252888732490986312e-01
1.031439536577708509e+02 -7.231135459623403428e-01
1.032517320837455372e+02 -7.209447430428213011e-01
1.033595105097202236e+02 -7.187824449222731671e-01
1.034672889356948957e+02 -7.166266320911179877e-01
1.035750673616695821e+02 -7.144772850982932244e-01
1.036828457876442684e+02 -7.123343845510738959e-01
1.037906242136189405e+02 -7.101979111148987167e-01
1.038984026395936269e+02 -7.080678455131973470e-01
1.040061810655683132e+02 -7.059441685272133116e-01
1.041139594915429853e+02 -7.038268609958326927e-01
1.042217379175176717e+02 -7.017159038154114903e-01
1.043295163434923722e+02 -6.996112779396007619e-01
1.044372947694670586e+02 -6.975129643791788681e-01
1.045450731954417449e+02 -6.954209442018757237e-01
1.046528516214164171e+02 -6.933351985322055988e-01
1.047606300473911034e+02 -6.912557085512940347e-01
1.048684084733657897e+02 -6.891824554967094230e-01
1.049761868993404619e+02 -6.871154206622946958e-01
1.050839653253151482e+02 -6.850545853979961297e-01
1.051917437512898346e+02 -6.829999311096972558e-01
1.052995221772645067e+02 -6.809514392590497733e-01
1.054073006032391930e+02 -6.789090913633062385e-01
1.055150790292138794e+02 -6.768728689951553079e-01
1.056228574551885515e+02 -6.748427537825524292e-01
1.057306358811632379e+02 -6.728187274085557501e-01
1.058384143071379242e+02 -6.708007716111619168e-01
1.059461927331125963e+02 -6.687888681831388737e-01
1.060539711590872827e+02 -6.667829989718627726e-01
1.061617495850619690e+02 -6.647831458791551018e-01
1.062695280110366411e+02 -6.627892908611177081e-01
1.063773064370113275e+02 -6.608014159279714805e-01
1.064850848629860138e+02 -6.588195031438927041e-01
1.065928632889606860e+02 -6.568435346268518549e-01
1.067006417149353723e+02 -6.548734925484529512e-01
1.068084201409100586e+02 -6.529093591337714608e-01
1.069161985668847308e+02 -6.509511166611943178e-01
1.070239769928594171e+02 -6.489987474622608277e-01
1.071317554188341035e+02 -6.470522339215021290e-01
1.072395338448087756e+02 -6.451115584762826538e-01
1.073473122707834619e+02 -6.431767036166422535e-01
1.074550906967581483e+02 -6.412476518851372154e-01
1.075628691227328204e+02 -6.393243858766837207e-01
1.076706475487075068e+02 -6.374068882383999712e-01
