0.000000000000000000e+00 -6.381664923238644427e+00
2.866480638593815744e+00 -6.362993012652252034e+00
5.732961277187631488e+00 -6.344438271992224543e+00
8.599441915781447676e+00 -6.325993518439433139e+00
1.146592255437526298e+01 -6.307652201531531944e+00
1.433240319296907650e+01 -6.289408347293573343e+00
1.719888383156289535e+01 -6.271256507381143486e+00
2.006536447015670888e+01 -6.253191712779921474e+00
2.293184510875052595e+01 -6.235209431647214195e+00
2.579832574734434303e+01 -6.217305530919481349e+00
2.866480638593815300e+01 -6.199476241343957916e+00
3.153128702453197363e+01 -6.181718125624173332e+00
3.439776766312579070e+01 -6.164028049397389353e+00
3.726424830171961133e+01 -6.146403154787893008e+00
4.013072894031341775e+01 -6.128840836303539596e+00
4.299720957890723838e+01 -6.111338718864042008e+00
4.586369021750105190e+01 -6.093894637769142975e+00
4.873017085609486543e+01 -6.076506620431964656e+00
5.159665149468868606e+01 -6.059172869719011700e+00
5.446313213328249958e+01 -6.041891748752705738e+00
5.732961277187630600e+01 -6.024661767045305538e+00
6.019609341047014084e+01 -6.007481567845248449e+00
6.306257404906394726e+01 -5.990349916587501156e+00
6.592905468765775368e+01 -5.973265690349537138e+00
6.879553532625158141e+01 -5.956227868223387567e+00
7.166201596484538072e+01 -5.939235522522375632e+00
7.452849660343922267e+01 -5.922287810748382952e+00
7.739497724203302198e+01 -5.905383968252445825e+00
8.026145788062683550e+01 -5.888523301527246900e+00
8.312793851922064903e+01 -5.871705182075870333e+00
8.599441915781447676e+01 -5.854929040806005958e+00
8.886089979640829029e+01 -5.838194362903429635e+00
9.172738043500210381e+01 -5.821500683142810217e+00
9.459386107359590312e+01 -5.804847581597508466e+00
9.746034171218973086e+01 -5.788234679713550435e+00
1.003268223507835444e+02 -5.771661636716030053e+00
1.031933029893773721e+02 -5.755128146319203886e+00
1.060597836279711714e+02 -5.738633933713699342e+00
1.089262642665649992e+02 -5.722178752807109525e+00
1.117927449051587985e+02 -5.705762383695986983e+00
1.146592255437526120e+02 -5.689384630349408667e+00
1.175257061823464255e+02 -5.673045318485883115e+00
1.203921868209402817e+02 -5.656744293627139264e+00
1.232586674595340668e+02 -5.640481419313685407e+00
1.261251480981278945e+02 -5.624256575468325359e+00
1.289916287367217080e+02 -5.608069656895169786e+00
1.318581093753155074e+02 -5.591920571902599058e+00
1.347245900139093351e+02 -5.575809241039856978e+00
1.375910706525031628e+02 -5.559735595937545405e+00
1.404575512910969621e+02 -5.543699578243518111e+00
1.433240319296907614e+02 -5.527701138646039070e+00
1.461905125682846176e+02 -5.511740235977050872e+00
1.490569932068784453e+02 -5.495816836388911497e+00
1.519234738454722162e+02 -5.479930912598437232e+00
1.547899544840660440e+02 -5.464082443192815219e+00
1.576564351226598717e+02 -5.448271411992260838e+00
1.605229157612536710e+02 -5.432497807464756079e+00
1.633893963998474703e+02 -5.416761622188693615e+00
1.662558770384412981e+02 -5.401062852359476807e+00
1.691223576770351258e+02 -5.385401497336569143e+00
1.719888383156289535e+02 -5.369777559227674857e+00
1.748553189542227528e+02 -5.354191042507121523e+00
1.777217995928165806e+02 -5.338641953665727691e+00
1.805882802314103799e+02 -5.323130300889547861e+00
1.834547608700042076e+02 -5.307656093765318772e+00
1.863212415085980069e+02 -5.292219343010423849e+00
1.891877221471918062e+02 -5.276820060225452913e+00
1.920542027857856340e+02 -5.261458257667607441e+00
1.949206834243794617e+02 -5.246133948043320672e+00
1.977871640629732894e+02 -5.230847144318505393e+00
2.006536447015670888e+02 -5.215597859545244575e+00
2.035201253401609165e+02 -5.200386106703432709e+00
2.063866059787547442e+02 -5.185211898556370436e+00
2.092530866173485435e+02 -5.170075247519196893e+00
2.121195672559423429e+02 -5.154976165539116195e+00
2.149860478945361706e+02 -5.139914663986604459e+00
2.178525285331299983e+02 -5.124890753556691436e+00
2.207190091717238261e+02 -5.109904444179579563e+00
2.235854898103175969e+02 -5.094955744939893449e+00
2.264519704489114531e+02 -5.080044664003887434e+00
2.293184510875052240e+02 -5.065171208554004600e+00
2.321849317260990802e+02 -5.050335384730253452e+00
2.350514123646928510e+02 -5.035537197577887980e+00
2.379178930032867072e+02 -5.020776651000878665e+00
2.407843736418805634e+02 -5.006053747720779157e+00
2.436508542804743058e+02 -4.991368489240537443e+00
2.465173349190681336e+02 -4.976720875812943312e+00
2.493838155576619329e+02 -4.962110906413292000e+00
2.522502961962557890e+02 -4.947538578715966473e+00
2.551167768348495883e+02 -4.933003889074695003e+00
2.579832574734434161e+02 -4.918506832506080784e+00
2.608497381120372438e+02 -4.904047402676331657e+00
2.637162187506310147e+02 -4.889625591890718326e+00
2.665826993892248424e+02 -4.875241391085844533e+00
2.694491800278186702e+02 -4.860894789824150131e+00
2.723156606664124979e+02 -4.846585776290839753e+00
2.751821413050063256e+02 -4.832314337292760165e+00
2.780486219436001534e+02 -4.818080458259256460e+00
2.809151025821939243e+02 -4.803884123244730908e+00
2.837815832207877520e+02 -4.789725314932860023e+00
2.866480638593815229e+02 -4.775604014642283346e+00
2.895145444979753506e+02 -4.761520202333614726e+00
2.923810251365692352e+02 -4.747473856617766330e+00
2.952475057751630061e+02 -4.733464954765363331e+00
2.981139864137568907e+02 -4.719493472717218197e+00
3.009804670523506047e+02 -4.705559385095789970e+00
3.038469476909444325e+02 -4.691662665217434913e+00
3.067134283295382602e+02 -4.677803285105555986e+00
3.095799089681320879e+02 -4.663981215504358069e+00
3.124463896067259157e+02 -4.650196425893316388e+00
3.153128702453197434e+02 -4.636448884502216927e+00
3.181793508839135711e+02 -4.622738558326703107e+00
3.210458315225073420e+02 -4.609065413144294965e+00
3.239123121611011697e+02 -4.595429413530866647e+00
3.267787927996949406e+02 -4.581830522877403666e+00
3.296452734382888252e+02 -4.568268703407178499e+00
3.325117540768825961e+02 -4.554743916193151776e+00
3.353782347154764238e+02 -4.541256121175608840e+00
3.382447153540702516e+02 -4.527805277180080523e+00
3.411111959926640225e+02 -4.514391341935305668e+00
3.439776766312579070e+02 -4.501014272091486745e+00
3.468441572698516779e+02 -4.487674023238525933e+00
3.497106379084455057e+02 -4.474370549924421958e+00
3.525771185470393334e+02 -4.461103805673732658e+00
3.554435991856331611e+02 -4.447873743006010017e+00
3.583100798242269889e+02 -4.434680313454316014e+00
3.611765604628207598e+02 -4.421523467583698519e+00
3.640430411014145307e+02 -4.408403155009666285e+00
3.669095217400084152e+02 -4.395319324416603557e+00
3.697760023786022430e+02 -4.382271923576123385e+00
3.726424830171960139e+02 -4.369260899365391637e+00
3.755089636557898984e+02 -4.356286197785305347e+00
3.783754442943836125e+02 -4.343347763978613330e+00
3.812419249329774971e+02 -4.330445542247900015e+00
3.841084055715712680e+02 -4.317579476073533762e+00
3.869748862101650957e+02 -4.304749508131321178e+00
3.898413668487589234e+02 -4.291955580310163221e+00
3.927078474873527512e+02 -4.279197633729537209e+00
3.955743281259465789e+02 -4.266475608756784332e+00
3.984408087645403498e+02 -4.253789445024251492e+00
4.013072894031341775e+02 -4.241139081446260839e+00
4.041737700417280053e+02 -4.228524456235953188e+00
4.070402506803218330e+02 -4.215945506921879193e+00
4.099067313189156039e+02 -4.203402170364435975e+00
4.127732119575094885e+02 -4.190894382772152760e+00
4.156396925961032593e+02 -4.178422079717730497e+00
4.185061732346970871e+02 -4.165985196153910053e+00
4.213726538732909148e+02 -4.153583666429165433e+00
4.242391345118846857e+02 -4.141217424303140326e+00
4.271056151504785703e+02 -4.128886402961942537e+00
4.299720957890723412e+02 -4.116590535033205711e+00
4.328385764276661689e+02 -4.104329752600945014e+00
4.357050570662599966e+02 -4.092103987220236938e+00
4.385715377048537675e+02 -4.079913169931614014e+00
4.414380183434476521e+02 -4.067757231275356489e+00
4.443044989820413662e+02 -4.055636101305509555e+00
4.471709796206351939e+02 -4.043549709603695419e+00
4.500374602592290785e+02 -4.031497985292744168e+00
4.529039408978229062e+02 -4.019480857050096390e+00
4.557704215364166771e+02 -4.007498253121011267e+00
4.586369021750104480e+02 -3.995550101331533099e+00
4.615033828136042757e+02 -3.983636329101327700e+00
4.643698634521981603e+02 -3.971756863456222142e+00
4.672363440907919880e+02 -3.959911631040601954e+00
4.701028247293857021e+02 -3.948100558129580495e+00
4.729693053679795867e+02 -3.936323570640979153e+00
4.758357860065734144e+02 -3.924580594147089041e+00
4.787022666451672421e+02 -3.912871553886257292e+00
4.815687472837611267e+02 -3.901196374774250408e+00
4.844352279223548408e+02 -3.889554981415439983e+00
4.873017085609486116e+02 -3.877947298113792574e+00
4.901681891995424394e+02 -3.866373248883650859e+00
4.930346698381362671e+02 -3.854832757460350479e+00
4.959011504767300380e+02 -3.843325747310616602e+00
4.987676311153238657e+02 -3.831852141642800635e+00
5.016341117539177503e+02 -3.820411863416926845e+00
5.045005923925115781e+02 -3.809004835354536045e+00
5.073670730311054058e+02 -3.797630979948371621e+00
5.102335536696991767e+02 -3.786290219471881713e+00
5.131000343082930613e+02 -3.774982475988532205e+00
5.159665149468868321e+02 -3.763707671360958518e+00
5.188329955854807167e+02 -3.752465727259944650e+00
5.216994762240744876e+02 -3.741256565173217918e+00
5.245659568626681448e+02 -3.730080106414100261e+00
5.274324375012620294e+02 -3.718936272129965470e+00
5.302989181398559140e+02 -3.707824983310551215e+00
5.331653987784496849e+02 -3.696746160796112068e+00
5.360318794170434558e+02 -3.685699725285394468e+00
5.388983600556373403e+02 -3.674685597343476218e+00
5.417648406942311112e+02 -3.663703697409437687e+00
5.446313213328249958e+02 -3.652753945803891789e+00
5.474978019714187667e+02 -3.641836262736340313e+00
5.503642826100126513e+02 -3.630950568312416138e+00
5.532307632486064222e+02 -3.620096782540953573e+00
5.560972438872003067e+02 -3.609274825340931692e+00
5.589637245257941913e+02 -3.598484616548253801e+00
5.618302051643878485e+02 -3.587726075922413216e+00
5.646966858029816194e+02 -3.576999123153016935e+00
5.675631664415755040e+02 -3.566303677866156985e+00
5.704296470801692749e+02 -3.555639659630662308e+00
5.732961277187630458e+02 -3.545006987964223644e+00
5.761626083573569304e+02 -3.534405582339386953e+00
5.790290889959507012e+02 -3.523835362189409626e+00
5.818955696345445858e+02 -3.513296246914005660e+00
5.847620502731384704e+02 -3.502788155884965615e+00
5.876285309117322413e+02 -3.492311008451658871e+00
5.904950115503260122e+02 -3.481864723946408446e+00
5.933614921889198968e+02 -3.471449221689739240e+00
5.962279728275137813e+02 -3.461064420995569435e+00
5.990944534661074385e+02 -3.450710241176205617e+00
6.019609341047012094e+02 -3.440386601547290368e+00
6.048274147432950940e+02 -3.430093421432620193e+00
6.076938953818888649e+02 -3.419830620168855528e+00
6.105603760204827495e+02 -3.409598117110121507e+00
6.134268566590765204e+02 -3.399395831632530562e+00
6.162933372976702913e+02 -3.389223683138566479e+00
6.191598179362641758e+02 -3.379081591061404044e+00
6.220262985748580604e+02 -3.368969474869107472e+00
6.248927792134518313e+02 -3.358887254068743999e+00
6.277592598520456022e+02 -3.348834848210398007e+00
6.306257404906394868e+02 -3.338812176891112760e+00
6.334922211292332577e+02 -3.328819159758710899e+00
6.363587017678271422e+02 -3.318855716515524801e+00
6.392251824064209131e+02 -3.308921766922103824e+00
6.420916630450146840e+02 -3.299017230800735501e+00
6.449581436836084549e+02 -3.289142028038960941e+00
6.478246243222023395e+02 -3.279296078592982777e+00
6.506911049607961104e+02 -3.269479302490981176e+00
6.535575855993898813e+02 -3.259691619836361465e+00
6.564240662379837659e+02 -3.249932950810933807e+00
6.592905468765776504e+02 -3.240203215677983639e+00
6.621570275151714213e+02 -3.230502334785314122e+00
6.650235081537651922e+02 -3.220830228568167808e+00
6.678899887923590768e+02 -3.211186817552110107e+00
6.707564694309528477e+02 -3.201572022355823499e+00
6.736229500695467323e+02 -3.191985763693839573e+00
6.764894307081405032e+02 -3.182427962379211106e+00
6.793559113467342740e+02 -3.172898539326088674e+00
6.822223919853280449e+02 -3.163397415552264391e+00
6.850888726239219295e+02 -3.153924512181640605e+00
6.879553532625158141e+02 -3.144479750446626198e+00
6.908218339011094713e+02 -3.135063051690474722e+00
6.936883145397033559e+02 -3.125674337369578115e+00
6.965547951782972405e+02 -3.116313529055675602e+00
6.994212758168910113e+02 -3.106980548438027512e+00
7.022877564554847822e+02 -3.097675317325503830e+00
7.051542370940786668e+02 -3.088397757648661202e+00
7.080207177326724377e+02 -3.079147791461724459e+00
7.108871983712663223e+02 -3.069925340944513970e+00
7.137536790098602069e+02 -3.060730328404364986e+00
7.166201596484539778e+02 -3.051562676277947528e+00
7.194866402870476350e+02 -3.042422307133047621e+00
7.223531209256415195e+02 -3.033309143670324115e+00
7.252196015642354041e+02 -3.024223108724987341e+00
7.280860822028290613e+02 -3.015164125268434248e+00
7.309525628414229459e+02 -3.006132116409856447e+00
7.338190434800168305e+02 -2.997127005397782984e+00
7.366855241186106014e+02 -2.988148715621584017e+00
7.395520047572044859e+02 -2.979197170612943424e+00
7.424184853957982568e+02 -2.970272294047254569e+00
7.452849660343920277e+02 -2.961374009745018743e+00
7.481514466729859123e+02 -2.952502241673166772e+00
7.510179273115797969e+02 -2.943656913946369524e+00
7.538844079501735678e+02 -2.934837950828268038e+00
7.567508885887672250e+02 -2.926045276732706757e+00
7.596173692273611096e+02 -2.917278816224922355e+00
7.624838498659549941e+02 -2.908538494022652632e+00
7.653503305045487650e+02 -2.899824234997288031e+00
7.682168111431425359e+02 -2.891135964174895268e+00
7.710832917817364205e+02 -2.882473606737276484e+00
7.739497724203301914e+02 -2.873837088022979547e+00
7.768162530589240760e+02 -2.865226333528246183e+00
7.796827336975178468e+02 -2.856641268907952558e+00
7.825492143361116177e+02 -2.848081819976524098e+00
7.854156949747055023e+02 -2.839547912708785038e+00
7.882821756132993869e+02 -2.831039473240819060e+00
7.911486562518931578e+02 -2.822556427870783313e+00
7.940151368904869287e+02 -2.814098703059671358e+00
7.968816175290806996e+02 -2.805666225432077443e+00
7.997480981676745841e+02 -2.797258921776931029e+00
8.026145788062683550e+02 -2.788876719048172692e+00
8.054810594448621259e+02 -2.780519544365448681e+00
8.083475400834560105e+02 -2.772187325014745962e+00
8.112140207220497814e+02 -2.763879988448999292e+00
8.140805013606436660e+02 -2.755597462288705390e+00
8.169469819992375506e+02 -2.747339674322471392e+00
8.198134626378312078e+02 -2.739106552507592607e+00
8.226799432764250923e+02 -2.730898024970528581e+00
8.255464239150189769e+02 -2.722714020007442670e+00
8.284129045536127478e+02 -2.714554466084653672e+00
8.312793851922065187e+02 -2.706419291839095020e+00
8.341458658308002896e+02 -2.698308426078749100e+00
8.370123464693941742e+02 -2.690221797783074464e+00
8.398788271079879451e+02 -2.682159336103355329e+00
8.427453077465818296e+02 -2.674120970363107030e+00
8.456117883851756005e+02 -2.666106630058424631e+00
8.484782690237693714e+02 -2.658116244858300892e+00
8.513447496623632560e+02 -2.650149744604938462e+00
8.542112303009571406e+02 -2.642207059314052753e+00
8.570777109395507978e+02 -2.634288119175153486e+00
8.599441915781446824e+02 -2.626392854551775180e+00
8.628106722167385669e+02 -2.618521195981762695e+00
8.656771528553323378e+02 -2.610673074177445319e+00
8.685436334939261087e+02 -2.602848420025885900e+00
8.714101141325199933e+02 -2.595047164589052269e+00
8.742765947711137642e+02 -2.587269239103998864e+00
8.771430754097075351e+02 -2.579514574983022612e+00
8.800095560483014197e+02 -2.571783103813819249e+00
8.828760366868953042e+02 -2.564074757359597001e+00
8.857425173254890751e+02 -2.556389467559218254e+00
8.886089979640827323e+02 -2.548727166527275489e+00
8.914754786026766169e+02 -2.541087786554196093e+00
8.943419592412703878e+02 -2.533471260106322287e+00
8.972084398798642724e+02 -2.525877519825957762e+00
9.000749205184581569e+02 -2.518306498531427629e+00
9.029414011570519278e+02 -2.510758129217121937e+00
9.058078817956458124e+02 -2.503232345053501451e+00
9.086743624342396970e+02 -2.495729079387139837e+00
9.115408430728333542e+02 -2.488248265740698795e+00
9.144073237114270114e+02 -2.480789837812926724e+00
9.172738043500208960e+02 -2.473353729478644958e+00
9.201402849886147806e+02 -2.465939874788726893e+00
9.230067656272085515e+02 -2.458548207970013166e+00
9.258732462658024360e+02 -2.451178663425316095e+00
9.287397269043963206e+02 -2.443831175733310879e+00
9.316062075429900915e+02 -2.436505679648498734e+00
9.344726881815839761e+02 -2.429202110101090994e+00
9.373391688201778607e+02 -2.421920402196966027e+00
9.402056494587714042e+02 -2.414660491217509808e+00
9.430721300973652887e+02 -2.407422312619564408e+00
9.459386107359591733e+02 -2.400205802035265457e+00
9.488050913745529442e+02 -2.393010895271959537e+00
9.516715720131468288e+02 -2.385837528312023892e+00
9.545380526517407134e+02 -2.378685637312759837e+00
9.574045332903344843e+02 -2.371555158606226232e+00
9.602710139289283688e+02 -2.364446028699102698e+00
9.631374945675222534e+02 -2.357358184272487112e+00
9.660039752061159106e+02 -2.350291562181766380e+00
9.688704558447096815e+02 -2.343246099456398834e+00
9.717369364833033387e+02 -2.336221733299764569e+00
9.746034171218972233e+02 -2.329218401088946067e+00
9.774698977604909942e+02 -2.322236040374545674e+00
9.803363783990848788e+02 -2.315274588880456452e+00
9.832028590376787633e+02 -2.308333984503688985e+00
9.860693396762725342e+02 -2.301414165314124904e+00
9.889358203148664188e+02 -2.294515069554288189e+00
9.918023009534600760e+02 -2.287636635639153315e+00
9.946687815920539606e+02 -2.280778802155860596e+00
9.975352622306477315e+02 -2.273941507863521228e+00
1.000401742869241616e+03 -2.267124691692936622e+00
1.003268223507835501e+03 -2.260328292746382139e+00
1.006134704146429272e+03 -2.253552250297306880e+00
1.009001184785023156e+03 -2.246796503790126298e+00
1.011867665423617041e+03 -2.240060992839915777e+00
1.014734146062210812e+03 -2.233345657232152170e+00
1.017600626700804469e+03 -2.226650436922459786e+00
1.020467107339398353e+03 -2.219975272036295078e+00
1.023333587977992124e+03 -2.213320102868700623e+00
1.026200068616586123e+03 -2.206684869883991595e+00
1.029066549255179780e+03 -2.200069513715491532e+00
1.031933029893773664e+03 -2.193473975165199708e+00
1.034799510532367549e+03 -2.186898195203522910e+00
1.037665991170961433e+03 -2.180342114968981893e+00
1.040532471809555318e+03 -2.173805675767867207e+00
1.043398952448148975e+03 -2.167288819073969641e+00
1.046265433086742632e+03 -2.160791486528244043e+00
1.049131913725336290e+03 -2.154313619938502899e+00
1.051998394363930174e+03 -2.147855161279090819e+00
1.054864875002524059e+03 -2.141416052690584326e+00
1.057731355641117943e+03 -2.134996236479438370e+00
1.060597836279711828e+03 -2.128595655117675012e+00
1.063464316918305713e+03 -2.122214251242550365e+00
1.066330797556899370e+03 -2.115851967656232180e+00
1.069197278195493027e+03 -2.109508747325442801e+00
1.072063758834086912e+03 -2.103184533381139865e+00
1.074930239472680796e+03 -2.096879269118161915e+00
1.077796720111274681e+03 -2.090592897994909105e+00
1.080663200749868565e+03 -2.084325363632972827e+00
1.083529681388462222e+03 -2.078076609816799536e+00
1.086396162027056107e+03 -2.071846580493345247e+00
1.089262642665649992e+03 -2.065635219771719377e+00
1.092129123304243876e+03 -2.059442471922833029e+00
1.094995603942837533e+03 -2.053268281379044602e+00
1.097862084581431418e+03 -2.047112592733805414e+00
1.100728565220025303e+03 -2.040975350741300876e+00
1.103595045858618960e+03 -2.034856500316078343e+00
1.106461526497212844e+03 -2.028755986532707389e+00
1.109328007135806729e+03 -2.022673754625399667e+00
1.112194487774400613e+03 -2.016609749987654521e+00
1.115060968412994498e+03 -2.010563918171877518e+00
1.117927449051588383e+03 -2.004536204889032280e+00
1.120793929690181812e+03 -1.998526556008266564e+00
1.123660410328775697e+03 -1.992534917556530338e+00
1.126526890967369354e+03 -1.986561235718213636e+00
1.129393371605963239e+03 -1.980605456834777289e+00
1.132259852244557123e+03 -1.974667527404370793e+00
1.135126332883151008e+03 -1.968747394081469926e+00
1.137992813521744893e+03 -1.962845003676486622e+00
1.140859294160338550e+03 -1.956960303155405256e+00
1.143725774798932434e+03 -1.951093239639392074e+00
1.146592255437526092e+03 -1.945243760404436140e+00
1.149458736076119976e+03 -1.939411812880946329e+00
1.152325216714713861e+03 -1.933597344653396499e+00
1.155191697353307745e+03 -1.927800303459920039e+00
1.158058177991901402e+03 -1.922020637191953263e+00
1.160924658630495287e+03 -1.916258293893833509e+00
1.163791139269089172e+03 -1.910513221762432545e+00
1.166657619907683056e+03 -1.904785369146755336e+00
1.169524100546276941e+03 -1.899074684547579439e+00
1.172390581184870598e+03 -1.893381116617048443e+00
1.175257061823464483e+03 -1.887704614158305372e+00
1.178123542462058140e+03 -1.882045126125098111e+00
1.180990023100652024e+03 -1.876402601621395938e+00
1.183856503739245909e+03 -1.870776989901010934e+00
1.186722984377839794e+03 -1.865168240367196528e+00
1.189589465016433678e+03 -1.859576302572280904e+00
1.192455945655027563e+03 -1.854001126217264650e+00
1.195322426293621220e+03 -1.848442661151443955e+00
1.198188906932214877e+03 -1.842900857372020029e+00
1.201055387570808762e+03 -1.837375665023714078e+00
1.203921868209402419e+03 -1.831867034398379168e+00
1.206788348847996303e+03 -1.826374915934613874e+00
1.209654829486590188e+03 -1.820899260217371918e+00
1.212521310125184073e+03 -1.815440017977584031e+00
1.215387790763777730e+03 -1.809997140091759382e+00
1.218254271402371614e+03 -1.804570577581607882e+00
1.221120752040965499e+03 -1.799160281613648493e+00
1.223987232679559156e+03 -1.793766203498821765e+00
1.226853713318153041e+03 -1.788388294692108360e+00
1.229720193956746925e+03 -1.783026506792134036e+00
1.232586674595340583e+03 -1.777680791540790395e+00
1.235453155233934467e+03 -1.772351100822846970e+00
1.238319635872528352e+03 -1.767037386665555321e+00
1.241186116511122236e+03 -1.761739601238286657e+00
1.244052597149716121e+03 -1.756457696852114836e+00
1.246919077788310005e+03 -1.751191625959458431e+00
1.249785558426903663e+03 -1.745941341153673276e+00
1.252652039065497320e+03 -1.740706795168688759e+00
1.255518519704091204e+03 -1.735487940878604363e+00
1.258385000342685089e+03 -1.730284731297315526e+00
1.261251480981278974e+03 -1.725097119578126836e+00
1.264117961619872858e+03 -1.719925059013372337e+00
1.266984442258466515e+03 -1.714768503034022062e+00
1.269850922897060400e+03 -1.709627405209311002e+00
1.272717403535654284e+03 -1.704501719246350078e+00
1.275583884174247942e+03 -1.699391398989742674e+00
1.278450364812841826e+03 -1.694296398421206717e+00
1.281316845451435483e+03 -1.689216671659190760e+00
1.284183326090029368e+03 -1.684152172958498506e+00
1.287049806728623025e+03 -1.679102856709900671e+00
1.289916287367216910e+03 -1.674068677439760844e+00
1.292782768005810794e+03 -1.669049589809654011e+00
1.295649248644404679e+03 -1.664045548615988190e+00
1.298515729282998564e+03 -1.659056508789623408e+00
1.301382209921592221e+03 -1.654082425395500877e+00
1.304248690560186105e+03 -1.649123253632257535e+00
1.307115171198779763e+03 -1.644178948831857223e+00
1.309981651837373647e+03 -1.639249466459209437e+00
1.312848132475967532e+03 -1.634334762111794292e+00
1.315714613114561416e+03 -1.629434791519287717e+00
1.318581093753155301e+03 -1.624549510543189079e+00
1.321447574391749185e+03 -1.619678875176450372e+00
1.324314055030342843e+03 -1.614822841543092302e+00
1.327180535668936500e+03 -1.609981365897844574e+00
1.330047016307530384e+03 -1.605154404625765308e+00
1.332913496946124269e+03 -1.600341914241874663e+00
1.335779977584718154e+03 -1.595543851390782031e+00
1.338646458223312038e+03 -1.590760172846315657e+00
1.341512938861905695e+03 -1.585990835511160713e+00
1.344379419500499580e+03 -1.581235796416476713e+00
1.347245900139093465e+03 -1.576495012721546241e+00
1.350112380777687349e+03 -1.571768441713391695e+00
1.352978861416281006e+03 -1.567056040806426687e+00
1.355845342054874891e+03 -1.562357767542071008e+00
1.358711822693468548e+03 -1.557673579588403134e+00
1.361578303332062205e+03 -1.553003434739783417e+00
1.364444783970656090e+03 -1.548347290916497254e+00
1.367311264609249974e+03 -1.543705106164394047e+00
1.370177745247843859e+03 -1.539076838654518609e+00
1.373044225886437744e+03 -1.534462446682750336e+00
1.375910706525031628e+03 -1.529861888669454384e+00
1.378777187163625285e+03 -1.525275123159106183e+00
1.381643667802218943e+03 -1.520702108819940612e+00
1.384510148440812827e+03 -1.516142804443596281e+00
1.387376629079406712e+03 -1.511597168944749159e+00
1.390243109718000596e+03 -1.507065161360767958e+00
1.393109590356594481e+03 -1.502546740851347762e+00
1.395976070995188365e+03 -1.498041866698159863e+00
1.398842551633782023e+03 -1.493550498304496710e+00
1.401709032272375907e+03 -1.489072595194917970e+00
1.404575512910969564e+03 -1.484608117014897921e+00
1.407441993549563449e+03 -1.480157023530476623e+00
1.410308474188157334e+03 -1.475719274627901534e+00
1.413174954826751218e+03 -1.471294830313285118e+00
1.416041435465344875e+03 -1.466883650712254683e+00
1.418907916103938760e+03 -1.462485696069594221e+00
1.421774396742532645e+03 -1.458100926748912229e+00
1.424640877381126529e+03 -1.453729303232274228e+00
1.427507358019720414e+03 -1.449370786119882348e+00
1.430373838658314071e+03 -1.445025336129703852e+00
1.433240319296907956e+03 -1.440692914097147836e+00
1.436106799935501385e+03 -1.436373480974707295e+00
1.438973280574095270e+03 -1.432066997831622057e+00
1.441839761212689154e+03 -1.427773425853539502e+00
1.444706241851283039e+03 -1.423492726342165282e+00
1.447572722489876924e+03 -1.419224860714932923e+00
1.450439203128470808e+03 -1.414969790504653435e+00
1.453305683767064465e+03 -1.410727477359188242e+00
1.456172164405658123e+03 -1.406497883041099684e+00
1.459038645044252007e+03 -1.402280969427324164e+00
1.461905125682845892e+03 -1.398076698508828652e+00
1.464771606321439776e+03 -1.393885032390280720e+00
1.467638086960033661e+03 -1.389705933289710149e+00
1.470504567598627546e+03 -1.385539363538178526e+00
1.473371048237221203e+03 -1.381385285579442179e+00
1.476237528875815087e+03 -1.377243661969626443e+00
1.479104009514408972e+03 -1.373114455376889920e+00
1.481970490153002629e+03 -1.368997628581093640e+00
1.484836970791596514e+03 -1.364893144473474873e+00
1.487703451430190398e+03 -1.360800966056318284e+00
1.490569932068784055e+03 -1.356721056442625972e+00
1.493436412707377940e+03 -1.352653378855793287e+00
1.496302893345971825e+03 -1.348597896629283976e+00
1.499169373984565709e+03 -1.344554573206294679e+00
1.502035854623159594e+03 -1.340523372139450720e+00
1.504902335261753478e+03 -1.336504257090460390e+00
1.507768815900347136e+03 -1.332497191829809191e+00
1.510635296538940793e+03 -1.328502140236430984e+00
1.513501777177534450e+03 -1.324519066297387582e+00
1.516368257816128335e+03 -1.320547934107547894e+00
1.519234738454722219e+03 -1.316588707869274177e+00
1.522101219093316104e+03 -1.312641351892095409e+00
1.524967699731909988e+03 -1.308705830592399533e+00
1.527834180370503645e+03 -1.304782108493109716e+00
1.530700661009097530e+03 -1.300870150223370825e+00
1.533567141647691187e+03 -1.296969920518238117e+00
1.536433622286285072e+03 -1.293081384218351948e+00
1.539300102924878956e+03 -1.289204506269640005e+00
1.542166583563472841e+03 -1.285339251722996234e+00
1.545033064202066726e+03 -1.281485585733969312e+00
1.547899544840660383e+03 -1.277643473562457554e+00
1.550766025479254267e+03 -1.273812880572393169e+00
1.553632506117848152e+03 -1.269993772231432949e+00
1.556498986756442036e+03 -1.266186114110658734e+00
1.559365467395035694e+03 -1.262389871884262105e+00
1.562231948033629578e+03 -1.258605011329238632e+00
1.565098428672223235e+03 -1.254831498325087447e+00
1.567964909310817120e+03 -1.251069298853502820e+00
1.570831389949411005e+03 -1.247318378998073296e+00
1.573697870588004889e+03 -1.243578704943972379e+00
1.576564351226598774e+03 -1.239850242977666106e+00
1.579430831865192658e+03 -1.236132959486601735e+00
1.582297312503786316e+03 -1.232426820958915314e+00
1.585163793142379973e+03 -1.228731793983131926e+00
1.588030273780973857e+03 -1.225047845247855927e+00
1.590896754419567515e+03 -1.221374941541490289e+00
1.593763235058161399e+03 -1.217713049751926846e+00
1.596629715696755284e+03 -1.214062136866252306e+00
1.599496196335349168e+03 -1.210422169970458484e+00
1.602362676973942825e+03 -1.206793116249142317e+00
1.605229157612536710e+03 -1.203174942985212548e+00
1.608095638251130595e+03 -1.199567617559600619e+00
1.610962118889724252e+03 -1.195971107450962911e+00
1.613828599528318136e+03 -1.192385380235398973e+00
1.616695080166912021e+03 -1.188810403586148201e+00
1.619561560805505906e+03 -1.185246145273308516e+00
1.622428041444099563e+03 -1.181692573163551918e+00
1.625294522082693447e+03 -1.178149655219823178e+00
1.628161002721287332e+03 -1.174617359501069380e+00
1.631027483359881217e+03 -1.171095654161936617e+00
1.633893963998475101e+03 -1.167584507452499532e+00
1.636760444637068758e+03 -1.164083887717962673e+00
1.639626925275662416e+03 -1.160593763398395151e+00
1.642493405914256300e+03 -1.157114103028423990e+00
1.645359886552850185e+03 -1.153644875236974565e+00
1.648226367191444069e+03 -1.150186048746974610e+00
1.651092847830037954e+03 -1.146737592375080883e+00
1.653959328468631838e+03 -1.143299475031390733e+00
1.656825809107225496e+03 -1.139871665719180527e+00
1.659692289745819380e+03 -1.136454133534607669e+00
1.662558770384413037e+03 -1.133046847666441925e+00
1.665425251023006922e+03 -1.129649777395796084e+00
1.668291731661600579e+03 -1.126262892095836854e+00
1.671158212300194464e+03 -1.122886161231517965e+00
1.674024692938788348e+03 -1.119519554359305280e+00
1.676891173577382006e+03 -1.116163041126902344e+00
1.679757654215975890e+03 -1.112816591272976829e+00
1.682624134854569775e+03 -1.109480174626892968e+00
1.685490615493163659e+03 -1.106153761108432221e+00
1.688357096131757316e+03 -1.102837320727532600e+00
1.691223576770351201e+03 -1.099530823584018435e+00
1.694090057408944858e+03 -1.096234239867319715e+00
1.696956538047538743e+03 -1.092947539856220729e+00
1.699823018686132627e+03 -1.089670693918582511e+00
1.702689499324726512e+03 -1.086403672511082608e+00
1.705555979963320397e+03 -1.083146446178941291e+00
1.708422460601914281e+03 -1.079898985555664881e+00
1.711288941240507938e+03 -1.076661261362778621e+00
1.714155421879101596e+03 -1.073433244409567333e+00
1.717021902517695480e+03 -1.070214905592803190e+00
1.719888383156289365e+03 -1.067006215896493693e+00
1.722754863794883249e+03 -1.063807146391621217e+00
1.725621344433477134e+03 -1.060617668235873889e+00
1.728487825072071018e+03 -1.057437752673394460e+00
1.731354305710664676e+03 -1.054267371034518952e+00
1.734220786349258560e+03 -1.051106494735518426e+00
1.737087266987852217e+03 -1.047955095278344073e+00
1.739953747626446329e+03 -1.044813144250364090e+00
1.742820228265039987e+03 -1.041680613324119875e+00
1.745686708903633871e+03 -1.038557474257061575e+00
1.748553189542227528e+03 -1.035443698891297171e+00
1.751419670180820958e+03 -1.032339259153339572e+00
1.754286150819415070e+03 -1.029244127053855706e+00
1.757152631458008727e+03 -1.026158274687407612e+00
1.760019112096602839e+03 -1.023081674232209304e+00
1.762885592735196497e+03 -1.020014297949879190e+00
1.765752073373790608e+03 -1.016956118185172064e+00
1.768618554012384038e+03 -1.013907107365757287e+00
1.771485034650978150e+03 -1.010867238001945223e+00
1.774351515289571807e+03 -1.007836482686455870e+00
1.777217995928165465e+03 -1.004814814094169062e+00
1.780084476566759577e+03 -1.001802204981875777e+00
1.782950957205353234e+03 -9.987986281880315564e-01
1.785817437843947118e+03 -9.958040566325164766e-01
1.788683918482540776e+03 -9.928184633163900097e-01
1.791550399121134888e+03 -9.898418213216468864e-01
1.794416879759728545e+03 -9.868741038109752894e-01
1.797283360398322657e+03 -9.839152840275152689e-01
1.800149841036916314e+03 -9.809653352946189342e-01
1.803016321675509971e+03 -9.780242310156085361e-01
1.805882802314103856e+03 -9.750919446735369922e-01
1.808749282952697513e+03 -9.721684498309507427e-01
1.811615763591291625e+03 -9.692537201296503868e-01
1.814482244229885282e+03 -9.663477292904549820e-01
1.817348724868479394e+03 -9.634504511129643456e-01
1.820215205507073051e+03 -9.605618594753206896e-01
1.823081686145666708e+03 -9.576819283339776945e-01
1.825948166784260366e+03 -9.548106317234658080e-01
1.828814647422854023e+03 -9.519479437561521040e-01
1.831681128061448135e+03 -9.490938386220156842e-01
1.834547608700041792e+03 -9.462482905884103124e-01
1.837414089338635904e+03 -9.434112739998310460e-01
1.840280569977229561e+03 -9.405827632776895264e-01
1.843147050615823446e+03 -9.377627329200776130e-01
1.846013531254417103e+03 -9.349511575015410081e-01
1.848880011893011215e+03 -9.321480116728484422e-01
1.851746492531604872e+03 -9.293532701607630786e-01
1.854612973170198529e+03 -9.265669077678175825e-01
1.857479453808792641e+03 -9.237888993720845265e-01
1.860345934447386298e+03 -9.210192199269502389e-01
1.863212415085980183e+03 -9.182578444608913149e-01
1.866078895724573613e+03 -9.155047480772469104e-01
1.868945376363167952e+03 -9.127599059539964754e-01
1.871811857001761382e+03 -9.100232933435359328e-01
1.874678337640355721e+03 -9.072948855724519701e-01
1.877544818278949151e+03 -9.045746580413051019e-01
1.880411298917542808e+03 -9.018625862244015190e-01
1.883277779556136693e+03 -8.991586456695784824e-01
1.886144260194730577e+03 -8.964628119979803911e-01
1.889010740833324462e+03 -8.937750609038377370e-01
1.891877221471918347e+03 -8.910953681542520544e-01
1.894743702110512231e+03 -8.884237095889763181e-01
1.897610182749105888e+03 -8.857600611201945640e-01
1.900476663387699773e+03 -8.831043987323087263e-01
1.903343144026293658e+03 -8.804566984817184805e-01
1.906209624664887087e+03 -8.778169364966099675e-01
1.909076105303481427e+03 -8.751850889767348596e-01
1.911942585942074857e+03 -8.725611321932025266e-01
1.914809066580668969e+03 -8.699450424882608779e-01
1.917675547219262398e+03 -8.673367962750854199e-01
1.920542027857856738e+03 -8.647363700375664264e-01
1.923408508496450168e+03 -8.621437403300967750e-01
1.926274989135044507e+03 -8.595588837773624480e-01
1.929141469773637937e+03 -8.569817770741279261e-01
1.932007950412231821e+03 -8.544123969850305755e-01
1.934874431050825478e+03 -8.518507203443672626e-01
1.937740911689419363e+03 -8.492967240558908504e-01
1.940607392328013248e+03 -8.467503850925937048e-01
1.943473872966606677e+03 -8.442116804965109633e-01
1.946340353605201017e+03 -8.416805873785035974e-01
1.949206834243794447e+03 -8.391570829180567959e-01
1.952073314882388559e+03 -8.366411443630771272e-01
1.954939795520981988e+03 -8.341327490296804870e-01
1.957806276159575873e+03 -8.316318743019933679e-01
1.960672756798169758e+03 -8.291384976319452482e-01
1.963539237436763642e+03 -8.266525965390713049e-01
1.966405718075357527e+03 -8.241741486102999170e-01
1.969272198713951411e+03 -8.217031314997599312e-01
1.972138679352545068e+03 -8.192395229285769354e-01
1.975005159991138953e+03 -8.167833006846676458e-01
1.977871640629732838e+03 -8.143344426225448407e-01
1.980738121268326722e+03 -8.118929266631165209e-01
1.983604601906920152e+03 -8.094587307934875131e-01
1.986471082545514491e+03 -8.070318330667564100e-01
1.989337563184107921e+03 -8.046122116018261661e-01
1.992204043822702033e+03 -8.021998445831983737e-01
1.995070524461295463e+03 -7.997947102607833036e-01
1.997937005099889802e+03 -7.973967869496978444e-01
2.000803485738483232e+03 -7.950060530300757655e-01
2.003669966377077571e+03 -7.926224869468684320e-01
2.006536447015671001e+03 -7.902460672096540684e-01
2.009402927654264658e+03 -7.878767723924403610e-01
2.012269408292858543e+03 -7.855145811334726114e-01
2.015135888931452428e+03 -7.831594721350437771e-01
2.018002369570046312e+03 -7.808114241633004049e-01
2.020868850208639742e+03 -7.784704160480497848e-01
2.023735330847234081e+03 -7.761364266825712122e-01
2.026601811485827511e+03 -7.738094350234250296e-01
2.029468292124421623e+03 -7.714894200902635557e-01
2.032334772763015053e+03 -7.691763609656402378e-01
2.035201253401608938e+03 -7.668702367948232457e-01
2.038067734040202822e+03 -7.645710267856054010e-01
2.040934214678796707e+03 -7.622787102081182153e-01
2.043800695317390591e+03 -7.599932663946461497e-01
2.046667175955984249e+03 -7.577146747394372106e-01
2.049533656594578133e+03 -7.554429146985175425e-01
2.052400137233172245e+03 -7.531779657895091296e-01
2.055266617871765902e+03 -7.509198075914435000e-01
2.058133098510359559e+03 -7.486684197445770961e-01
2.060999579148953217e+03 -7.464237819502071991e-01
2.063866059787547329e+03 -7.441858739704925174e-01
2.066732540426140986e+03 -7.419546756282646705e-01
2.069599021064735098e+03 -7.397301668068516634e-01
2.072465501703328755e+03 -7.375123274498950332e-01
2.075331982341922867e+03 -7.353011375611678835e-01
2.078198462980516069e+03 -7.330965772043966933e-01
2.081064943619110636e+03 -7.308986265030770202e-01
2.083931424257703839e+03 -7.287072656403005277e-01
2.086797904896297950e+03 -7.265224748585722425e-01
2.089664385534891608e+03 -7.243442344596321414e-01
2.092530866173485265e+03 -7.221725248042829559e-01
2.095397346812079377e+03 -7.200073263122052092e-01
2.098263827450672579e+03 -7.178486194617855753e-01
2.101130308089267146e+03 -7.156963847899405762e-01
2.103996788727860348e+03 -7.135506028919399446e-01
2.106863269366454915e+03 -7.114112544212322087e-01
2.109729750005048118e+03 -7.092783200892702755e-01
2.112596230643641775e+03 -7.071517806653379035e-01
2.115462711282235887e+03 -7.050316169763738428e-01
2.118329191920829544e+03 -7.029178099068046359e-01
2.121195672559423656e+03 -7.008103403983650947e-01
2.124062153198017313e+03 -6.987091894499326550e-01
2.126928633836611425e+03 -6.966143381173511839e-01
2.129795114475205082e+03 -6.945257675132652242e-01
2.132661595113798739e+03 -6.924434588069441343e-01
2.135528075752392851e+03 -6.903673932241171096e-01
2.138394556390986054e+03 -6.882975520468010977e-01
2.141261037029580621e+03 -6.862339166131321555e-01
2.144127517668173823e+03 -6.841764683172006922e-01
2.146993998306767935e+03 -6.821251886088771643e-01
2.149860478945361592e+03 -6.800800589936517593e-01
2.152726959583955704e+03 -6.780410610324630882e-01
2.155593440222549361e+03 -6.760081763415330958e-01
2.158459920861143473e+03 -6.739813865922021918e-01
2.161326401499737131e+03 -6.719606735107646056e-01
2.164192882138330788e+03 -6.699460188782982994e-01
2.167059362776924445e+03 -6.679374045305099816e-01
2.169925843415518557e+03 -6.659348123575631329e-01
2.172792324054112214e+03 -6.639382243039180231e-01
2.175658804692705871e+03 -6.619476223681697302e-01
2.178525285331299983e+03 -6.599629886028840486e-01
2.181391765969893640e+03 -6.579843051144376176e-01
2.184258246608487752e+03 -6.560115540628523867e-01
2.187124727247080955e+03 -6.540447176616410729e-01
2.189991207885675067e+03 -6.520837781776421815e-01
2.192857688524268724e+03 -6.501287179308610220e-01
2.195724169162862836e+03 -6.481795192943113904e-01
2.198590649801456493e+03 -6.462361646938552528e-01
2.201457130440050605e+03 -6.442986366080487581e-01
2.204323611078644262e+03 -6.423669175679721510e-01
2.207190091717237920e+03 -6.404409901570901065e-01
2.210056572355832031e+03 -6.385208370110783127e-01
2.212923052994425689e+03 -6.366064408176792533e-01
2.215789533633019346e+03 -6.346977843165357847e-01
2.218656014271613458e+03 -6.327948502990433655e-01
2.221522494910207115e+03 -6.308976216081921828e-01
2.224388975548801227e+03 -6.290060811384092787e-01
2.227255456187394429e+03 -6.271202118354121113e-01
2.230121936825988996e+03 -6.252399966960461297e-01
2.232988417464582199e+03 -6.233654187681361147e-01
2.235854898103176765e+03 -6.214964611503329683e-01
2.238721378741769968e+03 -6.196331069919617240e-01
2.241587859380363625e+03 -6.177753394928681141e-01
2.244454340018957737e+03 -6.159231419032670241e-01
2.247320820657551394e+03 -6.140764975235920575e-01
2.250187301296145506e+03 -6.122353897043494309e-01
2.253053781934738709e+03 -6.103998018459569908e-01
2.255920262573333275e+03 -6.085697173986049924e-01
2.258786743211926478e+03 -6.067451198621033326e-01
2.261653223850520590e+03 -6.049259927857304486e-01
2.264519704489114247e+03 -6.031123197680903214e-01
2.267386185127707904e+03 -6.013040844569567112e-01
2.270252665766302016e+03 -5.995012705491332694e-01
2.273119146404895673e+03 -5.977038617903042139e-01
2.275985627043489785e+03 -5.959118419748851148e-01
2.278852107682083442e+03 -5.941251949458812298e-01
2.281718588320677100e+03 -5.923439045947356263e-01
2.284585068959271211e+03 -5.905679548611924012e-01
2.287451549597864869e+03 -5.887973297331435818e-01
2.290318030236458981e+03 -5.870320132464909024e-01
2.293184510875052183e+03 -5.852719894849971460e-01
2.296050991513646295e+03 -5.835172425801468110e-01
2.298917472152239952e+03 -5.817677567110000059e-01
2.301783952790834064e+03 -5.800235161040507847e-01
2.304650433429427721e+03 -5.782845050330864822e-01
2.307516914068021833e+03 -5.765507078190424961e-01
2.310383394706615491e+03 -5.748221088298642867e-01
2.313249875345209603e+03 -5.730986924803641580e-01
2.316116355983802805e+03 -5.713804432320823690e-01
2.318982836622396917e+03 -5.696673455931474672e-01
2.321849317260990574e+03 -5.679593841181312941e-01
2.324715797899584686e+03 -5.662565434079185334e-01
2.327582278538178343e+03 -5.645588081095606059e-01
2.330448759176772001e+03 -5.628661629161415547e-01
2.333315239815366112e+03 -5.611785925666360475e-01
2.336181720453959315e+03 -5.594960818457759277e-01
2.339048201092553882e+03 -5.578186155839097715e-01
2.341914681731147084e+03 -5.561461786568704380e-01
2.344781162369741196e+03 -5.544787559858319614e-01
2.347647643008334853e+03 -5.528163325371798775e-01
2.350514123646928965e+03 -5.511588933223722231e-01
2.353380604285522622e+03 -5.495064233978048662e-01
2.356247084924116280e+03 -5.478589078646796118e-01
2.359113565562710392e+03 -5.462163318688655345e-01
2.361980046201304049e+03 -5.445786806007678615e-01
2.364846526839898161e+03 -5.429459392951923036e-01
2.367713007478491818e+03 -5.413180932312162685e-01
2.370579488117085475e+03 -5.396951277320496398e-01
2.373445968755679587e+03 -5.380770281649069897e-01
2.376312449394272790e+03 -5.364637799408787933e-01
2.379178930032867356e+03 -5.348553685147884318e-01
2.382045410671460559e+03 -5.332517793850749532e-01
2.384911891310055125e+03 -5.316529980936500754e-01
2.387778371948648328e+03 -5.300590102257775049e-01
2.390644852587242440e+03 -5.284698014099378227e-01
2.393511333225836097e+03 -5.268853573177002536e-01
2.396377813864429754e+03 -5.253056636635919929e-01
2.399244294503023866e+03 -5.237307062049721962e-01
2.402110775141617523e+03 -5.221604707419004177e-01
2.404977255780211635e+03 -5.205949431170111552e-01
2.407843736418804838e+03 -5.190341092153858416e-01
2.410710217057398950e+03 -5.174779549644243914e-01
2.413576697695992607e+03 -5.159264663337183032e-01
2.416443178334586719e+03 -5.143796293349252036e-01
2.419309658973180376e+03 -5.128374300216425041e-01
2.422176139611774033e+03 -5.112998544892809472e-01
2.425042620250368145e+03 -5.097668888749410376e-01
2.427909100888961802e+03 -5.082385193572845905e-01
2.430775581527555460e+03 -5.067147321564128282e-01
2.433642062166149572e+03 -5.051955135337439229e-01
2.436508542804743229e+03 -5.036808497918845440e-01
2.439375023443337341e+03 -5.021707272745088435e-01
2.442241504081930998e+03 -5.006651323662345554e-01
2.445107984720524655e+03 -4.991640514925030359e-01
2.447974465359118312e+03 -4.976674711194519762e-01
2.450840945997712424e+03 -4.961753777537970533e-01
2.453707426636306081e+03 -4.946877579427099159e-01
2.456573907274900193e+03 -4.932045982736948386e-01
2.459440387913493851e+03 -4.917258853744703728e-01
2.462306868552087963e+03 -4.902516059128471104e-01
2.465173349190681165e+03 -4.887817465966077246e-01
2.468039829829275732e+03 -4.873162941733870657e-01
2.470906310467868934e+03 -4.858552354305538667e-01
2.473772791106463046e+03 -4.843985571950902846e-01
2.476639271745056703e+03 -4.829462463334722178e-01
2.479505752383650815e+03 -4.814982897515552307e-01
2.482372233022244473e+03 -4.800546743944498207e-01
2.485238713660837675e+03 -4.786153872464105064e-01
2.488105194299432242e+03 -4.771804153307129259e-01
2.490971674938025444e+03 -4.757497457095415938e-01
2.493838155576620011e+03 -4.743233654838678315e-01
2.496704636215213213e+03 -4.729012617933401885e-01
2.499571116853807325e+03 -4.714834218161616519e-01
2.502437597492400982e+03 -4.700698327689791234e-01
2.505304078130994640e+03 -4.686604819067655137e-01
2.508170558769588752e+03 -4.672553565227054451e-01
2.511037039408182409e+03 -4.658544439480817867e-01
2.513903520046776521e+03 -4.644577315521590255e-01
2.516770000685370178e+03 -4.630652067420724105e-01
2.519636481323963835e+03 -4.616768569627120455e-01
2.522502961962557947e+03 -4.602926696966095910e-01
2.525369442601151150e+03 -4.589126324638280185e-01
2.528235923239745716e+03 -4.575367328218457041e-01
2.531102403878338919e+03 -4.561649583654478479e-01
2.533968884516933031e+03 -4.547972967266103450e-01
2.536835365155526688e+03 -4.534337355743925380e-01
2.539701845794120800e+03 -4.520742626148234189e-01
2.542568326432714457e+03 -4.507188655907912733e-01
2.545434807071308569e+03 -4.493675322819332685e-01
2.548301287709902226e+03 -4.480202505045264294e-01
2.551167768348495883e+03 -4.466770081113748403e-01
2.554034248987089541e+03 -4.453377929917041733e-01
2.556900729625683653e+03 -4.440025930710485569e-01
2.559767210264277310e+03 -4.426713963111447714e-01
2.562633690902870967e+03 -4.413441907098222816e-01
2.565500171541465079e+03 -4.400209643008936578e-01
2.568366652180058736e+03 -4.387017051540503254e-01
2.571233132818652848e+03 -4.373864013747512103e-01
2.574099613457246051e+03 -4.360750411041183772e-01
2.576966094095840162e+03 -4.347676125188285057e-01
2.579832574734433820e+03 -4.334641038310060868e-01
2.582699055373027932e+03 -4.321645032881182846e-01
2.585565536011621589e+03 -4.308687991728687439e-01
2.588432016650215701e+03 -4.295769798030911191e-01
2.591298497288809358e+03 -4.282890335316439923e-01
2.594164977927403015e+03 -4.270049487463069560e-01
2.597031458565997127e+03 -4.257247138696741984e-01
2.599897939204590784e+03 -4.244483173590520297e-01
2.602764419843184442e+03 -4.231757477063526340e-01
2.605630900481778554e+03 -4.219069934379925946e-01
2.608497381120372211e+03 -4.206420431147870898e-01
2.611363861758966323e+03 -4.193808853318490848e-01
2.614230342397559525e+03 -4.181235087184846932e-01
2.617096823036154092e+03 -4.168699019380920356e-01
2.619963303674747294e+03 -4.156200536880577112e-01
2.622829784313341861e+03 -4.143739526996554345e-01
2.625696264951935063e+03 -4.131315877379452273e-01
2.628562745590528721e+03 -4.118929476016711111e-01
2.631429226229122833e+03 -4.106580211231603550e-01
2.634295706867716490e+03 -4.094267971682227225e-01
2.637162187506310602e+03 -4.081992646360503851e-01
2.640028668144903804e+03 -4.069754124591185018e-01
2.642895148783498371e+03 -4.057552296030827454e-01
2.645761629422091573e+03 -4.045387050666835460e-01
2.648628110060685685e+03 -4.033258278816435616e-01
2.651494590699279343e+03 -4.021165871125720326e-01
2.654361071337873000e+03 -4.009109718568624747e-01
2.657227551976467112e+03 -3.997089712445972554e-01
2.660094032615060769e+03 -3.985105744384488946e-01
2.662960513253654881e+03 -3.973157706335815886e-01
2.665826993892248538e+03 -3.961245490575550643e-01
2.668693474530842195e+03 -3.949368989702250476e-01
2.671559955169436307e+03 -3.937528096636508934e-01
2.674426435808029964e+03 -3.925722704619933889e-01
2.677292916446624076e+03 -3.913952707214227722e-01
2.680159397085217279e+03 -3.902217998300214763e-01
2.683025877723811391e+03 -3.890518472076875955e-01
2.685892358362405048e+03 -3.878854023060409606e-01
2.688758839000999160e+03 -3.867224546083269376e-01
2.691625319639592817e+03 -3.855629936293210602e-01
2.694491800278186929e+03 -3.844070089152373249e-01
2.697358280916780586e+03 -3.832544900436303803e-01
2.700224761555374698e+03 -3.821054266233043784e-01
2.703091242193967901e+03 -3.809598082942168285e-01
2.705957722832562013e+03 -3.798176247273873929e-01
2.708824203471155670e+03 -3.786788656248034068e-01
2.711690684109749782e+03 -3.775435207193278964e-01
2.714557164748343439e+03 -3.764115797746055980e-01
2.717423645386937096e+03 -3.752830325849727533e-01
2.720290126025531208e+03 -3.741578689753634612e-01
2.723156606664124411e+03 -3.730360788012184736e-01
2.726023087302718977e+03 -3.719176519483931576e-01
2.728889567941312180e+03 -3.708025783330681224e-01
2.731756048579906292e+03 -3.696908479016556837e-01
2.734622529218499949e+03 -3.685824506307112114e-01
2.737489009857094061e+03 -3.674773765268427028e-01
2.740355490495687718e+03 -3.663756156266183006e-01
2.743221971134281375e+03 -3.652771579964804172e-01
2.746088451772875487e+03 -3.641819937326526424e-01
2.748954932411469144e+03 -3.630901129610523692e-01
2.751821413050063256e+03 -3.620015058372002548e-01
2.754687893688656914e+03 -3.609161625461333456e-01
2.757554374327250571e+03 -3.598340733023162041e-01
2.760420854965844683e+03 -3.587552283495508143e-01
2.763287335604437885e+03 -3.576796179608904280e-01
2.766153816243032452e+03 -3.566072324385515246e-01
2.769020296881625654e+03 -3.555380621138263808e-01
2.771886777520220221e+03 -3.544720973469951408e-01
2.774753258158813424e+03 -3.534093285272401630e-01
2.777619738797407535e+03 -3.523497460725587560e-01
2.780486219436001193e+03 -3.512933404296758044e-01
2.783352700074594850e+03 -3.502401020739597803e-01
2.786219180713188962e+03 -3.491900215093340920e-01
2.789085661351782619e+03 -3.481430892681952605e-01
2.791952141990376731e+03 -3.470992959113232690e-01
2.794818622628969933e+03 -3.460586320277993511e-01
2.797685103267564045e+03 -3.450210882349206698e-01
2.800551583906157703e+03 -3.439866551781145532e-01
2.803418064544751815e+03 -3.429553235308558379e-01
2.806284545183345472e+03 -3.419270839945813267e-01
2.809151025821939129e+03 -3.409019272986066329e-01
2.812017506460533241e+03 -3.398798442000420250e-01
2.814883987099126898e+03 -3.388608254837108813e-01
2.817750467737720555e+03 -3.378448619620640914e-01
2.820616948376314667e+03 -3.368319444750988434e-01
2.823483429014908324e+03 -3.358220638902754684e-01
2.826349909653502436e+03 -3.348152111024353395e-01
2.829216390292096094e+03 -3.338113770337187702e-01
2.832082870930689751e+03 -3.328105526334830255e-01
2.834949351569283408e+03 -3.318127288782202200e-01
2.837815832207877520e+03 -3.308178967714775487e-01
2.840682312846471177e+03 -3.298260473437742424e-01
2.843548793485065289e+03 -3.288371716525221311e-01
2.846415274123658946e+03 -3.278512607819442093e-01
2.849281754762253058e+03 -3.268683058429944777e-01
2.852148235400846261e+03 -3.258882979732782292e-01
2.855014716039440827e+03 -3.249112283369709475e-01
2.857881196678034030e+03 -3.239370881247408129e-01
2.860747677316628142e+03 -3.229658685536663798e-01
2.863614157955221799e+03 -3.219975608671596934e-01
