0.000000000000000000e+00 -8.202068091448947484e+01
2.866480638593815744e+00 -8.180548367431622125e+01
5.732961277187631488e+00 -8.159099761067399470e+01
8.599441915781447676e+00 -8.137613099419380092e+01
1.146592255437526298e+01 -8.116093291286408373e+01
1.433240319296907650e+01 -8.094544791018475394e+01
1.719888383156289535e+01 -8.072971654045912260e+01
2.006536447015670888e+01 -8.051377625590714615e+01
2.293184510875052595e+01 -8.029766202602141334e+01
2.579832574734434303e+01 -8.008140676503954580e+01
2.866480638593815300e+01 -7.986504162558313169e+01
3.153128702453197363e+01 -7.964859620045720590e+01
3.439776766312579070e+01 -7.943209866263129015e+01
3.726424830171961133e+01 -7.921557586458369826e+01
4.013072894031341775e+01 -7.899905341169129258e+01
4.299720957890723838e+01 -7.878255571969410198e+01
4.586369021750105190e+01 -7.856610606287654264e+01
4.873017085609486543e+01 -7.834972661723986675e+01
5.159665149468868606e+01 -7.813343850129655266e+01
5.446313213328249958e+01 -7.791726181599824486e+01
5.732961277187630600e+01 -7.770121568454251815e+01
6.019609341047014084e+01 -7.748531829235851376e+01
6.306257404906394726e+01 -7.726958692724366529e+01
6.592905468765775368e+01 -7.705403801950268416e+01
6.879553532625158141e+01 -7.683868718181756208e+01
7.166201596484538072e+01 -7.662354924860171934e+01
7.452849660343922267e+01 -7.640863831456393029e+01
7.739497724203302198e+01 -7.619396777224957873e+01
8.026145788062683550e+01 -7.597955034839125688e+01
8.312793851922064903e+01 -7.576539813889513653e+01
8.599441915781447676e+01 -7.555152264237342763e+01
8.886089979640829029e+01 -7.533793479214224931e+01
9.172738043500210381e+01 -7.512464498665845269e+01
9.459386107359590312e+01 -7.491166311837909575e+01
9.746034171218973086e+01 -7.469899860104921174e+01
1.003268223507835444e+02 -7.448666039546705520e+01
1.031933029893773721e+02 -7.427465703375503381e+01
1.060597836279711714e+02 -7.406299664219666568e+01
1.089262642665649992e+02 -7.385168696270169164e+01
1.117927449051587985e+02 -7.364073537296236793e+01
1.146592255437526120e+02 -7.343014890537368444e+01
1.175257061823464255e+02 -7.321993426478265121e+01
1.203921868209402817e+02 -7.301009784513736633e+01
1.232586674595340668e+02 -7.280064574510090836e+01
1.261251480981278945e+02 -7.259158378270316803e+01
1.289916287367217080e+02 -7.238291750908057054e+01
1.318581093753155074e+02 -7.217465222137641945e+01
1.347245900139093351e+02 -7.196679297484767801e+01
1.375910706525031628e+02 -7.175934459424109946e+01
1.404575512910969621e+02 -7.155231168448378298e+01
1.433240319296907614e+02 -7.134569864072982170e+01
1.461905125682846176e+02 -7.113950965782309765e+01
1.490569932068784453e+02 -7.093374873920157597e+01
1.519234738454722162e+02 -7.072841970528783406e+01
1.547899544840660440e+02 -7.052352620139666328e+01
1.576564351226598717e+02 -7.031907170520608474e+01
1.605229157612536710e+02 -7.011505953380171263e+01
1.633893963998474703e+02 -6.991149285034288141e+01
1.662558770384412981e+02 -6.970837467035553914e+01
1.691223576770351258e+02 -6.950570786770548182e+01
1.719888383156289535e+02 -6.930349518023813005e+01
1.748553189542227528e+02 -6.910173921513668915e+01
1.777217995928165806e+02 -6.890044245400143552e+01
1.805882802314103799e+02 -6.869960725767563758e+01
1.834547608700042076e+02 -6.849923587082145104e+01
1.863212415085980069e+02 -6.829933042628408657e+01
1.891877221471918062e+02 -6.809989294923619241e+01
1.920542027857856340e+02 -6.790092536112538824e+01
1.949206834243794617e+02 -6.770242948343958744e+01
1.977871640629732894e+02 -6.750440704129651692e+01
2.006536447015670888e+02 -6.730685966686887411e+01
2.035201253401609165e+02 -6.710978890265319308e+01
2.063866059787547442e+02 -6.691319620459984208e+01
2.092530866173485435e+02 -6.671708294509939208e+01
2.121195672559423429e+02 -6.652145041584832086e+01
2.149860478945361706e+02 -6.632629983058410517e+01
2.178525285331299983e+02 -6.613163232771371725e+01
2.207190091717238261e+02 -6.593744897282773820e+01
2.235854898103175969e+02 -6.574375076111526539e+01
2.264519704489114531e+02 -6.555053861968347917e+01
2.293184510875052240e+02 -6.535781340978148535e+01
2.321849317260990802e+02 -6.516557592893784090e+01
2.350514123646928510e+02 -6.497382691301916680e+01
2.379178930032867072e+02 -6.478256703820539997e+01
2.407843736418805634e+02 -6.459179692289454522e+01
2.436508542804743058e+02 -6.440151712953617391e+01
2.465173349190681336e+02 -6.421172816639655423e+01
2.493838155576619329e+02 -6.402243048925743096e+01
2.522502961962557890e+02 -6.383362450305860847e+01
2.551167768348495883e+02 -6.364531056348348415e+01
2.579832574734434161e+02 -6.345748897847956727e+01
2.608497381120372438e+02 -6.327016000973681997e+01
2.637162187506310147e+02 -6.308332387410933961e+01
2.665826993892248424e+02 -6.289698074499149527e+01
2.694491800278186702e+02 -6.271113075364519318e+01
2.723156606664124979e+02 -6.252577399048752937e+01
2.751821413050063256e+02 -6.234091050632947173e+01
2.780486219436001534e+02 -6.215654031358045017e+01
2.809151025821939243e+02 -6.197266338741012959e+01
2.837815832207877520e+02 -6.178927966687357554e+01
2.866480638593815229e+02 -6.160638905600166026e+01
2.895145444979753506e+02 -6.142399142485717078e+01
2.923810251365692352e+02 -6.124208661055634906e+01
2.952475057751630061e+02 -6.106067441825830855e+01
2.981139864137568907e+02 -6.087975462212787647e+01
3.009804670523506047e+02 -6.069932696626479185e+01
3.038469476909444325e+02 -6.051939116560618714e+01
3.067134283295382602e+02 -6.033994690680241035e+01
3.095799089681320879e+02 -6.016099384906482328e+01
3.124463896067259157e+02 -5.998253162499133850e+01
3.153128702453197434e+02 -5.980455984136455783e+01
3.181793508839135711e+02 -5.962707807992865128e+01
3.210458315225073420e+02 -5.945008589814062105e+01
3.239123121611011697e+02 -5.927358282990329030e+01
3.267787927996949406e+02 -5.909756838627499320e+01
3.296452734382888252e+02 -5.892204205615961854e+01
3.325117540768825961e+02 -5.874700330697488226e+01
3.353782347154764238e+02 -5.857245158530495388e+01
3.382447153540702516e+02 -5.839838631753242026e+01
3.411111959926640225e+02 -5.822480691045131351e+01
3.439776766312579070e+02 -5.805171275186625479e+01
3.468441572698516779e+02 -5.787910321117215773e+01
3.497106379084455057e+02 -5.770697763991961438e+01
3.525771185470393334e+02 -5.753533537235902884e+01
3.554435991856331611e+02 -5.736417572598180925e+01
3.583100798242269889e+02 -5.719349800203080036e+01
3.611765604628207598e+02 -5.702330148601169668e+01
3.640430411014145307e+02 -5.685358544817931659e+01
3.669095217400084152e+02 -5.668434914401572655e+01
3.697760023786022430e+02 -5.651559181469596638e+01
3.726424830171960139e+02 -5.634731268753898092e+01
3.755089636557898984e+02 -5.617951097644559866e+01
3.783754442943836125e+02 -5.601218588232881501e+01
3.812419249329774971e+02 -5.584533659352731405e+01
3.841084055715712680e+02 -5.567896228621167154e+01
3.869748862101650957e+02 -5.551306212477872037e+01
3.898413668487589234e+02 -5.534763526223431285e+01
3.927078474873527512e+02 -5.518268084056716560e+01
3.955743281259465789e+02 -5.501819799111197540e+01
3.984408087645403498e+02 -5.485418583490235989e+01
4.013072894031341775e+02 -5.469064348301732537e+01
4.041737700417280053e+02 -5.452757003691448290e+01
4.070402506803218330e+02 -5.436496458875776483e+01
4.099067313189156039e+02 -5.420282622173375842e+01
4.127732119575094885e+02 -5.404115401036342092e+01
4.156396925961032593e+02 -5.387994702080067100e+01
4.185061732346970871e+02 -5.371920431112917527e+01
4.213726538732909148e+02 -5.355892493164429169e+01
4.242391345118846857e+02 -5.339910792513397553e+01
4.271056151504785703e+02 -5.323975232714906980e+01
4.299720957890723412e+02 -5.308085716626648320e+01
4.328385764276661689e+02 -5.292242146434827532e+01
4.357050570662599966e+02 -5.276444423678954365e+01
4.385715377048537675e+02 -5.260692449276369587e+01
4.414380183434476521e+02 -5.244986123545936607e+01
4.443044989820413662e+02 -5.229325346231275518e+01
4.471709796206351939e+02 -5.213710016523158686e+01
4.500374602592290785e+02 -5.198140033081578082e+01
4.529039408978229062e+02 -5.182615294057077904e+01
4.557704215364166771e+02 -5.167135697111508819e+01
4.586369021750104480e+02 -5.151701139438516464e+01
4.615033828136042757e+02 -5.136311517783069291e+01
4.643698634521981603e+02 -5.120966728460909678e+01
4.672363440907919880e+02 -5.105666667377182222e+01
4.701028247293857021e+02 -5.090411230044735902e+01
4.729693053679795867e+02 -5.075200311602039704e+01
4.758357860065734144e+02 -5.060033806830302439e+01
4.787022666451672421e+02 -5.044911610170545657e+01
4.815687472837611267e+02 -5.029833615740022879e+01
4.844352279223548408e+02 -5.014799717348172692e+01
4.873017085609486116e+02 -4.999809808512375042e+01
4.901681891995424394e+02 -4.984863782472987026e+01
4.930346698381362671e+02 -4.969961532208373001e+01
4.959011504767300380e+02 -4.955102950449182231e+01
4.987676311153238657e+02 -4.940287929692452451e+01
5.016341117539177503e+02 -4.925516362215348920e+01
5.045005923925115781e+02 -4.910788140088543940e+01
5.073670730311054058e+02 -4.896103155189079104e+01
5.102335536696991767e+02 -4.881461299213215455e+01
5.131000343082930613e+02 -4.866862463688628537e+01
5.159665149468868321e+02 -4.852306539986431488e+01
5.188329955854807167e+02 -4.837793419333092970e+01
5.216994762240744876e+02 -4.823322992821494637e+01
5.245659568626681448e+02 -4.808895151422355241e+01
5.274324375012620294e+02 -4.794509785994824114e+01
5.302989181398559140e+02 -4.780166787297218889e+01
5.331653987784496849e+02 -4.765866045997081102e+01
5.360318794170434558e+02 -4.751607452681287924e+01
5.388983600556373403e+02 -4.737390897865820705e+01
5.417648406942311112e+02 -4.723216272005186056e+01
5.446313213328249958e+02 -4.709083465501646515e+01
5.474978019714187667e+02 -4.694992368714139275e+01
5.503642826100126513e+02 -4.680942871967234709e+01
5.532307632486064222e+02 -4.666934865559503720e+01
5.560972438872003067e+02 -4.652968239771806225e+01
5.589637245257941913e+02 -4.639042884875423312e+01
5.618302051643878485e+02 -4.625158691139952083e+01
5.646966858029816194e+02 -4.611315548840930489e+01
5.675631664415755040e+02 -4.597513348267206368e+01
5.704296470801692749e+02 -4.583751979728440773e+01
5.732961277187630458e+02 -4.570031333561817632e+01
5.761626083573569304e+02 -4.556351300139278493e+01
5.790290889959507012e+02 -4.542711769874002670e+01
5.818955696345445858e+02 -4.529112633226886686e+01
5.847620502731384704e+02 -4.515553780713076293e+01
5.876285309117322413e+02 -4.502035102907977659e+01
5.904950115503260122e+02 -4.488556490453289882e+01
5.933614921889198968e+02 -4.475117834062859856e+01
5.962279728275137813e+02 -4.461719024528375854e+01
5.990944534661074385e+02 -4.448359952724893418e+01
6.019609341047012094e+02 -4.435040509616123927e+01
6.048274147432950940e+02 -4.421760586259792092e+01
6.076938953818888649e+02 -4.408520073812633200e+01
6.105603760204827495e+02 -4.395318863535331388e+01
6.134268566590765204e+02 -4.382156846797460048e+01
6.162933372976702913e+02 -4.369033915081928399e+01
6.191598179362641758e+02 -4.355949959989712283e+01
6.220262985748580604e+02 -4.342904873244184216e+01
6.248927792134518313e+02 -4.329898546695481798e+01
6.277592598520456022e+02 -4.316930872324581969e+01
6.306257404906394868e+02 -4.304001742247346129e+01
6.334922211292332577e+02 -4.291111048718645549e+01
6.363587017678271422e+02 -4.278258684135898449e+01
6.392251824064209131e+02 -4.265444541043103754e+01
6.420916630450146840e+02 -4.252668512134133039e+01
6.449581436836084549e+02 -4.239930490256466555e+01
6.478246243222023395e+02 -4.227230368414547712e+01
6.506911049607961104e+02 -4.214568039773004671e+01
6.535575855993898813e+02 -4.201943397659925239e+01
6.564240662379837659e+02 -4.189356335570025180e+01
6.592905468765776504e+02 -4.176806747167442069e+01
6.621570275151714213e+02 -4.164294526288993836e+01
6.650235081537651922e+02 -4.151819566946755913e+01
6.678899887923590768e+02 -4.139381763330889186e+01
6.707564694309528477e+02 -4.126981009812418932e+01
6.736229500695467323e+02 -4.114617200945625086e+01
6.764894307081405032e+02 -4.102290231470783510e+01
6.793559113467342740e+02 -4.089999996316348074e+01
6.822223919853280449e+02 -4.077746390601559057e+01
6.850888726239219295e+02 -4.065529309638550615e+01
6.879553532625158141e+02 -4.053348648934608178e+01
6.908218339011094713e+02 -4.041204304194277341e+01
6.936883145397033559e+02 -4.029096171321559439e+01
6.965547951782972405e+02 -4.017024146421765352e+01
6.994212758168910113e+02 -4.004988125803512133e+01
7.022877564554847822e+02 -3.992988005980573973e+01
7.051542370940786668e+02 -3.981023683673795688e+01
7.080207177326724377e+02 -3.969095055812645256e+01
7.108871983712663223e+02 -3.957202019537164972e+01
7.137536790098602069e+02 -3.945344472199263208e+01
7.166201596484539778e+02 -3.933522311364608726e+01
7.194866402870476350e+02 -3.921735434814052468e+01
7.223531209256415195e+02 -3.909983740544987540e+01
7.252196015642354041e+02 -3.898267126772811508e+01
7.280860822028290613e+02 -3.886585491932430614e+01
7.309525628414229459e+02 -3.874938734679336960e+01
7.338190434800168305e+02 -3.863326753891031018e+01
7.366855241186106014e+02 -3.851749448668181230e+01
7.395520047572044859e+02 -3.840206718335905833e+01
7.424184853957982568e+02 -3.828698462444641848e+01
7.452849660343920277e+02 -3.817224580771439690e+01
7.481514466729859123e+02 -3.805784973320894693e+01
7.510179273115797969e+02 -3.794379540326240630e+01
7.538844079501735678e+02 -3.783008182250186024e+01
7.567508885887672250e+02 -3.771670799785912465e+01
7.596173692273611096e+02 -3.760367293857837012e+01
7.624838498659549941e+02 -3.749097565622581385e+01
7.653503305045487650e+02 -3.737861516469673973e+01
7.682168111431425359e+02 -3.726659048022336407e+01
7.710832917817364205e+02 -3.715490062138248817e+01
7.739497724203301914e+02 -3.704354460910138869e+01
7.768162530589240760e+02 -3.693252146666429070e+01
7.796827336975178468e+02 -3.682183021972091552e+01
7.825492143361116177e+02 -3.671146989628983448e+01
7.854156949747055023e+02 -3.660143952676489931e+01
7.882821756132993869e+02 -3.649173814392043624e+01
7.911486562518931578e+02 -3.638236478291644715e+01
7.940151368904869287e+02 -3.627331848130361180e+01
7.968816175290806996e+02 -3.616459827902622948e+01
7.997480981676745841e+02 -3.605620321842884124e+01
8.026145788062683550e+02 -3.594813234425691917e+01
8.054810594448621259e+02 -3.584038470366308360e+01
8.083475400834560105e+02 -3.573295934620990977e+01
8.112140207220497814e+02 -3.562585532387193865e+01
8.140805013606436660e+02 -3.551907169103881756e+01
8.169469819992375506e+02 -3.541260750451911576e+01
8.198134626378312078e+02 -3.530646182354155371e+01
8.226799432764250923e+02 -3.520063370975731232e+01
8.255464239150189769e+02 -3.509512222724165298e+01
8.284129045536127478e+02 -3.498992644249690898e+01
8.312793851922065187e+02 -3.488504542445234335e+01
8.341458658308002896e+02 -3.478047824446701242e+01
8.370123464693941742e+02 -3.467622397632827358e+01
8.398788271079879451e+02 -3.457228169625659575e+01
8.427453077465818296e+02 -3.446865048290342060e+01
8.456117883851756005e+02 -3.436532941735124780e+01
8.484782690237693714e+02 -3.426231758311674724e+01
8.513447496623632560e+02 -3.415961406614764684e+01
8.542112303009571406e+02 -3.405721795482575232e+01
8.570777109395507978e+02 -3.395512833996468061e+01
8.599441915781446824e+02 -3.385334431480949746e+01
8.628106722167385669e+02 -3.375186497503896277e+01
8.656771528553323378e+02 -3.365068941876111808e+01
8.685436334939261087e+02 -3.354981674651429557e+01
8.714101141325199933e+02 -3.344924606126752309e+01
8.742765947711137642e+02 -3.334897646841575636e+01
8.771430754097075351e+02 -3.324900707578336778e+01
8.800095560483014197e+02 -3.314933699361853314e+01
8.828760366868953042e+02 -3.304996533459433294e+01
8.857425173254890751e+02 -3.295089121380642894e+01
8.886089979640827323e+02 -3.285211374877112434e+01
8.914754786026766169e+02 -3.275363205942288403e+01
8.943419592412703878e+02 -3.265544526811433457e+01
8.972084398798642724e+02 -3.255755249961221409e+01
9.000749205184581569e+02 -3.245995288109540411e+01
9.029414011570519278e+02 -3.236264554215455291e+01
9.058078817956458124e+02 -3.226562961478664704e+01
9.086743624342396970e+02 -3.216890423339452809e+01
9.115408430728333542e+02 -3.207246853478430637e+01
9.144073237114270114e+02 -3.197632165816102301e+01
9.172738043500208960e+02 -3.188046274512799627e+01
9.201402849886147806e+02 -3.178489093968210710e+01
9.230067656272085515e+02 -3.168960538821165329e+01
9.258732462658024360e+02 -3.159460523949324440e+01
9.287397269043963206e+02 -3.149988964468859365e+01
9.316062075429900915e+02 -3.140545775734050693e+01
9.344726881815839761e+02 -3.131130873337106024e+01
9.373391688201778607e+02 -3.121744173107682130e+01
9.402056494587714042e+02 -3.112385591112626315e+01
9.430721300973652887e+02 -3.103055043655533041e+01
9.459386107359591733e+02 -3.093752447276482087e+01
9.488050913745529442e+02 -3.084477718751579189e+01
9.516715720131468288e+02 -3.075230775092638780e+01
9.545380526517407134e+02 -3.066011533546789281e+01
9.574045332903344843e+02 -3.056819911596044648e+01
9.602710139289283688e+02 -3.047655826956959046e+01
9.631374945675222534e+02 -3.038519197580211895e+01
9.660039752061159106e+02 -3.029409941650151339e+01
9.688704558447096815e+02 -3.020327977584510037e+01
9.717369364833033387e+02 -3.011273224033813634e+01
9.746034171218972233e+02 -3.002245599881099380e+01
9.774698977604909942e+02 -2.993245024241396024e+01
9.803363783990848788e+02 -2.984271416461386650e+01
9.832028590376787633e+02 -2.975324696118847712e+01
9.860693396762725342e+02 -2.966404783022300862e+01
9.889358203148664188e+02 -2.957511597210533694e+01
9.918023009534600760e+02 -2.948645058952176612e+01
9.946687815920539606e+02 -2.939805088745174189e+01
9.975352622306477315e+02 -2.930991607316406089e+01
1.000401742869241616e+03 -2.922204535621182231e+01
1.003268223507835501e+03 -2.913443794842786261e+01
1.006134704146429272e+03 -2.904709306391989543e+01
1.009001184785023156e+03 -2.896000991906624833e+01
1.011867665423617041e+03 -2.887318773251032411e+01
1.014734146062210812e+03 -2.878662572515637308e+01
1.017600626700804469e+03 -2.870032312016445530e+01
1.020467107339398353e+03 -2.861427914294575814e+01
1.023333587977992124e+03 -2.852849302115740215e+01
1.026200068616586123e+03 -2.844296398469723997e+01
1.029066549255179780e+03 -2.835769126570032839e+01
1.031933029893773664e+03 -2.827267409853173419e+01
1.034799510532367549e+03 -2.818791171978348586e+01
1.037665991170961433e+03 -2.810340336826863350e+01
1.040532471809555318e+03 -2.801914828501619326e+01
1.043398952448148975e+03 -2.793514571326621976e+01
1.046265433086742632e+03 -2.785139489846458360e+01
1.049131913725336290e+03 -2.776789508825825692e+01
1.051998394363930174e+03 -2.768464553248982796e+01
1.054864875002524059e+03 -2.760164548319208322e+01
1.057731355641117943e+03 -2.751889419458341379e+01
1.060597836279711828e+03 -2.743639092306247562e+01
1.063464316918305713e+03 -2.735413492720255846e+01
1.066330797556899370e+03 -2.727212546774681456e+01
1.069197278195493027e+03 -2.719036180760308596e+01
1.072063758834086912e+03 -2.710884321183797141e+01
1.074930239472680796e+03 -2.702756894767265550e+01
1.077796720111274681e+03 -2.694653828447616561e+01
1.080663200749868565e+03 -2.686575049376202529e+01
1.083529681388462222e+03 -2.678520484918092492e+01
1.086396162027056107e+03 -2.670490062651671792e+01
1.089262642665649992e+03 -2.662483710368100631e+01
1.092129123304243876e+03 -2.654501356070684537e+01
1.094995603942837533e+03 -2.646542927974483561e+01
1.097862084581431418e+03 -2.638608354505672793e+01
1.100728565220025303e+03 -2.630697564301005187e+01
1.103595045858618960e+03 -2.622810486207368896e+01
1.106461526497212844e+03 -2.614947049281153113e+01
1.109328007135806729e+03 -2.607107182787771293e+01
1.112194487774400613e+03 -2.599290816201067500e+01
1.115060968412994498e+03 -2.591497879202841759e+01
1.117927449051588383e+03 -2.583728301682264572e+01
1.120793929690181812e+03 -2.575982013735368525e+01
1.123660410328775697e+03 -2.568258945664505433e+01
1.126526890967369354e+03 -2.560559027977729940e+01
1.129393371605963239e+03 -2.552882191388408373e+01
1.132259852244557123e+03 -2.545228366814541587e+01
1.135126332883151008e+03 -2.537597485378340778e+01
1.137992813521744893e+03 -2.529989478405532566e+01
1.140859294160338550e+03 -2.522404277424990937e+01
1.143725774798932434e+03 -2.514841814168096690e+01
1.146592255437526092e+03 -2.507302020568184275e+01
1.149458736076119976e+03 -2.499784828760092736e+01
1.152325216714713861e+03 -2.492290171079523731e+01
1.155191697353307745e+03 -2.484817980062567599e+01
1.158058177991901402e+03 -2.477368188445132446e+01
1.160924658630495287e+03 -2.469940729162426507e+01
1.163791139269089172e+03 -2.462535535348374793e+01
1.166657619907683056e+03 -2.455152540335140898e+01
1.169524100546276941e+03 -2.447791677652546483e+01
1.172390581184870598e+03 -2.440452881027544763e+01
1.175257061823464483e+03 -2.433136084383689379e+01
1.178123542462058140e+03 -2.425841221840566675e+01
1.180990023100652024e+03 -2.418568227713286944e+01
1.183856503739245909e+03 -2.411317036511958278e+01
1.186722984377839794e+03 -2.404087582941095036e+01
1.189589465016433678e+03 -2.396879801899153151e+01
1.192455945655027563e+03 -2.389693628477938248e+01
1.195322426293621220e+03 -2.382528997962101514e+01
1.198188906932214877e+03 -2.375385845828571973e+01
1.201055387570808762e+03 -2.368264107746073677e+01
1.203921868209402419e+03 -2.361163719574534525e+01
1.206788348847996303e+03 -2.354084617364615895e+01
1.209654829486590188e+03 -2.347026737357116488e+01
1.212521310125184073e+03 -2.339990015982468563e+01
1.215387790763777730e+03 -2.332974389860242326e+01
1.218254271402371614e+03 -2.325979795798520655e+01
1.221120752040965499e+03 -2.319006170793521804e+01
1.223987232679559156e+03 -2.312053452028861145e+01
1.226853713318153041e+03 -2.305121576875259848e+01
1.229720193956746925e+03 -2.298210482889829365e+01
1.232586674595340583e+03 -2.291320107815602469e+01
1.235453155233934467e+03 -2.284450389581076735e+01
1.238319635872528352e+03 -2.277601266299595295e+01
1.241186116511122236e+03 -2.270772676268850532e+01
1.244052597149716121e+03 -2.263964557970393443e+01
1.246919077788310005e+03 -2.257176850069076934e+01
1.249785558426903663e+03 -2.250409491412554175e+01
1.252652039065497320e+03 -2.243662421030738230e+01
1.255518519704091204e+03 -2.236935578135293667e+01
1.258385000342685089e+03 -2.230228902119114309e+01
1.261251480981278974e+03 -2.223542332555808443e+01
1.264117961619872858e+03 -2.216875809199190428e+01
1.266984442258466515e+03 -2.210229271982752763e+01
1.269850922897060400e+03 -2.203602661019147746e+01
1.272717403535654284e+03 -2.196995916599680143e+01
1.275583884174247942e+03 -2.190408979193793115e+01
1.278450364812841826e+03 -2.183841789448569060e+01
1.281316845451435483e+03 -2.177294288188191018e+01
1.284183326090029368e+03 -2.170766416413442812e+01
1.287049806728623025e+03 -2.164258115301217344e+01
1.289916287367216910e+03 -2.157769326203987958e+01
1.292782768005810794e+03 -2.151299990649312477e+01
1.295649248644404679e+03 -2.144850050339320546e+01
1.298515729282998564e+03 -2.138419447150234021e+01
1.301382209921592221e+03 -2.132008123131807054e+01
1.304248690560186105e+03 -2.125616020506865667e+01
1.307115171198779763e+03 -2.119243081670814988e+01
1.309981651837373647e+03 -2.112889249191094621e+01
1.312848132475967532e+03 -2.106554465806748055e+01
1.315714613114561416e+03 -2.100238674427851393e+01
1.318581093753155301e+03 -2.093941818135023070e+01
1.321447574391749185e+03 -2.087663840179012809e+01
1.324314055030342843e+03 -2.081404683980095172e+01
1.327180535668936500e+03 -2.075164293127637549e+01
1.330047016307530384e+03 -2.068942611379620189e+01
1.332913496946124269e+03 -2.062739582662082327e+01
1.335779977584718154e+03 -2.056555151068698706e+01
1.338646458223312038e+03 -2.050389260860239915e+01
1.341512938861905695e+03 -2.044241856464113383e+01
1.344379419500499580e+03 -2.038112882473864573e+01
1.347245900139093465e+03 -2.032002283648708740e+01
1.350112380777687349e+03 -2.025910004912993756e+01
1.352978861416281006e+03 -2.019835991355807536e+01
1.355845342054874891e+03 -2.013780188230398238e+01
1.358711822693468548e+03 -2.007742540953753974e+01
1.361578303332062205e+03 -2.001722995106102232e+01
1.364444783970656090e+03 -1.995721496430429909e+01
1.367311264609249974e+03 -1.989737990832023229e+01
1.370177745247843859e+03 -1.983772424377953669e+01
1.373044225886437744e+03 -1.977824743296657317e+01
1.375910706525031628e+03 -1.971894893977419727e+01
1.378777187163625285e+03 -1.965982822969890265e+01
1.381643667802218943e+03 -1.960088476983649741e+01
1.384510148440812827e+03 -1.954211802887743232e+01
1.387376629079406712e+03 -1.948352747710137223e+01
1.390243109718000596e+03 -1.942511258637359362e+01
1.393109590356594481e+03 -1.936687283013952410e+01
1.395976070995188365e+03 -1.930880768342030862e+01
1.398842551633782023e+03 -1.925091662280817317e+01
1.401709032272375907e+03 -1.919319912646163218e+01
1.404575512910969564e+03 -1.913565467410156273e+01
1.407441993549563449e+03 -1.907828274700550963e+01
1.410308474188157334e+03 -1.902108282800379158e+01
1.413174954826751218e+03 -1.896405440147486132e+01
1.416041435465344875e+03 -1.890719695334064099e+01
1.418907916103938760e+03 -1.885050997106189286e+01
1.421774396742532645e+03 -1.879399294363328821e+01
1.424640877381126529e+03 -1.873764536158011040e+01
1.427507358019720414e+03 -1.868146671695236449e+01
1.430373838658314071e+03 -1.862545650332096514e+01
1.433240319296907956e+03 -1.856961421577303639e+01
1.436106799935501385e+03 -1.851393935090774789e+01
1.438973280574095270e+03 -1.845843140683101424e+01
1.441839761212689154e+03 -1.840308988315207728e+01
1.444706241851283039e+03 -1.834791428097810950e+01
1.447572722489876924e+03 -1.829290410291062940e+01
1.450439203128470808e+03 -1.823805885304057739e+01
1.453305683767064465e+03 -1.818337803694381094e+01
1.456172164405658123e+03 -1.812886116167671346e+01
1.459038645044252007e+03 -1.807450773577247105e+01
1.461905125682845892e+03 -1.802031726923552313e+01
1.464771606321439776e+03 -1.796628927353845029e+01
1.467638086960033661e+03 -1.791242326161665233e+01
1.470504567598627546e+03 -1.785871874786419156e+01
1.473371048237221203e+03 -1.780517524813014774e+01
1.476237528875815087e+03 -1.775179227971304741e+01
1.479104009514408972e+03 -1.769856936135815673e+01
1.481970490153002629e+03 -1.764550601325165147e+01
1.484836970791596514e+03 -1.759260175701695417e+01
1.487703451430190398e+03 -1.753985611571085101e+01
1.490569932068784055e+03 -1.748726861381882003e+01
1.493436412707377940e+03 -1.743483877725049425e+01
1.496302893345971825e+03 -1.738256613333604861e+01
1.499169373984565709e+03 -1.733045021082173420e+01
1.502035854623159594e+03 -1.727849053986501104e+01
1.504902335261753478e+03 -1.722668665203187999e+01
1.507768815900347136e+03 -1.717503808029107759e+01
1.510635296538940793e+03 -1.712354435901081473e+01
1.513501777177534450e+03 -1.707220502395415096e+01
1.516368257816128335e+03 -1.702101961227534588e+01
1.519234738454722219e+03 -1.696998766251541468e+01
1.522101219093316104e+03 -1.691910871459755228e+01
1.524967699731909988e+03 -1.686838230982414544e+01
1.527834180370503645e+03 -1.681780799087155387e+01
1.530700661009097530e+03 -1.676738530178626974e+01
1.533567141647691187e+03 -1.671711378798162784e+01
1.536433622286285072e+03 -1.666699299623245167e+01
1.539300102924878956e+03 -1.661702247467208338e+01
1.542166583563472841e+03 -1.656720177278780781e+01
1.545033064202066726e+03 -1.651753044141675986e+01
1.547899544840660383e+03 -1.646800803274210523e+01
1.550766025479254267e+03 -1.641863410028915737e+01
1.553632506117848152e+03 -1.636940819892082999e+01
1.556498986756442036e+03 -1.632032988483422642e+01
1.559365467395035694e+03 -1.627139871555654693e+01
1.562231948033629578e+03 -1.622261424994056611e+01
1.565098428672223235e+03 -1.617397604816146384e+01
1.567964909310817120e+03 -1.612548367171255848e+01
1.570831389949411005e+03 -1.607713668340083046e+01
1.573697870588004889e+03 -1.602893464734423290e+01
1.576564351226598774e+03 -1.598087712896655965e+01
1.579430831865192658e+03 -1.593296369499401521e+01
1.582297312503786316e+03 -1.588519391345145060e+01
1.585163793142379973e+03 -1.583756735365852109e+01
1.588030273780973857e+03 -1.579008358622546382e+01
1.590896754419567515e+03 -1.574274218304952555e+01
1.593763235058161399e+03 -1.569554271731095341e+01
1.596629715696755284e+03 -1.564848476346933381e+01
1.599496196335349168e+03 -1.560156789725977688e+01
1.602362676973942825e+03 -1.555479169568877573e+01
1.605229157612536710e+03 -1.550815573703064487e+01
1.608095638251130595e+03 -1.546165960082409541e+01
1.610962118889724252e+03 -1.541530286786762183e+01
1.613828599528318136e+03 -1.536908512021648576e+01
1.616695080166912021e+03 -1.532300594117857351e+01
1.619561560805505906e+03 -1.527706491531073496e+01
1.622428041444099563e+03 -1.523126162841517051e+01
1.625294522082693447e+03 -1.518559566753536316e+01
1.628161002721287332e+03 -1.514006662095286693e+01
1.631027483359881217e+03 -1.509467407818323181e+01
1.633893963998475101e+03 -1.504941762997234456e+01
1.636760444637068758e+03 -1.500429686829300024e+01
1.639626925275662416e+03 -1.495931138634081847e+01
1.642493405914256300e+03 -1.491446077853107255e+01
1.645359886552850185e+03 -1.486974464049456657e+01
1.648226367191444069e+03 -1.482516256907438645e+01
1.651092847830037954e+03 -1.478071416232211455e+01
1.653959328468631838e+03 -1.473639901949402820e+01
1.656825809107225496e+03 -1.469221674104791475e+01
1.659692289745819380e+03 -1.464816692863902325e+01
1.662558770384413037e+03 -1.460424918511687764e+01
1.665425251023006922e+03 -1.456046311452136699e+01
1.668291731661600579e+03 -1.451680832207944860e+01
1.671158212300194464e+03 -1.447328441420143363e+01
1.674024692938788348e+03 -1.442989099847744328e+01
1.676891173577382006e+03 -1.438662768367407629e+01
1.679757654215975890e+03 -1.434349407973058810e+01
1.682624134854569775e+03 -1.430048979775560092e+01
1.685490615493163659e+03 -1.425761445002353867e+01
1.688357096131757316e+03 -1.421486764997113106e+01
1.691223576770351201e+03 -1.417224901219388578e+01
1.694090057408944858e+03 -1.412975815244270805e+01
1.696956538047538743e+03 -1.408739468762040659e+01
1.699823018686132627e+03 -1.404515823577827938e+01
1.702689499324726512e+03 -1.400304841611250595e+01
1.705555979963320397e+03 -1.396106484896110445e+01
1.708422460601914281e+03 -1.391920715579981938e+01
1.711288941240507938e+03 -1.387747495923970220e+01
1.714155421879101596e+03 -1.383586788302273085e+01
1.717021902517695480e+03 -1.379438555201895156e+01
1.719888383156289365e+03 -1.375302759222309490e+01
1.722754863794883249e+03 -1.371179363075115809e+01
1.725621344433477134e+03 -1.367068329583680608e+01
1.728487825072071018e+03 -1.362969621682839971e+01
1.731354305710664676e+03 -1.358883202418542702e+01
1.734220786349258560e+03 -1.354809034947519208e+01
1.737087266987852217e+03 -1.350747082536951638e+01
1.739953747626446329e+03 -1.346697308564152173e+01
1.742820228265039987e+03 -1.342659676516222333e+01
1.745686708903633871e+03 -1.338634149989726474e+01
1.748553189542227528e+03 -1.334620692690364052e+01
1.751419670180820958e+03 -1.330619268432641533e+01
1.754286150819415070e+03 -1.326629841139561350e+01
1.757152631458008727e+03 -1.322652374842265566e+01
1.760019112096602839e+03 -1.318686833679738690e+01
1.762885592735196497e+03 -1.314733181898476921e+01
1.765752073373790608e+03 -1.310791383852163783e+01
1.768618554012384038e+03 -1.306861404001360505e+01
1.771485034650978150e+03 -1.302943206913148799e+01
1.774351515289571807e+03 -1.299036757260864405e+01
1.777217995928165465e+03 -1.295142019823746082e+01
1.780084476566759577e+03 -1.291258959486616398e+01
1.782950957205353234e+03 -1.287387541239593425e+01
1.785817437843947118e+03 -1.283527730177728365e+01
1.788683918482540776e+03 -1.279679491500743005e+01
1.791550399121134888e+03 -1.275842790512675684e+01
1.794416879759728545e+03 -1.272017592621596371e+01
1.797283360398322657e+03 -1.268203863339281057e+01
1.800149841036916314e+03 -1.264401568280900179e+01
1.803016321675509971e+03 -1.260610673164712736e+01
1.805882802314103856e+03 -1.256831143811745477e+01
1.808749282952697513e+03 -1.253062946145522893e+01
1.811615763591291625e+03 -1.249306046191708575e+01
1.814482244229885282e+03 -1.245560410077831293e+01
1.817348724868479394e+03 -1.241826004032976094e+01
1.820215205507073051e+03 -1.238102794387473260e+01
1.823081686145666708e+03 -1.234390747572592417e+01
1.825948166784260366e+03 -1.230689830120257966e+01
1.828814647422854023e+03 -1.227000008662725250e+01
1.831681128061448135e+03 -1.223321249932279642e+01
1.834547608700041792e+03 -1.219653520760967780e+01
1.837414089338635904e+03 -1.215996788080264679e+01
1.840280569977229561e+03 -1.212351018920790402e+01
1.843147050615823446e+03 -1.208716180412005059e+01
1.846013531254417103e+03 -1.205092239781933827e+01
1.848880011893011215e+03 -1.201479164356842766e+01
1.851746492531604872e+03 -1.197876921560952468e+01
1.854612973170198529e+03 -1.194285478916168053e+01
1.857479453808792641e+03 -1.190704804041751608e+01
1.860345934447386298e+03 -1.187134864654050581e+01
1.863212415085980183e+03 -1.183575628566214100e+01
1.866078895724573613e+03 -1.180027063687871980e+01
1.868945376363167952e+03 -1.176489138024885506e+01
1.871811857001761382e+03 -1.172961819679019690e+01
1.874678337640355721e+03 -1.169445076847677356e+01
1.877544818278949151e+03 -1.165938877823633923e+01
1.880411298917542808e+03 -1.162443190994698305e+01
1.883277779556136693e+03 -1.158957984843464573e+01
1.886144260194730577e+03 -1.155483227947035907e+01
1.889010740833324462e+03 -1.152018888976699706e+01
1.891877221471918347e+03 -1.148564936697689909e+01
1.894743702110512231e+03 -1.145121339968890339e+01
1.897610182749105888e+03 -1.141688067742535573e+01
1.900476663387699773e+03 -1.138265089063951585e+01
1.903343144026293658e+03 -1.134852373071276688e+01
1.906209624664887087e+03 -1.131449888995169317e+01
1.909076105303481427e+03 -1.128057606158543003e+01
1.911942585942074857e+03 -1.124675493976290674e+01
1.914809066580668969e+03 -1.121303521954995652e+01
1.917675547219262398e+03 -1.117941659692672474e+01
1.920542027857856738e+03 -1.114589876878476282e+01
1.923408508496450168e+03 -1.111248143292453250e+01
1.926274989135044507e+03 -1.107916428805233977e+01
1.929141469773637937e+03 -1.104594703377808251e+01
1.932007950412231821e+03 -1.101282937061202460e+01
1.934874431050825478e+03 -1.097981099996248311e+01
1.937740911689419363e+03 -1.094689162413296657e+01
1.940607392328013248e+03 -1.091407094631953534e+01
1.943473872966606677e+03 -1.088134867060810329e+01
1.946340353605201017e+03 -1.084872450197178395e+01
1.949206834243794447e+03 -1.081619814626834497e+01
1.952073314882388559e+03 -1.078376931023715279e+01
1.954939795520981988e+03 -1.075143770149710676e+01
1.957806276159575873e+03 -1.071920302854369211e+01
1.960672756798169758e+03 -1.068706500074616983e+01
1.963539237436763642e+03 -1.065502332834536325e+01
1.966405718075357527e+03 -1.062307772245068804e+01
1.969272198713951411e+03 -1.059122789503786954e+01
1.972138679352545068e+03 -1.055947355894600825e+01
1.975005159991138953e+03 -1.052781442787535582e+01
1.977871640629732838e+03 -1.049625021638433786e+01
1.980738121268326722e+03 -1.046478063988736196e+01
1.983604601906920152e+03 -1.043340541465193994e+01
1.986471082545514491e+03 -1.040212425779623651e+01
1.989337563184107921e+03 -1.037093688728684704e+01
1.992204043822702033e+03 -1.033984302193547755e+01
1.995070524461295463e+03 -1.030884238139728737e+01
1.997937005099889802e+03 -1.027793468616780537e+01
2.000803485738483232e+03 -1.024711965758054433e+01
2.003669966377077571e+03 -1.021639701780454956e+01
2.006536447015671001e+03 -1.018576648984182142e+01
2.009402927654264658e+03 -1.015522779752488169e+01
2.012269408292858543e+03 -1.012478066551422806e+01
2.015135888931452428e+03 -1.009442481929592006e+01
2.018002369570046312e+03 -1.006415998517897137e+01
2.020868850208639742e+03 -1.003398589029310983e+01
2.023735330847234081e+03 -1.000390226258597437e+01
2.026601811485827511e+03 -9.973908830821097027e+00
2.029468292124421623e+03 -9.944005324575085680e+00
2.032334772763015053e+03 -9.914191474235350299e+00
2.035201253401608938e+03 -9.884467010997687098e+00
2.038067734040202822e+03 -9.854831666863736572e+00
2.040934214678796707e+03 -9.825285174638670682e+00
2.043800695317390591e+03 -9.795827267928897797e+00
2.046667175955984249e+03 -9.766457681139289804e+00
2.049533656594578133e+03 -9.737176149471219233e+00
2.052400137233172245e+03 -9.707982408919901829e+00
2.055266617871765902e+03 -9.678876196271991361e+00
2.058133098510359559e+03 -9.649857249103510171e+00
2.060999579148953217e+03 -9.620925305777133119e+00
2.063866059787547329e+03 -9.592080105439945825e+00
2.066732540426140986e+03 -9.563321388021240210e+00
2.069599021064735098e+03 -9.534648894229937000e+00
2.072465501703328755e+03 -9.506062365552470084e+00
2.075331982341922867e+03 -9.477561544250169945e+00
2.078198462980516069e+03 -9.449146173357306111e+00
2.081064943619110636e+03 -9.420815996678491899e+00
2.083931424257703839e+03 -9.392570758786446206e+00
2.086797904896297950e+03 -9.364410205019751743e+00
2.089664385534891608e+03 -9.336334081480488933e+00
2.092530866173485265e+03 -9.308342135031946185e+00
2.095397346812079377e+03 -9.280434113296371024e+00
2.098263827450672579e+03 -9.252609764652778068e+00
2.101130308089267146e+03 -9.224868838234446144e+00
2.103996788727860348e+03 -9.197211083926877251e+00
2.106863269366454915e+03 -9.169636252365506834e+00
2.109729750005048118e+03 -9.142144094933293275e+00
2.112596230643641775e+03 -9.114734363758721258e+00
2.115462711282235887e+03 -9.087406811713313104e+00
2.118329191920829544e+03 -9.060161192409587727e+00
2.121195672559423656e+03 -9.032997260198852629e+00
2.124062153198017313e+03 -9.005914770168796935e+00
2.126928633836611425e+03 -8.978913478141469895e+00
2.129795114475205082e+03 -8.951993140671001825e+00
2.132661595113798739e+03 -8.925153515041378327e+00
2.135528075752392851e+03 -8.898394359264386821e+00
2.138394556390986054e+03 -8.871715432077225572e+00
2.141261037029580621e+03 -8.845116492940482189e+00
2.144127517668173823e+03 -8.818597302036000229e+00
2.146993998306767935e+03 -8.792157620264518414e+00
2.149860478945361592e+03 -8.765797209243764598e+00
2.152726959583955704e+03 -8.739515831306142957e+00
2.155593440222549361e+03 -8.713313249496518864e+00
2.158459920861143473e+03 -8.687189227570341288e+00
2.161326401499737131e+03 -8.661143529991273127e+00
2.164192882138330788e+03 -8.635175921929201692e+00
2.167059362776924445e+03 -8.609286169258048460e+00
2.169925843415518557e+03 -8.583474038553706720e+00
2.172792324054112214e+03 -8.557739297092018305e+00
2.175658804692705871e+03 -8.532081712846315114e+00
2.178525285331299983e+03 -8.506501054485809732e+00
2.181391765969893640e+03 -8.480997091373266628e+00
2.184258246608487752e+03 -8.455569593562813679e+00
2.187124727247080955e+03 -8.430218331798210230e+00
2.189991207885675067e+03 -8.404943077510349525e+00
2.192857688524268724e+03 -8.379743602815530323e+00
2.195724169162862836e+03 -8.354619680513224012e+00
2.198590649801456493e+03 -8.329571084084236077e+00
2.201457130440050605e+03 -8.304597587688355986e+00
2.204323611078644262e+03 -8.279698966162566620e+00
2.207190091717237920e+03 -8.254874995018861128e+00
2.210056572355832031e+03 -8.230125450442447033e+00
2.212923052994425689e+03 -8.205450109289309069e+00
2.215789533633019346e+03 -8.180848749084741911e+00
2.218656014271613458e+03 -8.156321148020856171e+00
2.221522494910207115e+03 -8.131867084954905067e+00
2.224388975548801227e+03 -8.107486339407056875e+00
2.227255456187394429e+03 -8.083178691558632778e+00
2.230121936825988996e+03 -8.058943922249918401e+00
2.232988417464582199e+03 -8.034781812978385673e+00
2.235854898103176765e+03 -8.010692145896461724e+00
2.238721378741769968e+03 -7.986674703809923059e+00
2.241587859380363625e+03 -7.962729270175508134e+00
2.244454340018957737e+03 -7.938855629099362154e+00
2.247320820657551394e+03 -7.915053565334848606e+00
2.250187301296145506e+03 -7.891322864280702731e+00
2.253053781934738709e+03 -7.867663311979062435e+00
2.255920262573333275e+03 -7.844074695113546269e+00
2.258786743211926478e+03 -7.820556801007336745e+00
2.261653223850520590e+03 -7.797109417621275185e+00
2.264519704489114247e+03 -7.773732333551914842e+00
2.267386185127707904e+03 -7.750425338029655720e+00
2.270252665766302016e+03 -7.727188220916764827e+00
2.273119146404895673e+03 -7.704020772705653108e+00
2.275985627043489785e+03 -7.680922784516783786e+00
2.278852107682083442e+03 -7.657894048096859585e+00
2.281718588320677100e+03 -7.634934355817056151e+00
2.284585068959271211e+03 -7.612043500670982787e+00
2.287451549597864869e+03 -7.589221276272935413e+00
2.290318030236458981e+03 -7.566467476855959440e+00
2.293184510875052183e+03 -7.543781897270029901e+00
2.296050991513646295e+03 -7.521164332980232459e+00
2.298917472152239952e+03 -7.498614580064841384e+00
2.301783952790834064e+03 -7.476132435213552974e+00
2.304650433429427721e+03 -7.453717695725615933e+00
2.307516914068021833e+03 -7.431370159508018602e+00
2.310383394706615491e+03 -7.409089625073673524e+00
2.313249875345209603e+03 -7.386875891539525618e+00
2.316116355983802805e+03 -7.364728758624875304e+00
2.318982836622396917e+03 -7.342648026649481352e+00
2.321849317260990574e+03 -7.320633496531756101e+00
2.324715797899584686e+03 -7.298684969787018417e+00
2.327582278538178343e+03 -7.276802248525640948e+00
2.330448759176772001e+03 -7.254985135451390121e+00
2.333315239815366112e+03 -7.233233433859465045e+00
2.336181720453959315e+03 -7.211546947634867699e+00
2.339048201092553882e+03 -7.189925481250606154e+00
2.341914681731147084e+03 -7.168368839765856038e+00
2.344781162369741196e+03 -7.146876828824326289e+00
2.347647643008334853e+03 -7.125449254652396647e+00
2.350514123646928965e+03 -7.104085924057425672e+00
2.353380604285522622e+03 -7.082786644426024125e+00
2.356247084924116280e+03 -7.061551223722239534e+00
2.359113565562710392e+03 -7.040379470485895297e+00
2.361980046201304049e+03 -7.019271193830898703e+00
2.364846526839898161e+03 -6.998226203443407734e+00
2.367713007478491818e+03 -6.977244309580193260e+00
2.370579488117085475e+03 -6.956325323066918642e+00
2.373445968755679587e+03 -6.935469055296401564e+00
2.376312449394272790e+03 -6.914675318226968237e+00
2.379178930032867356e+03 -6.893943924380691257e+00
2.382045410671460559e+03 -6.873274686841798875e+00
2.384911891310055125e+03 -6.852667419254874659e+00
2.387778371948648328e+03 -6.832121935823208148e+00
2.390644852587242440e+03 -6.811638051307193464e+00
2.393511333225836097e+03 -6.791215581022577830e+00
2.396377813864429754e+03 -6.770854340838849517e+00
2.399244294503023866e+03 -6.750554147177518338e+00
2.402110775141617523e+03 -6.730314817010520478e+00
2.404977255780211635e+03 -6.710136167858517631e+00
2.407843736418804838e+03 -6.690018017789279625e+00
2.410710217057398950e+03 -6.669960185416094589e+00
2.413576697695992607e+03 -6.649962489896032558e+00
2.416443178334586719e+03 -6.630024750928358301e+00
2.419309658973180376e+03 -6.610146788752907732e+00
2.422176139611774033e+03 -6.590328424148518494e+00
2.425042620250368145e+03 -6.570569478431285582e+00
2.427909100888961802e+03 -6.550869773453134037e+00
2.430775581527555460e+03 -6.531229131600019500e+00
2.433642062166149572e+03 -6.511647375790423631e+00
2.436508542804743229e+03 -6.492124329473811351e+00
2.439375023443337341e+03 -6.472659816628913987e+00
2.442241504081930998e+03 -6.453253661762229143e+00
2.445107984720524655e+03 -6.433905689906423753e+00
2.447974465359118312e+03 -6.414615726618743352e+00
2.450840945997712424e+03 -6.395383597979425794e+00
2.453707426636306081e+03 -6.376209130590181573e+00
2.456573907274900193e+03 -6.357092151572572902e+00
2.459440387913493851e+03 -6.338032488566499367e+00
2.462306868552087963e+03 -6.319029969728628515e+00
2.465173349190681165e+03 -6.300084423730813121e+00
2.468039829829275732e+03 -6.281195679758593720e+00
2.470906310467868934e+03 -6.262363567509682483e+00
2.473772791106463046e+03 -6.243587917192348513e+00
2.476639271745056703e+03 -6.224868559523924816e+00
2.479505752383650815e+03 -6.206205325729284183e+00
2.482372233022244473e+03 -6.187598047539339063e+00
2.485238713660837675e+03 -6.169046557189491686e+00
2.488105194299432242e+03 -6.150550687418097517e+00
2.490971674938025444e+03 -6.132110271465057494e+00
2.493838155576620011e+03 -6.113725143070189993e+00
2.496704636215213213e+03 -6.095395136471828401e+00
2.499571116853807325e+03 -6.077120086405284560e+00
2.502437597492400982e+03 -6.058899828101315777e+00
2.505304078130994640e+03 -6.040734197284752582e+00
2.508170558769588752e+03 -6.022623030172923997e+00
2.511037039408182409e+03 -6.004566163474189366e+00
2.513903520046776521e+03 -5.986563434386519944e+00
2.516770000685370178e+03 -5.968614680595967670e+00
2.519636481323963835e+03 -5.950719740275257408e+00
2.522502961962557947e+03 -5.932878452082254839e+00
2.525369442601151150e+03 -5.915090655158609323e+00
2.528235923239745716e+03 -5.897356189128223569e+00
2.531102403878338919e+03 -5.879674894095842319e+00
2.533968884516933031e+03 -5.862046610645604616e+00
2.536835365155526688e+03 -5.844471179839600516e+00
2.539701845794120800e+03 -5.826948443216444673e+00
2.542568326432714457e+03 -5.809478242789874791e+00
2.545434807071308569e+03 -5.792060421047247942e+00
2.548301287709902226e+03 -5.774694820948223395e+00
2.551167768348495883e+03 -5.757381285923243830e+00
2.554034248987089541e+03 -5.740119659872208402e+00
2.556900729625683653e+03 -5.722909787163047213e+00
2.559767210264277310e+03 -5.705751512630239830e+00
2.562633690902870967e+03 -5.688644681573562956e+00
2.565500171541465079e+03 -5.671589139756533449e+00
2.568366652180058736e+03 -5.654584733405145336e+00
2.571233132818652848e+03 -5.637631309206413199e+00
2.574099613457246051e+03 -5.620728714307031026e+00
2.576966094095840162e+03 -5.603876796311936026e+00
2.579832574734433820e+03 -5.587075403283024322e+00
2.582699055373027932e+03 -5.570324383737663254e+00
2.585565536011621589e+03 -5.553623586647466581e+00
2.588432016650215701e+03 -5.536972861436805005e+00
2.591298497288809358e+03 -5.520372057981509428e+00
2.594164977927403015e+03 -5.503821026607509381e+00
2.597031458565997127e+03 -5.487319618089508744e+00
2.599897939204590784e+03 -5.470867683649586866e+00
2.602764419843184442e+03 -5.454465074955891168e+00
2.605630900481778554e+03 -5.438111644121319976e+00
2.608497381120372211e+03 -5.421807243702102319e+00
2.611363861758966323e+03 -5.405551726696596226e+00
2.614230342397559525e+03 -5.389344946543842774e+00
2.617096823036154092e+03 -5.373186757122335955e+00
2.619963303674747294e+03 -5.357077012748655775e+00
2.622829784313341861e+03 -5.341015568176171513e+00
2.625696264951935063e+03 -5.325002278593695237e+00
2.628562745590528721e+03 -5.309036999624261455e+00
2.631429226229122833e+03 -5.293119587323722008e+00
2.634295706867716490e+03 -5.277249898179539933e+00
2.637162187506310602e+03 -5.261427789109416331e+00
2.640028668144903804e+03 -5.245653117460067349e+00
2.642895148783498371e+03 -5.229925741005886586e+00
2.645761629422091573e+03 -5.214245517947720288e+00
2.648628110060685685e+03 -5.198612306911483572e+00
2.651494590699279343e+03 -5.183025966947050200e+00
2.654361071337873000e+03 -5.167486357526792418e+00
2.657227551976467112e+03 -5.151993338544486711e+00
2.660094032615060769e+03 -5.136546770313928256e+00
2.662960513253654881e+03 -5.121146513567711445e+00
2.665826993892248538e+03 -5.105792429456007753e+00
2.668693474530842195e+03 -5.090484379545250349e+00
2.671559955169436307e+03 -5.075222225816981236e+00
2.674426435808029964e+03 -5.060005830666471027e+00
2.677292916446624076e+03 -5.044835056901615822e+00
2.680159397085217279e+03 -5.029709767741576520e+00
2.683025877723811391e+03 -5.014629826815648173e+00
2.685892358362405048e+03 -4.999595098161992546e+00
2.688758839000999160e+03 -4.984605446226384018e+00
2.691625319639592817e+03 -4.969660735861022971e+00
2.694491800278186929e+03 -4.954760832323308328e+00
2.697358280916780586e+03 -4.939905601274634073e+00
2.700224761555374698e+03 -4.925094908779122704e+00
2.703091242193967901e+03 -4.910328621302514129e+00
2.705957722832562013e+03 -4.895606605710867143e+00
2.708824203471155670e+03 -4.880928729269405686e+00
2.711690684109749782e+03 -4.866294859641336679e+00
2.714557164748343439e+03 -4.851704864886612789e+00
2.717423645386937096e+03 -4.837158613460778689e+00
2.720290126025531208e+03 -4.822655974213767571e+00
2.723156606664124411e+03 -4.808196816388718098e+00
2.726023087302718977e+03 -4.793781009620813549e+00
2.728889567941312180e+03 -4.779408423936081896e+00
2.731756048579906292e+03 -4.765078929750230508e+00
2.734622529218499949e+03 -4.750792397867507511e+00
2.737489009857094061e+03 -4.736548699479497415e+00
2.740355490495687718e+03 -4.722347706163965597e+00
2.743221971134281375e+03 -4.708189289883705442e+00
2.746088451772875487e+03 -4.694073322985421015e+00
2.748954932411469144e+03 -4.679999678198524471e+00
2.751821413050063256e+03 -4.665968228634005399e+00
2.754687893688656914e+03 -4.651978847783277082e+00
2.757554374327250571e+03 -4.638031409517065384e+00
2.760420854965844683e+03 -4.624125788084230138e+00
2.763287335604437885e+03 -4.610261858110709099e+00
2.766153816243032452e+03 -4.596439494598274500e+00
2.769020296881625654e+03 -4.582658572923491214e+00
2.771886777520220221e+03 -4.568918968836551464e+00
2.774753258158813424e+03 -4.555220558460202795e+00
2.777619738797407535e+03 -4.541563218288559689e+00
2.780486219436001193e+03 -4.527946825186053736e+00
2.783352700074594850e+03 -4.514371256386281672e+00
2.786219180713188962e+03 -4.500836389490923573e+00
2.789085661351782619e+03 -4.487342102468644178e+00
2.791952141990376731e+03 -4.473888273653941816e+00
2.794818622628969933e+03 -4.460474781746146533e+00
2.797685103267564045e+03 -4.447101505808215727e+00
2.800551583906157703e+03 -4.433768325265701193e+00
2.803418064544751815e+03 -4.420475119905698413e+00
2.806284545183345472e+03 -4.407221769875690143e+00
2.809151025821939129e+03 -4.394008155682506356e+00
2.812017506460533241e+03 -4.380834158191233563e+00
2.814883987099126898e+03 -4.367699658624148107e+00
2.817750467737720555e+03 -4.354604538559645022e+00
2.820616948376314667e+03 -4.341548679931143795e+00
2.823483429014908324e+03 -4.328531965026108708e+00
2.826349909653502436e+03 -4.315554276484857787e+00
2.829216390292096094e+03 -4.302615497299610681e+00
2.832082870930689751e+03 -4.289715510813393529e+00
2.834949351569283408e+03 -4.276854200718986476e+00
2.837815832207877520e+03 -4.264031451057876509e+00
2.840682312846471177e+03 -4.251247146219209405e+00
2.843548793485065289e+03 -4.238501170938769214e+00
2.846415274123658946e+03 -4.225793410297904451e+00
2.849281754762253058e+03 -4.213123749722532452e+00
2.852148235400846261e+03 -4.200492074982044244e+00
2.855014716039440827e+03 -4.187898272188354198e+00
2.857881196678034030e+03 -4.175342227794808458e+00
2.860747677316628142e+03 -4.162823828595204390e+00
2.863614157955221799e+03 -4.150342961722730983e+00
