0.000000000000000000e+00 -6.376674632010914223e+00
2.866480638593815744e+00 -6.355634641650885541e+00
5.732961277187631488e+00 -6.337836330299106535e+00
8.599441915781447676e+00 -6.319928698396477529e+00
1.146592255437526298e+01 -6.301969656969129474e+00
1.433240319296907650e+01 -6.284000226088599206e+00
1.719888383156289535e+01 -6.266048305715928635e+00
2.006536447015670888e+01 -6.248132421576094053e+00
2.293184510875052595e+01 -6.230264469787493375e+00
2.579832574734434303e+01 -6.212451711333978999e+00
2.866480638593815300e+01 -6.194698211055719383e+00
3.153128702453197363e+01 -6.177005867672701100e+00
3.439776766312579070e+01 -6.159375144528547175e+00
3.726424830171961133e+01 -6.141805582746594716e+00
4.013072894031341775e+01 -6.124296157306051924e+00
4.299720957890723838e+01 -6.106845520597257604e+00
4.586369021750105190e+01 -6.089452166068514138e+00
4.873017085609486543e+01 -6.072114535676629288e+00
5.159665149468868606e+01 -6.054831088259777339e+00
5.446313213328249958e+01 -6.037600341092717926e+00
5.732961277187630600e+01 -6.020420893332137702e+00
6.019609341047014084e+01 -6.003291437474641334e+00
6.306257404906394726e+01 -5.986210763084096165e+00
6.592905468765775368e+01 -5.969177755711744915e+00
6.879553532625158141e+01 -5.952191392983634088e+00
7.166201596484538072e+01 -5.935250739164617428e+00
7.452849660343922267e+01 -5.918354939044649932e+00
7.739497724203302198e+01 -5.901503211678770455e+00
8.026145788062683550e+01 -5.884694844294430460e+00
8.312793851922064903e+01 -5.867929186541870124e+00
8.599441915781447676e+01 -5.851205645169232916e+00
8.886089979640829029e+01 -5.834523679148792219e+00
9.172738043500210381e+01 -5.817882795245789218e+00
9.459386107359590312e+01 -5.801282544003647956e+00
9.746034171218973086e+01 -5.784722516108960377e+00
1.003268223507835444e+02 -5.768202339098711384e+00
1.031933029893773721e+02 -5.751721674371919946e+00
1.060597836279711714e+02 -5.735280214470225069e+00
1.089262642665649992e+02 -5.718877680596706981e+00
1.117927449051587985e+02 -5.702513820345346929e+00
1.146592255437526120e+02 -5.686188405616986685e+00
1.175257061823464255e+02 -5.669901230702043549e+00
1.203921868209402817e+02 -5.653652110511941054e+00
1.232586674595340668e+02 -5.637440878945310097e+00
1.261251480981278945e+02 -5.621267387375160851e+00
1.289916287367217080e+02 -5.605131503247062774e+00
1.318581093753155074e+02 -5.589033108778783010e+00
1.347245900139093351e+02 -5.572972099752378838e+00
1.375910706525031628e+02 -5.556948384392837781e+00
1.404575512910969621e+02 -5.540961882325220245e+00
1.433240319296907614e+02 -5.525012523606142700e+00
1.461905125682846176e+02 -5.509100247822985352e+00
1.490569932068784453e+02 -5.493225003256912764e+00
1.519234738454722162e+02 -5.477386746105035620e+00
1.547899544840660440e+02 -5.461585439757680405e+00
1.576564351226598717e+02 -5.445821054126747995e+00
1.605229157612536710e+02 -5.430093565022555246e+00
1.633893963998474703e+02 -5.414402953574668942e+00
1.662558770384412981e+02 -5.398749205694675091e+00
1.691223576770351258e+02 -5.383132311577638163e+00
1.719888383156289535e+02 -5.367552265239900144e+00
1.748553189542227528e+02 -5.352009064090033519e+00
1.777217995928165806e+02 -5.336502708531868144e+00
1.805882802314103799e+02 -5.321033201596075735e+00
1.834547608700042076e+02 -5.305600548599302968e+00
1.863212415085980069e+02 -5.290204756828652322e+00
1.891877221471918062e+02 -5.274845835249528214e+00
1.920542027857856340e+02 -5.259523794235533067e+00
1.949206834243794617e+02 -5.244238645318742620e+00
1.977871640629732894e+02 -5.228990400959006912e+00
2.006536447015670888e+02 -5.213779074331184482e+00
2.035201253401609165e+02 -5.198604679128235873e+00
2.063866059787547442e+02 -5.183467229380094743e+00
2.092530866173485435e+02 -5.168366739286887501e+00
2.121195672559423429e+02 -5.153303223064973793e+00
2.149860478945361706e+02 -5.138276694805788303e+00
2.178525285331299983e+02 -5.123287168345823872e+00
2.207190091717238261e+02 -5.108334657147528546e+00
2.235854898103175969e+02 -5.093419174190327858e+00
2.264519704489114531e+02 -5.078540731870347713e+00
2.293184510875052240e+02 -5.063699341909472018e+00
2.321849317260990802e+02 -5.048895015272075071e+00
2.350514123646928510e+02 -5.034127762089287472e+00
2.379178930032867072e+02 -5.019397591590142760e+00
2.407843736418805634e+02 -5.004704512039710451e+00
2.436508542804743058e+02 -4.990048530682694938e+00
2.465173349190681336e+02 -4.975429653692963861e+00
2.493838155576619329e+02 -4.960847886128369133e+00
2.522502961962557890e+02 -4.946303231890416541e+00
2.551167768348495883e+02 -4.931795693688497906e+00
2.579832574734434161e+02 -4.917325273008271935e+00
2.608497381120372438e+02 -4.902891970084194639e+00
2.637162187506310147e+02 -4.888495783875582035e+00
2.665826993892248424e+02 -4.874136712046198916e+00
2.694491800278186702e+02 -4.859814750946984674e+00
2.723156606664124979e+02 -4.845529895601574211e+00
2.751821413050063256e+02 -4.831282139695050937e+00
2.780486219436001534e+02 -4.817071475564770111e+00
2.809151025821939243e+02 -4.802897894193685069e+00
2.837815832207877520e+02 -4.788761385206139920e+00
2.866480638593815229e+02 -4.774661936865403966e+00
2.895145444979753506e+02 -4.760599536073112148e+00
2.923810251365692352e+02 -4.746574168370890412e+00
2.952475057751630061e+02 -4.732585817942932316e+00
2.981139864137568907e+02 -4.718634467620673512e+00
3.009804670523506047e+02 -4.704720098888452107e+00
3.038469476909444325e+02 -4.690842691890769522e+00
3.067134283295382602e+02 -4.677002225440434202e+00
3.095799089681320879e+02 -4.663198677028137062e+00
3.124463896067259157e+02 -4.649432022832517220e+00
3.153128702453197434e+02 -4.635702237731785580e+00
3.181793508839135711e+02 -4.622009295315559818e+00
3.210458315225073420e+02 -4.608353167897961455e+00
3.239123121611011697e+02 -4.594733826531012255e+00
3.267787927996949406e+02 -4.581151241018972975e+00
3.296452734382888252e+02 -4.567605379933141307e+00
3.325117540768825961e+02 -4.554096210626969565e+00
3.353782347154764238e+02 -4.540623699251977285e+00
3.382447153540702516e+02 -4.527187810773887655e+00
3.411111959926640225e+02 -4.513788508989173387e+00
3.439776766312579070e+02 -4.500425756541727829e+00
3.468441572698516779e+02 -4.487099514940372735e+00
3.497106379084455057e+02 -4.473809744575888203e+00
3.525771185470393334e+02 -4.460556404738713177e+00
3.554435991856331611e+02 -4.447339453636843132e+00
3.583100798242269889e+02 -4.434158848413643383e+00
3.611765604628207598e+02 -4.421014545165719234e+00
3.640430411014145307e+02 -4.407906498961369657e+00
3.669095217400084152e+02 -4.394834663858435242e+00
3.697760023786022430e+02 -4.381798992922943725e+00
3.726424830171960139e+02 -4.368799438246847799e+00
3.755089636557898984e+02 -4.355835950966566728e+00
3.783754442943836125e+02 -4.342908481281376964e+00
3.812419249329774971e+02 -4.330016978471183720e+00
3.841084055715712680e+02 -4.317161390914984409e+00
3.869748862101650957e+02 -4.304341666108873810e+00
3.898413668487589234e+02 -4.291557750683929306e+00
3.927078474873527512e+02 -4.278809590424259568e+00
3.955743281259465789e+02 -4.266097130284772554e+00
3.984408087645403498e+02 -4.253420314408633551e+00
4.013072894031341775e+02 -4.240779086145139765e+00
4.041737700417280053e+02 -4.228173388067022920e+00
4.070402506803218330e+02 -4.215603161987506731e+00
4.099067313189156039e+02 -4.203068348977808455e+00
4.127732119575094885e+02 -4.190568889383770923e+00
4.156396925961032593e+02 -4.178104722842799212e+00
4.185061732346970871e+02 -4.165675788300509552e+00
4.213726538732909148e+02 -4.153282024027056707e+00
4.242391345118846857e+02 -4.140923367633531527e+00
4.271056151504785703e+02 -4.128599756088023653e+00
4.299720957890723412e+02 -4.116311125731416887e+00
4.328385764276661689e+02 -4.104057412293157014e+00
4.357050570662599966e+02 -4.091838550906712335e+00
4.385715377048537675e+02 -4.079654476125056384e+00
4.414380183434476521e+02 -4.067505121935449885e+00
4.443044989820413662e+02 -4.055390421774665910e+00
4.471709796206351939e+02 -4.043310308543492937e+00
4.500374602592290785e+02 -4.031264714621346279e+00
4.529039408978229062e+02 -4.019253571880474496e+00
4.557704215364166771e+02 -4.007276811699981955e+00
4.586369021750104480e+02 -3.995334364980087205e+00
4.615033828136042757e+02 -3.983426162155232042e+00
4.643698634521981603e+02 -3.971552133208024138e+00
4.672363440907919880e+02 -3.959712207682201779e+00
4.701028247293857021e+02 -3.947906314695855290e+00
4.729693053679795867e+02 -3.936134382954176836e+00
4.758357860065734144e+02 -3.924396340762230651e+00
4.787022666451672421e+02 -3.912692116037232104e+00
4.815687472837611267e+02 -3.901021636320883612e+00
4.844352279223548408e+02 -3.889384828791414339e+00
4.873017085609486116e+02 -3.877781620275414287e+00
4.901681891995424394e+02 -3.866211937259383280e+00
4.930346698381362671e+02 -3.854675705901343008e+00
4.959011504767300380e+02 -3.843172852041887744e+00
4.987676311153238657e+02 -3.831703301215385604e+00
5.016341117539177503e+02 -3.820266978660758816e+00
5.045005923925115781e+02 -3.808863809332167616e+00
5.073670730311054058e+02 -3.797493717909485866e+00
5.102335536696991767e+02 -3.786156628808607927e+00
5.131000343082930613e+02 -3.774852466191441103e+00
5.159665149468868321e+02 -3.763581153976072180e+00
5.188329955854807167e+02 -3.752342615846226526e+00
5.216994762240744876e+02 -3.741136775261049596e+00
5.245659568626681448e+02 -3.729963555464302694e+00
5.274324375012620294e+02 -3.718822879493705713e+00
5.302989181398559140e+02 -3.707714670189963702e+00
5.331653987784496849e+02 -3.696638850205514970e+00
5.360318794170434558e+02 -3.685595342013355591e+00
5.388983600556373403e+02 -3.674584067915490415e+00
5.417648406942311112e+02 -3.663604950051369435e+00
5.446313213328249958e+02 -3.652657910405979980e+00
5.474978019714187667e+02 -3.641742870818003297e+00
5.503642826100126513e+02 -3.630859752987573241e+00
5.532307632486064222e+02 -3.620008478484191272e+00
5.560972438872003067e+02 -3.609188968754115212e+00
5.589637245257941913e+02 -3.598401145127875012e+00
5.618302051643878485e+02 -3.587644928827485202e+00
5.646966858029816194e+02 -3.576920240973719967e+00
5.675631664415755040e+02 -3.566227002592954332e+00
5.704296470801692749e+02 -3.555565134624058654e+00
5.732961277187630458e+02 -3.544934557925094598e+00
5.761626083573569304e+02 -3.534335193279888543e+00
5.790290889959507012e+02 -3.523766961404462439e+00
5.818955696345445858e+02 -3.513229782953358082e+00
5.847620502731384704e+02 -3.502723578525690940e+00
5.876285309117322413e+02 -3.492248268671369171e+00
5.904950115503260122e+02 -3.481803773896877008e+00
5.933614921889198968e+02 -3.471390014671038138e+00
5.962279728275137813e+02 -3.461006911430776434e+00
5.990944534661074385e+02 -3.450654384586602674e+00
6.019609341047012094e+02 -3.440332354528011116e+00
6.048274147432950940e+02 -3.430040741628862300e+00
6.076938953818888649e+02 -3.419779466252470979e+00
6.105603760204827495e+02 -3.409548448756806849e+00
6.134268566590765204e+02 -3.399347609499307588e+00
6.162933372976702913e+02 -3.389176868841917933e+00
6.191598179362641758e+02 -3.379036147155672687e+00
6.220262985748580604e+02 -3.368925364825472002e+00
6.248927792134518313e+02 -3.358844442254497409e+00
6.277592598520456022e+02 -3.348793299868799256e+00
6.306257404906394868e+02 -3.338771858121506231e+00
6.334922211292332577e+02 -3.328780037497129474e+00
6.363587017678271422e+02 -3.318817758515690386e+00
6.392251824064209131e+02 -3.308884941736836449e+00
6.420916630450146840e+02 -3.298981507763709242e+00
6.449581436836084549e+02 -3.289107377246800024e+00
6.478246243222023395e+02 -3.279262470887906566e+00
6.506911049607961104e+02 -3.269446709443551757e+00
6.535575855993898813e+02 -3.259660013728828076e+00
6.564240662379837659e+02 -3.249902304620792215e+00
6.592905468765776504e+02 -3.240173503061920091e+00
6.621570275151714213e+02 -3.230473530063499688e+00
6.650235081537651922e+02 -3.220802306708877349e+00
6.678899887923590768e+02 -3.211159754156601487e+00
6.707564694309528477e+02 -3.201545793643695070e+00
6.736229500695467323e+02 -3.191960346488530664e+00
6.764894307081405032e+02 -3.182403334093944380e+00
6.793559113467342740e+02 -3.172874677949959477e+00
6.822223919853280449e+02 -3.163374299636815046e+00
6.850888726239219295e+02 -3.153902120827600353e+00
6.879553532625158141e+02 -3.144458063290937577e+00
6.908218339011094713e+02 -3.135042048893686317e+00
6.936883145397033559e+02 -3.125653999603396738e+00
6.965547951782972405e+02 -3.116293837490872853e+00
6.994212758168910113e+02 -3.106961484732578604e+00
7.022877564554847822e+02 -3.097656863613008849e+00
7.051542370940786668e+02 -3.088379896526931123e+00
7.080207177326724377e+02 -3.079130505981789501e+00
7.108871983712663223e+02 -3.069908614599675456e+00
7.137536790098602069e+02 -3.060714145119573182e+00
7.166201596484539778e+02 -3.051547020399509869e+00
7.194866402870476350e+02 -3.042407163418399119e+00
7.223531209256415195e+02 -3.033294497278128166e+00
7.252196015642354041e+02 -3.024208945205417276e+00
7.280860822028290613e+02 -3.015150430553656058e+00
7.309525628414229459e+02 -3.006118876804825035e+00
7.338190434800168305e+02 -2.997114207571078381e+00
7.366855241186106014e+02 -2.988136346596587778e+00
7.395520047572044859e+02 -2.979185217759150017e+00
7.424184853957982568e+02 -2.970260745071812369e+00
7.452849660343920277e+02 -2.961362852684385594e+00
7.481514466729859123e+02 -2.952491464885111938e+00
7.510179273115797969e+02 -2.943646506101947669e+00
7.538844079501735678e+02 -2.934827900904140030e+00
7.567508885887672250e+02 -2.926035574003584827e+00
7.596173692273611096e+02 -2.917269450256121388e+00
7.624838498659549941e+02 -2.908529454662936331e+00
7.653503305045487650e+02 -2.899815512371791026e+00
7.682168111431425359e+02 -2.891127548678178893e+00
7.710832917817364205e+02 -2.882465489026655447e+00
7.739497724203301914e+02 -2.873829259011885906e+00
7.768162530589240760e+02 -2.865218784379869099e+00
7.796827336975178468e+02 -2.856633991028859398e+00
7.825492143361116177e+02 -2.848074805010628818e+00
7.854156949747055023e+02 -2.839541152531236623e+00
7.882821756132993869e+02 -2.831032959952243910e+00
7.911486562518931578e+02 -2.822550153791514749e+00
7.940151368904869287e+02 -2.814092660724164308e+00
7.968816175290806996e+02 -2.805660407583479898e+00
7.997480981676745841e+02 -2.797253321361723000e+00
8.026145788062683550e+02 -2.788871329210980132e+00
8.054810594448621259e+02 -2.780514358443965772e+00
8.083475400834560105e+02 -2.772182336534742220e+00
8.112140207220497814e+02 -2.763875191119540720e+00
8.140805013606436660e+02 -2.755592849997344995e+00
8.169469819992375506e+02 -2.747335241130662631e+00
8.198134626378312078e+02 -2.739102292646219183e+00
8.226799432764250923e+02 -2.730893932835463556e+00
8.255464239150189769e+02 -2.722710090155235463e+00
8.284129045536127478e+02 -2.714550693228386269e+00
8.312793851922065187e+02 -2.706415670844271038e+00
8.341458658308002896e+02 -2.698304951959257902e+00
8.370123464693941742e+02 -2.690218465697361783e+00
8.398788271079879451e+02 -2.682156141350534817e+00
8.427453077465818296e+02 -2.674117908379359143e+00
8.456117883851756005e+02 -2.666103696413262281e+00
8.484782690237693714e+02 -2.658113435251114431e+00
8.513447496623632560e+02 -2.650147054861480722e+00
8.542112303009571406e+02 -2.642204485383134571e+00
8.570777109395507978e+02 -2.634285657125322810e+00
8.599441915781446824e+02 -2.626390500568119624e+00
8.628106722167385669e+02 -2.618518946362810240e+00
8.656771528553323378e+02 -2.610670925332081449e+00
8.685436334939261087e+02 -2.602846368470365324e+00
8.714101141325199933e+02 -2.595045206944186944e+00
8.742765947711137642e+02 -2.587267372092239004e+00
8.771430754097075351e+02 -2.579512795425734417e+00
8.800095560483014197e+02 -2.571781408628606158e+00
8.828760366868953042e+02 -2.564073143557654255e+00
8.857425173254890751e+02 -2.556387932242800698e+00
8.886089979640827323e+02 -2.548725706887153386e+00
8.914754786026766169e+02 -2.541086399867317880e+00
8.943419592412703878e+02 -2.533469943733349883e+00
8.972084398798642724e+02 -2.525876271209000823e+00
9.000749205184581569e+02 -2.518305315191790683e+00
9.029414011570519278e+02 -2.510757008753099040e+00
9.058078817956458124e+02 -2.503231285138223239e+00
9.086743624342396970e+02 -2.495728077766529385e+00
9.115408430728333542e+02 -2.488247320231413262e+00
9.144073237114270114e+02 -2.480788946300365172e+00
9.172738043500208960e+02 -2.473352889915056085e+00
9.201402849886147806e+02 -2.465939085191293678e+00
9.230067656272085515e+02 -2.458547466418994354e+00
9.258732462658024360e+02 -2.451177968062348000e+00
9.287397269043963206e+02 -2.443830524759576406e+00
9.316062075429900915e+02 -2.436505071323088689e+00
9.344726881815839761e+02 -2.429201542739342745e+00
9.373391688201778607e+02 -2.421919874168843467e+00
9.402056494587714042e+02 -2.414660000946043716e+00
9.430721300973652887e+02 -2.407421858579332774e+00
9.459386107359591733e+02 -2.400205382750892458e+00
9.488050913745529442e+02 -2.393010509316665146e+00
9.516715720131468288e+02 -2.385837174306245867e+00
9.545380526517407134e+02 -2.378685313922735300e+00
9.574045332903344843e+02 -2.371554864542694485e+00
9.602710139289283688e+02 -2.364445762716052002e+00
9.631374945675222534e+02 -2.357357945165740265e+00
9.660039752061159106e+02 -2.350291348787897583e+00
9.688704558447096815e+02 -2.343245910651423625e+00
9.717369364833033387e+02 -2.336221567998074011e+00
9.746034171218972233e+02 -2.329218258242087281e+00
9.774698977604909942e+02 -2.322235918970154245e+00
9.803363783990848788e+02 -2.315274487941169301e+00
9.832028590376787633e+02 -2.308333903086105643e+00
9.860693396762725342e+02 -2.301414102507771009e+00
9.889358203148664188e+02 -2.294515024480630050e+00
9.918023009534600760e+02 -2.287636607450664883e+00
9.946687815920539606e+02 -2.280778790035016712e+00
9.975352622306477315e+02 -2.273941511021957851e+00
1.000401742869241616e+03 -2.267124709370513358e+00
1.003268223507835501e+03 -2.260328324210322481e+00
1.006134704146429272e+03 -2.253552294841400183e+00
1.009001184785023156e+03 -2.246796560733833381e+00
1.011867665423617041e+03 -2.240061061527661046e+00
1.014734146062210812e+03 -2.233345737032510492e+00
1.017600626700804469e+03 -2.226650527227374887e+00
1.020467107339398353e+03 -2.219975372260394764e+00
1.023333587977992124e+03 -2.213320212448559587e+00
1.026200068616586123e+03 -2.206684988277474613e+00
1.029066549255179780e+03 -2.200069640401050464e+00
1.031933029893773664e+03 -2.193474109641210035e+00
1.034799510532367549e+03 -2.186898336987672220e+00
1.037665991170961433e+03 -2.180342263597675245e+00
1.040532471809555318e+03 -2.173805830795602745e+00
1.043398952448148975e+03 -2.167288980072728855e+00
1.046265433086742632e+03 -2.160791653087001496e+00
1.049131913725336290e+03 -2.154313791662589850e+00
1.051998394363930174e+03 -2.147855337789727592e+00
1.054864875002524059e+03 -2.141416233624314103e+00
1.057731355641117943e+03 -2.134996421487697305e+00
1.060597836279711828e+03 -2.128595843866220694e+00
1.063464316918305713e+03 -2.122214443411034601e+00
1.066330797556899370e+03 -2.115852162937718273e+00
1.069197278195493027e+03 -2.109508945425963677e+00
1.072063758834086912e+03 -2.103184734019268198e+00
1.074930239472680796e+03 -2.096879472024609559e+00
1.077796720111274681e+03 -2.090593102912088330e+00
1.080663200749868565e+03 -2.084325570314580212e+00
1.083529681388462222e+03 -2.078076818027499773e+00
1.086396162027056107e+03 -2.071846790008318617e+00
1.089262642665649992e+03 -2.065635430376365100e+00
1.092129123304243876e+03 -2.059442683412347819e+00
1.094995603942837533e+03 -2.053268493558159324e+00
1.097862084581431418e+03 -2.047112805416399617e+00
1.100728565220025303e+03 -2.040975563750090149e+00
1.103595045858618960e+03 -2.034856713482333657e+00
1.106461526497212844e+03 -2.028756199695881168e+00
1.109328007135806729e+03 -2.022673967632909520e+00
1.112194487774400613e+03 -2.016609962694573710e+00
1.115060968412994498e+03 -2.010564130440634756e+00
1.117927449051588383e+03 -2.004536416589172365e+00
1.120793929690181812e+03 -1.998526767016186811e+00
1.123660410328775697e+03 -1.992535127755218571e+00
1.126526890967369354e+03 -1.986561444997014148e+00
1.129393371605963239e+03 -1.980605665089163470e+00
1.132259852244557123e+03 -1.974667734535702657e+00
1.135126332883151008e+03 -1.968747599996764075e+00
1.137992813521744893e+03 -1.962845208288221288e+00
1.140859294160338550e+03 -1.956960506381312692e+00
1.143725774798932434e+03 -1.951093441402251827e+00
1.146592255437526092e+03 -1.945243960631867886e+00
1.149458736076119976e+03 -1.939412011505242006e+00
1.152325216714713861e+03 -1.933597541611330017e+00
1.155191697353307745e+03 -1.927800498692571418e+00
1.158058177991901402e+03 -1.922020830644530998e+00
1.160924658630495287e+03 -1.916258485515524690e+00
1.163791139269089172e+03 -1.910513411506218562e+00
1.166657619907683056e+03 -1.904785556969299298e+00
1.169524100546276941e+03 -1.899074870409019233e+00
1.172390581184870598e+03 -1.893381300480900364e+00
1.175257061823464483e+03 -1.887704795991295148e+00
1.178123542462058140e+03 -1.882045305897050769e+00
1.180990023100652024e+03 -1.876402779305071489e+00
1.183856503739245909e+03 -1.870777165472018666e+00
1.186722984377839794e+03 -1.865168413803844460e+00
1.189589465016433678e+03 -1.859576473855452772e+00
1.192455945655027563e+03 -1.854001295330329313e+00
1.195322426293621220e+03 -1.848442828080123279e+00
1.198188906932214877e+03 -1.842901022104322717e+00
1.201055387570808762e+03 -1.837375827549768248e+00
1.203921868209402419e+03 -1.831867194710379732e+00
1.206788348847996303e+03 -1.826375074026718837e+00
1.209654829486590188e+03 -1.820899416085608458e+00
1.212521310125184073e+03 -1.815440171619757459e+00
1.215387790763777730e+03 -1.809997291507365658e+00
1.218254271402371614e+03 -1.804570726771742128e+00
1.221120752040965499e+03 -1.799160428580941273e+00
1.223987232679559156e+03 -1.793766348247379794e+00
1.226853713318153041e+03 -1.788388437227370176e+00
1.229720193956746925e+03 -1.783026647120871333e+00
1.232586674595340583e+03 -1.777680929671020538e+00
1.235453155233934467e+03 -1.772351236763729965e+00
1.238319635872528352e+03 -1.767037520427385378e+00
1.241186116511122236e+03 -1.761739732832371397e+00
1.244052597149716121e+03 -1.756457826290779733e+00
1.246919077788310005e+03 -1.751191753255946670e+00
1.249785558426903663e+03 -1.745941466322086688e+00
1.252652039065497320e+03 -1.740706918223963839e+00
1.255518519704091204e+03 -1.735488061836443219e+00
1.258385000342685089e+03 -1.730284850174134581e+00
1.261251480981278974e+03 -1.725097236391024191e+00
1.264117961619872858e+03 -1.719925173780075811e+00
1.266984442258466515e+03 -1.714768615772833016e+00
1.269850922897060400e+03 -1.709627515939086573e+00
1.272717403535654284e+03 -1.704501827986433904e+00
1.275583884174247942e+03 -1.699391505759953347e+00
1.278450364812841826e+03 -1.694296503241792706e+00
1.281316845451435483e+03 -1.689216774550796440e+00
1.284183326090029368e+03 -1.684152273942115086e+00
1.287049806728623025e+03 -1.679102955806844433e+00
1.289916287367216910e+03 -1.674068774671658044e+00
1.292782768005810794e+03 -1.669049685198385147e+00
1.295649248644404679e+03 -1.664045642183666240e+00
1.298515729282998564e+03 -1.659056600558590944e+00
1.301382209921592221e+03 -1.654082515388258123e+00
1.304248690560186105e+03 -1.649123341871476578e+00
1.307115171198779763e+03 -1.644179035340354700e+00
1.309981651837373647e+03 -1.639249551259884585e+00
1.312848132475967532e+03 -1.634334845227664479e+00
1.315714613114561416e+03 -1.629434872973423598e+00
1.318581093753155301e+03 -1.624549590358721263e+00
1.321447574391749185e+03 -1.619678953376537001e+00
1.324314055030342843e+03 -1.614822918150905950e+00
1.327180535668936500e+03 -1.609981440936545161e+00
1.330047016307530384e+03 -1.605154478118509642e+00
1.332913496946124269e+03 -1.600341986211760714e+00
1.335779977584718154e+03 -1.595543921860886005e+00
1.338646458223312038e+03 -1.590760241839613842e+00
1.341512938861905695e+03 -1.585990903050599199e+00
1.344379419500499580e+03 -1.581235862524875024e+00
1.347245900139093465e+03 -1.576495077421624647e+00
1.350112380777687349e+03 -1.571768505027775431e+00
1.352978861416281006e+03 -1.567056102757609759e+00
1.355845342054874891e+03 -1.562357828152426853e+00
1.358711822693468548e+03 -1.557673638880134881e+00
1.361578303332062205e+03 -1.553003492734970292e+00
1.364444783970656090e+03 -1.548347347637047289e+00
1.367311264609249974e+03 -1.543705161632050293e+00
1.370177745247843859e+03 -1.539076892890842263e+00
1.373044225886437744e+03 -1.534462499709136285e+00
1.375910706525031628e+03 -1.529861940507105222e+00
1.378777187163625285e+03 -1.525275173829033326e+00
1.381643667802218943e+03 -1.520702158342963628e+00
1.384510148440812827e+03 -1.516142852840309807e+00
1.387376629079406712e+03 -1.511597216235560204e+00
1.390243109718000596e+03 -1.507065207565866594e+00
1.393109590356594481e+03 -1.502546785990697797e+00
1.395976070995188365e+03 -1.498041910791528819e+00
1.398842551633782023e+03 -1.493550541371410079e+00
1.401709032272375907e+03 -1.489072637254681641e+00
1.404575512910969564e+03 -1.484608158086584417e+00
1.407441993549563449e+03 -1.480157063632934866e+00
1.410308474188157334e+03 -1.475719313779749520e+00
1.413174954826751218e+03 -1.471294868532907030e+00
1.416041435465344875e+03 -1.466883688017785792e+00
1.418907916103938760e+03 -1.462485732478947531e+00
1.421774396742532645e+03 -1.458100962279754720e+00
1.424640877381126529e+03 -1.453729337902046170e+00
1.427507358019720414e+03 -1.449370819945759337e+00
1.430373838658314071e+03 -1.445025369128642989e+00
1.433240319296907956e+03 -1.440692946285856424e+00
1.436106799935501385e+03 -1.436373512369653938e+00
1.438973280574095270e+03 -1.432067028449047097e+00
1.441839761212689154e+03 -1.427773455709422379e+00
1.444706241851283039e+03 -1.423492755452271163e+00
1.447572722489876924e+03 -1.419224889094760744e+00
1.450439203128470808e+03 -1.414969818169481641e+00
1.453305683767064465e+03 -1.410727504324045034e+00
1.456172164405658123e+03 -1.406497909320787221e+00
1.459038645044252007e+03 -1.402280995036408129e+00
1.461905125682845892e+03 -1.398076723461645354e+00
1.464771606321439776e+03 -1.393885056700920888e+00
1.467638086960033661e+03 -1.389705956972045131e+00
1.470504567598627546e+03 -1.385539386605844081e+00
1.473371048237221203e+03 -1.381385308045839588e+00
1.476237528875815087e+03 -1.377243683847940048e+00
1.479104009514408972e+03 -1.373114476680079576e+00
1.481970490153002629e+03 -1.368997649321887167e+00
1.484836970791596514e+03 -1.364893164664387148e+00
1.487703451430190398e+03 -1.360800985709641031e+00
1.490569932068784055e+03 -1.356721075570441526e+00
1.493436412707377940e+03 -1.352653397469956831e+00
1.496302893345971825e+03 -1.348597914741437309e+00
1.499169373984565709e+03 -1.344554590827882867e+00
1.502035854623159594e+03 -1.340523389281700783e+00
1.504902335261753478e+03 -1.336504273764400397e+00
1.507768815900347136e+03 -1.332497208046249160e+00
1.510635296538940793e+03 -1.328502156005983981e+00
1.513501777177534450e+03 -1.324519081630481487e+00
1.516368257816128335e+03 -1.320547949014397648e+00
1.519234738454722219e+03 -1.316588722359899766e+00
1.522101219093316104e+03 -1.312641365976335850e+00
1.524967699731909988e+03 -1.308705844279894892e+00
1.527834180370503645e+03 -1.304782121793316207e+00
1.530700661009097530e+03 -1.300870163145555480e+00
1.533567141647691187e+03 -1.296969933071492331e+00
1.536433622286285072e+03 -1.293081396411582151e+00
1.539300102924878956e+03 -1.289204518111582765e+00
1.542166583563472841e+03 -1.285339263222199158e+00
1.545033064202066726e+03 -1.281485596898816137e+00
1.547899544840660383e+03 -1.277643484401160823e+00
1.550766025479254267e+03 -1.273812891093004662e+00
1.553632506117848152e+03 -1.269993782441833252e+00
1.556498986756442036e+03 -1.266186124018551684e+00
1.559365467395035694e+03 -1.262389881497213207e+00
1.562231948033629578e+03 -1.258605020654650630e+00
1.565098428672223235e+03 -1.254831507370203436e+00
1.567964909310817120e+03 -1.251069307625413130e+00
1.570831389949411005e+03 -1.247318387503722592e+00
1.573697870588004889e+03 -1.243578713190146789e+00
1.576564351226598774e+03 -1.239850250971015644e+00
1.579430831865192658e+03 -1.236132967233632085e+00
1.582297312503786316e+03 -1.232426828465990276e+00
1.585163793142379973e+03 -1.228731801256474077e+00
1.588030273780973857e+03 -1.225047852293554840e+00
1.590896754419567515e+03 -1.221374948365506308e+00
1.593763235058161399e+03 -1.217713056360080204e+00
1.596629715696755284e+03 -1.214062143264236227e+00
1.599496196335349168e+03 -1.210422176163846952e+00
1.602362676973942825e+03 -1.206793122243372540e+00
1.605229157612536710e+03 -1.203174948785601384e+00
1.608095638251130595e+03 -1.199567623171360342e+00
1.610962118889724252e+03 -1.195971112879165021e+00
1.613828599528318136e+03 -1.192385385485016380e+00
1.616695080166912021e+03 -1.188810408662027474e+00
1.619561560805505906e+03 -1.185246150180192082e+00
1.622428041444099563e+03 -1.181692577906075847e+00
1.625294522082693447e+03 -1.178149659802506299e+00
1.628161002721287332e+03 -1.174617363928325497e+00
1.631027483359881217e+03 -1.171095658438081832e+00
1.633893963998475101e+03 -1.167584511581744700e+00
1.636760444637068758e+03 -1.164083891704425833e+00
1.639626925275662416e+03 -1.160593767246094199e+00
1.642493405914256300e+03 -1.157114106741271797e+00
1.645359886552850185e+03 -1.153644878818804509e+00
1.648226367191444069e+03 -1.150186052201513043e+00
1.651092847830037954e+03 -1.146737595705967117e+00
1.653959328468631838e+03 -1.143299478242188583e+00
1.656825809107225496e+03 -1.139871668813356997e+00
1.659692289745819380e+03 -1.136454136515548496e+00
1.662558770384413037e+03 -1.133046850537442252e+00
1.665425251023006922e+03 -1.129649780160074002e+00
1.668291731661600579e+03 -1.126262894756534516e+00
1.671158212300194464e+03 -1.122886163791694036e+00
1.674024692938788348e+03 -1.119519556821941819e+00
1.676891173577382006e+03 -1.116163043494919238e+00
1.679757654215975890e+03 -1.112816593549208255e+00
1.682624134854569775e+03 -1.109480176814088948e+00
1.685490615493163659e+03 -1.106153763209301033e+00
1.688357096131757316e+03 -1.102837322744699700e+00
1.691223576770351201e+03 -1.099530825520036670e+00
1.694090057408944858e+03 -1.096234241724687530e+00
1.696956538047538743e+03 -1.092947541637366848e+00
1.699823018686132627e+03 -1.089670695625863051e+00
1.702689499324726512e+03 -1.086403674146811715e+00
1.705555979963320397e+03 -1.083146447745356511e+00
1.708422460601914281e+03 -1.079898987054944914e+00
1.711288941240507938e+03 -1.076661262797063090e+00
1.714155421879101596e+03 -1.073433245780921919e+00
1.717021902517695480e+03 -1.070214906903242058e+00
1.719888383156289365e+03 -1.067006217147980385e+00
1.722754863794883249e+03 -1.063807147586060431e+00
1.725621344433477134e+03 -1.060617669375127248e+00
1.728487825072071018e+03 -1.057437753759271848e+00
1.731354305710664676e+03 -1.054267372068772080e+00
1.734220786349258560e+03 -1.051106495719862810e+00
1.737087266987852217e+03 -1.047955096214444826e+00
1.739953747626446329e+03 -1.044813145139832145e+00
1.742820228265039987e+03 -1.041680614168534191e+00
1.745686708903633871e+03 -1.038557475057951818e+00
1.748553189542227528e+03 -1.035443699650147931e+00
1.751419670180820958e+03 -1.032339259871596804e+00
1.754286150819415070e+03 -1.029244127732920733e+00
1.757152631458008727e+03 -1.026158275328656444e+00
1.760019112096602839e+03 -1.023081674836962218e+00
1.762885592735196497e+03 -1.020014298519427154e+00
1.765752073373790608e+03 -1.016956118720762303e+00
1.768618554012384038e+03 -1.013907107868609048e+00
1.771485034650978150e+03 -1.010867238473240226e+00
1.774351515289571807e+03 -1.007836483127343641e+00
1.777217995928165465e+03 -1.004814814505759601e+00
1.780084476566759577e+03 -1.001802205365255771e+00
1.782950957205353234e+03 -9.987986285442443934e-01
1.785817437843947118e+03 -9.958040569625787874e-01
1.788683918482540776e+03 -9.928184636212910030e-01
1.791550399121134888e+03 -9.898418216023453509e-01
1.794416879759728545e+03 -9.868741040684029242e-01
1.797283360398322657e+03 -9.839152842625757955e-01
1.800149841036916314e+03 -9.809653355081824344e-01
1.803016321675509971e+03 -9.780242312085288825e-01
1.805882802314103856e+03 -9.750919448466330852e-01
1.808749282952697513e+03 -9.721684499850263839e-01
1.811615763591291625e+03 -9.692537202654698536e-01
1.814482244229885282e+03 -9.663477294087701175e-01
1.817348724868479394e+03 -9.634504512144991262e-01
1.820215205507073051e+03 -9.605618595607805510e-01
1.823081686145666708e+03 -9.576819284040423153e-01
1.825948166784260366e+03 -9.548106317787988795e-01
1.828814647422854023e+03 -9.519479437973881186e-01
1.831681128061448135e+03 -9.490938386497702606e-01
1.834547608700041792e+03 -9.462482906032863017e-01
1.837414089338635904e+03 -9.434112740024024335e-01
1.840280569977229561e+03 -9.405827632685209716e-01
1.843147050615823446e+03 -9.377627328997084621e-01
1.846013531254417103e+03 -9.349511574704956196e-01
1.848880011893011215e+03 -9.321480116316368525e-01
1.851746492531604872e+03 -9.293532701098712323e-01
1.854612973170198529e+03 -9.265669077077182125e-01
1.857479453808792641e+03 -9.237888993032397078e-01
1.860345934447386298e+03 -9.210192198497976213e-01
1.863212415085980183e+03 -9.182578443758590003e-01
1.866078895724573613e+03 -9.155047479847482350e-01
1.868945376363167952e+03 -9.127599058544332289e-01
1.871811857001761382e+03 -9.100232932372870343e-01
1.874678337640355721e+03 -9.072948854598913426e-01
1.877544818278949151e+03 -9.045746579227919026e-01
1.880411298917542808e+03 -9.018625861002772526e-01
1.883277779556136693e+03 -8.991586455401811007e-01
1.886144260194730577e+03 -8.964628118636283061e-01
1.889010740833324462e+03 -8.937750607648434764e-01
1.891877221471918347e+03 -8.910953680109098274e-01
1.894743702110512231e+03 -8.884237094415741165e-01
1.897610182749105888e+03 -8.857600609690081672e-01
1.900476663387699773e+03 -8.831043985776061422e-01
1.903343144026293658e+03 -8.804566983237566147e-01
1.906209624664887087e+03 -8.778169363356376209e-01
1.909076105303481427e+03 -8.751850888129840689e-01
1.911942585942074857e+03 -8.725611320269048843e-01
1.914809066580668969e+03 -8.699450423196355420e-01
1.917675547219262398e+03 -8.673367961043448870e-01
1.920542027857856738e+03 -8.647363698649082053e-01
1.923408508496450168e+03 -8.621437401557218161e-01
1.926274989135044507e+03 -8.595588836014539380e-01
1.929141469773637937e+03 -8.569817768968633898e-01
1.932007950412231821e+03 -8.544123968065805430e-01
1.934874431050825478e+03 -8.518507201649002658e-01
1.937740911689419363e+03 -8.492967238755635417e-01
1.940607392328013248e+03 -8.467503849115558534e-01
1.943473872966606677e+03 -8.442116803149057880e-01
1.946340353605201017e+03 -8.416805871964705421e-01
1.949206834243794447e+03 -8.391570827357268669e-01
1.952073314882388559e+03 -8.366411441805795546e-01
1.954939795520981988e+03 -8.341327488471353968e-01
1.957806276159575873e+03 -8.316318741195121156e-01
1.960672756798169758e+03 -8.291384974496398552e-01
1.963539237436763642e+03 -8.266525963570470203e-01
1.966405718075357527e+03 -8.241741484286582153e-01
1.969272198713951411e+03 -8.217031313185935160e-01
1.972138679352545068e+03 -8.192395227479754016e-01
1.975005159991138953e+03 -8.167833005047190342e-01
1.977871640629732838e+03 -8.143344424433270889e-01
1.980738121268326722e+03 -8.118929264847107863e-01
1.983604601906920152e+03 -8.094587306159662932e-01
1.986471082545514491e+03 -8.070318328901860960e-01
1.989337563184107921e+03 -8.046122114262755920e-01
1.992204043822702033e+03 -8.021998444087258262e-01
1.995070524461295463e+03 -7.997947100874504001e-01
1.997937005099889802e+03 -7.973967867775564322e-01
2.000803485738483232e+03 -7.950060528591773590e-01
2.003669966377077571e+03 -7.926224867772656557e-01
2.006536447015671001e+03 -7.902460670413885557e-01
2.009402927654264658e+03 -7.878767722255566319e-01
2.012269408292858543e+03 -7.855145809680120772e-01
2.015135888931452428e+03 -7.831594719710429642e-01
2.018002369570046312e+03 -7.808114240007912876e-01
2.020868850208639742e+03 -7.784704158870663360e-01
2.023735330847234081e+03 -7.761364265231428528e-01
2.026601811485827511e+03 -7.738094348655762955e-01
2.029468292124421623e+03 -7.714894199340219805e-01
2.032334772763015053e+03 -7.691763608110303574e-01
2.035201253401608938e+03 -7.668702366418640448e-01
2.038067734040202822e+03 -7.645710266343150874e-01
2.040934214678796707e+03 -7.622787100585143305e-01
2.043800695317390591e+03 -7.599932662467434596e-01
2.046667175955984249e+03 -7.577146745932480387e-01
2.049533656594578133e+03 -7.554429145540557666e-01
2.052400137233172245e+03 -7.531779656467846307e-01
2.055266617871765902e+03 -7.509198074504636056e-01
2.058133098510359559e+03 -7.486684196053486895e-01
2.060999579148953217e+03 -7.464237818127379409e-01
2.063866059787547329e+03 -7.441858738347839619e-01
2.066732540426140986e+03 -7.419546754943208144e-01
2.069599021064735098e+03 -7.397301666746758375e-01
2.072465501703328755e+03 -7.375123273194864604e-01
2.075331982341922867e+03 -7.353011374325243432e-01
2.078198462980516069e+03 -7.330965770775192958e-01
2.081064943619110636e+03 -7.308986263779611026e-01
2.083931424257703839e+03 -7.287072655169439805e-01
2.086797904896297950e+03 -7.265224747369704028e-01
2.089664385534891608e+03 -7.243442343397785699e-01
2.092530866173485265e+03 -7.221725246861709913e-01
2.095397346812079377e+03 -7.200073261958285231e-01
2.098263827450672579e+03 -7.178486193471385057e-01
2.101130308089267146e+03 -7.156963846770145743e-01
2.103996788727860348e+03 -7.135506027807235752e-01
2.106863269366454915e+03 -7.114112543117155907e-01
2.109729750005048118e+03 -7.092783199814424178e-01
2.112596230643641775e+03 -7.071517805591889250e-01
2.115462711282235887e+03 -7.050316168718940846e-01
2.118329191920829544e+03 -7.029178098039801093e-01
2.121195672559423656e+03 -7.008103402971824769e-01
2.124062153198017313e+03 -6.987091893503786233e-01
2.126928633836611425e+03 -6.966143380194158574e-01
2.129795114475205082e+03 -6.945257674169315054e-01
2.132661595113798739e+03 -6.924434587121989226e-01
2.135528075752392851e+03 -6.903673931309450840e-01
2.138394556390986054e+03 -6.882975519551870480e-01
2.141261037029580621e+03 -6.862339165230647575e-01
2.144127517668173823e+03 -6.841764682286609611e-01
2.146993998306767935e+03 -6.821251885218490019e-01
2.149860478945361592e+03 -6.800800589081228420e-01
2.152726959583955704e+03 -6.780410609484150974e-01
2.155593440222549361e+03 -6.760081762589511545e-01
2.158459920861143473e+03 -6.739813865110657609e-01
2.161326401499737131e+03 -6.719606734310626939e-01
2.164192882138330788e+03 -6.699460188000101457e-01
2.167059362776924445e+03 -6.679374044536203758e-01
2.169925843415518557e+03 -6.659348122820527571e-01
2.172792324054112214e+03 -6.639382242297751091e-01
2.175658804692705871e+03 -6.619476222953761813e-01
2.178525285331299983e+03 -6.599629885314184374e-01
2.181391765969893640e+03 -6.579843050442862884e-01
2.184258246608487752e+03 -6.560115539939976870e-01
2.187124727247080955e+03 -6.540447175940680147e-01
2.189991207885675067e+03 -6.520837781113320020e-01
2.192857688524268724e+03 -6.501287178657957355e-01
2.195724169162862836e+03 -6.481795192304729003e-01
2.198590649801456493e+03 -6.462361646312265728e-01
2.201457130440050605e+03 -6.442986365466151222e-01
2.204323611078644262e+03 -6.423669175077135751e-01
2.207190091717237920e+03 -6.404409900979909365e-01
2.210056572355832031e+03 -6.385208369531234496e-01
2.212923052994425689e+03 -6.366064407608515996e-01
2.215789533633019346e+03 -6.346977842608175768e-01
2.218656014271613458e+03 -6.327948502444166179e-01
2.221522494910207115e+03 -6.308976215546420185e-01
2.224388975548801227e+03 -6.290060810859182672e-01
2.227255456187394429e+03 -6.271202117839616008e-01
2.230121936825988996e+03 -6.252399966456247959e-01
2.232988417464582199e+03 -6.233654187187264162e-01
2.235854898103176765e+03 -6.214964611019171414e-01
2.238721378741769968e+03 -6.196331069445228934e-01
2.241587859380363625e+03 -6.177753394463930681e-01
2.244454340018957737e+03 -6.159231418577377770e-01
2.247320820657551394e+03 -6.140764974789939545e-01
2.250187301296145506e+03 -6.122353896606678170e-01
2.253053781934738709e+03 -6.103998018031747685e-01
2.255920262573333275e+03 -6.085697173567090612e-01
2.258786743211926478e+03 -6.067451198210760399e-01
2.261653223850520590e+03 -6.049259927455604702e-01
2.264519704489114247e+03 -6.031123197287624471e-01
2.267386185127707904e+03 -6.013040844184538436e-01
2.270252665766302016e+03 -5.995012705114453055e-01
2.273119146404895673e+03 -5.977038617534135012e-01
2.275985627043489785e+03 -5.959118419387786636e-01
2.278852107682083442e+03 -5.941251949105434971e-01
2.281718588320677100e+03 -5.923439045601552877e-01
2.284585068959271211e+03 -5.905679548273538026e-01
2.287451549597864869e+03 -5.887973297000350659e-01
2.290318030236458981e+03 -5.870320132140969260e-01
2.293184510875052183e+03 -5.852719894533080502e-01
2.296050991513646295e+03 -5.835172425491483850e-01
2.298917472152239952e+03 -5.817677566806799261e-01
2.301783952790834064e+03 -5.800235160743940632e-01
2.304650433429427721e+03 -5.782845050040850143e-01
2.307516914068021833e+03 -5.765507077906797395e-01
2.310383394706615491e+03 -5.748221088021312486e-01
2.313249875345209603e+03 -5.730986924532466276e-01
2.316116355983802805e+03 -5.713804432055699101e-01
2.318982836622396917e+03 -5.696673455672267572e-01
2.321849317260990574e+03 -5.679593840927941173e-01
2.324715797899584686e+03 -5.662565433831514561e-01
2.327582278538178343e+03 -5.645588080853529700e-01
2.330448759176772001e+03 -5.628661628924835902e-01
2.333315239815366112e+03 -5.611785925435153199e-01
2.336181720453959315e+03 -5.594960818231814459e-01
2.339048201092553882e+03 -5.578186155618329867e-01
2.341914681731147084e+03 -5.561461786352983605e-01
2.344781162369741196e+03 -5.544787559647577080e-01
2.347647643008334853e+03 -5.528163325165910136e-01
2.350514123646928965e+03 -5.511588933022597558e-01
2.353380604285522622e+03 -5.495064233781602470e-01
2.356247084924116280e+03 -5.478589078454915162e-01
2.359113565562710392e+03 -5.462163318501263021e-01
2.361980046201304049e+03 -5.445786805824690546e-01
2.364846526839898161e+03 -5.429459392773239301e-01
2.367713007478491818e+03 -5.413180932137675594e-01
2.370579488117085475e+03 -5.396951277150126014e-01
2.373445968755679587e+03 -5.380770281482734063e-01
2.376312449394272790e+03 -5.364637799246416705e-01
2.379178930032867356e+03 -5.348553684989378887e-01
2.382045410671460559e+03 -5.332517793696047725e-01
2.384911891310055125e+03 -5.316529980785501541e-01
2.387778371948648328e+03 -5.300590102110396273e-01
2.390644852587242440e+03 -5.284698013955553275e-01
2.393511333225836097e+03 -5.268853573036667015e-01
2.396377813864429754e+03 -5.253056636498981691e-01
2.399244294503023866e+03 -5.237307061916111062e-01
2.402110775141617523e+03 -5.221604707288654001e-01
2.404977255780211635e+03 -5.205949431042957709e-01
2.407843736418804838e+03 -5.190341092029819858e-01
2.410710217057398950e+03 -5.174779549523259581e-01
2.413576697695992607e+03 -5.159264663219178537e-01
2.416443178334586719e+03 -5.143796293234161876e-01
2.419309658973180376e+03 -5.128374300104195926e-01
2.422176139611774033e+03 -5.112998544783362576e-01
2.425042620250368145e+03 -5.097668888642710172e-01
2.427909100888961802e+03 -5.082385193468798024e-01
2.430775581527555460e+03 -5.067147321462703857e-01
2.433642062166149572e+03 -5.051955135238564987e-01
2.436508542804743229e+03 -5.036808497822472530e-01
2.439375023443337341e+03 -5.021707272651141363e-01
2.442241504081930998e+03 -5.006651323570792123e-01
2.445107984720524655e+03 -4.991640514835801179e-01
2.447974465359118312e+03 -4.976674711107566540e-01
2.450840945997712424e+03 -4.961753777453243863e-01
2.453707426636306081e+03 -4.946877579344542419e-01
2.456573907274900193e+03 -4.932045982656512173e-01
2.459440387913493851e+03 -4.917258853666350293e-01
2.462306868552087963e+03 -4.902516059052140496e-01
2.465173349190681165e+03 -4.887817465891718394e-01
2.468039829829275732e+03 -4.873162941661446923e-01
2.470906310467868934e+03 -4.858552354235006199e-01
2.473772791106463046e+03 -4.843985571882205576e-01
2.476639271745056703e+03 -4.829462463267821803e-01
2.479505752383650815e+03 -4.814982897450411081e-01
2.482372233022244473e+03 -4.800546743881071721e-01
2.485238713660837675e+03 -4.786153872402353904e-01
2.488105194299432242e+03 -4.771804153247010682e-01
2.490971674938025444e+03 -4.757497457036901078e-01
2.493838155576620011e+03 -4.743233654781726094e-01
2.496704636215213213e+03 -4.729012617877967894e-01
2.499571116853807325e+03 -4.714834218107664676e-01
2.502437597492400982e+03 -4.700698327637292118e-01
2.505304078130994640e+03 -4.686604819016572665e-01
2.508170558769588752e+03 -4.672553565177349766e-01
2.511037039408182409e+03 -4.658544439432463768e-01
2.513903520046776521e+03 -4.644577315474547330e-01
2.516770000685370178e+03 -4.630652067374956826e-01
2.519636481323963835e+03 -4.616768569582598292e-01
2.522502961962557947e+03 -4.602926696922783334e-01
2.525369442601151150e+03 -4.589126324596169981e-01
2.528235923239745716e+03 -4.575367328177509241e-01
2.531102403878338919e+03 -4.561649583614664216e-01
2.533968884516933031e+03 -4.547972967227387198e-01
2.536835365155526688e+03 -4.534337355706281047e-01
2.539701845794120800e+03 -4.520742626111647899e-01
2.542568326432714457e+03 -4.507188655872347849e-01
2.545434807071308569e+03 -4.493675322784755344e-01
2.548301287709902226e+03 -4.480202505011667280e-01
2.551167768348495883e+03 -4.466770081081099519e-01
2.554034248987089541e+03 -4.453377929885314335e-01
2.556900729625683653e+03 -4.440025930679658561e-01
2.559767210264277310e+03 -4.426713963081498338e-01
2.562633690902870967e+03 -4.413441907069128867e-01
2.565500171541465079e+03 -4.400209642980678071e-01
2.568366652180058736e+03 -4.387017051513046884e-01
2.571233132818652848e+03 -4.373864013720843436e-01
2.574099613457246051e+03 -4.360750411015290595e-01
2.576966094095840162e+03 -4.347676125163145167e-01
2.579832574734433820e+03 -4.334641038285649839e-01
2.582699055373027932e+03 -4.321645032857482915e-01
2.585565536011621589e+03 -4.308687991705675846e-01
2.588432016650215701e+03 -4.295769798008575169e-01
2.591298497288809358e+03 -4.282890335294751161e-01
2.594164977927403015e+03 -4.270049487442026948e-01
2.597031458565997127e+03 -4.257247138676317766e-01
2.599897939204590784e+03 -4.244483173570706147e-01
2.602764419843184442e+03 -4.231757477044307825e-01
2.605630900481778554e+03 -4.219069934361276974e-01
2.608497381120372211e+03 -4.206420431129775928e-01
2.611363861758966323e+03 -4.193808853300942663e-01
2.614230342397559525e+03 -4.181235087167827769e-01
2.617096823036154092e+03 -4.168699019364419667e-01
2.619963303674747294e+03 -4.156200536864577133e-01
2.622829784313341861e+03 -4.143739526981042309e-01
2.625696264951935063e+03 -4.131315877364413747e-01
2.628562745590528721e+03 -4.118929476002137213e-01
2.631429226229122833e+03 -4.106580211217475962e-01
2.634295706867716490e+03 -4.094267971668538730e-01
2.637162187506310602e+03 -4.081992646347241682e-01
2.640028668144903804e+03 -4.069754124578331411e-01
2.642895148783498371e+03 -4.057552296018372973e-01
2.645761629422091573e+03 -4.045387050654769001e-01
2.648628110060685685e+03 -4.033258278804753294e-01
2.651494590699279343e+03 -4.021165871114407153e-01
2.654361071337873000e+03 -4.009109718557666291e-01
2.657227551976467112e+03 -3.997089712435363817e-01
2.660094032615060769e+03 -3.985105744374216052e-01
2.662960513253654881e+03 -3.973157706325873839e-01
2.665826993892248538e+03 -3.961245490565928340e-01
2.668693474530842195e+03 -3.949368989692941811e-01
2.671559955169436307e+03 -3.937528096627498919e-01
2.674426435808029964e+03 -3.925722704611218083e-01
2.677292916446624076e+03 -3.913952707205793913e-01
2.680159397085217279e+03 -3.902217998292051293e-01
2.683025877723811391e+03 -3.890518472068991707e-01
2.685892358362405048e+03 -3.878854023052783484e-01
2.688758839000999160e+03 -3.867224546075895275e-01
2.691625319639592817e+03 -3.855629936286085191e-01
2.694491800278186929e+03 -3.844070089145486535e-01
2.697358280916780586e+03 -3.832544900429644685e-01
2.700224761555374698e+03 -3.821054266226611151e-01
2.703091242193967901e+03 -3.809598082935956032e-01
2.705957722832562013e+03 -3.798176247267877059e-01
2.708824203471155670e+03 -3.786788656242232598e-01
2.711690684109749782e+03 -3.775435207187677333e-01
2.714557164748343439e+03 -3.764115797740649749e-01
2.717423645386937096e+03 -3.752830325844506709e-01
2.720290126025531208e+03 -3.741578689748598641e-01
2.723156606664124411e+03 -3.730360788007323625e-01
2.726023087302718977e+03 -3.719176519479242549e-01
2.728889567941312180e+03 -3.708025783326156510e-01
2.731756048579906292e+03 -3.696908479012194215e-01
2.734622529218499949e+03 -3.685824506302911585e-01
2.737489009857094061e+03 -3.674773765264370828e-01
2.740355490495687718e+03 -3.663756156262272801e-01
2.743221971134281375e+03 -3.652771579961042181e-01
2.746088451772875487e+03 -3.641819937322899881e-01
2.748954932411469144e+03 -3.630901129607033151e-01
2.751821413050063256e+03 -3.620015058368638017e-01
2.754687893688656914e+03 -3.609161625458090494e-01
2.757554374327250571e+03 -3.598340733020045645e-01
2.760420854965844683e+03 -3.587552283492509431e-01
2.763287335604437885e+03 -3.576796179606028248e-01
2.766153816243032452e+03 -3.566072324382749126e-01
2.769020296881625654e+03 -3.555380621135598163e-01
2.771886777520220221e+03 -3.544720973467387903e-01
2.774753258158813424e+03 -3.534093285269941376e-01
2.777619738797407535e+03 -3.523497460723220009e-01
2.780486219436001193e+03 -3.512933404294484308e-01
2.783352700074594850e+03 -3.502401020737417325e-01
2.786219180713188962e+03 -3.491900215091241488e-01
2.789085661351782619e+03 -3.481430892679941991e-01
2.791952141990376731e+03 -3.470992959111303122e-01
2.794818622628969933e+03 -3.460586320276148320e-01
2.797685103267564045e+03 -3.450210882347433672e-01
2.800551583906157703e+03 -3.439866551779445780e-01
2.803418064544751815e+03 -3.429553235306928016e-01
2.806284545183345472e+03 -3.419270839944256735e-01
2.809151025821939129e+03 -3.409019272984575299e-01
2.812017506460533241e+03 -3.398798441999000275e-01
2.814883987099126898e+03 -3.388608254835750455e-01
2.817750467737720555e+03 -3.378448619619344173e-01
2.820616948376314667e+03 -3.368319444749743319e-01
2.823483429014908324e+03 -3.358220638901569521e-01
2.826349909653502436e+03 -3.348152111023216526e-01
2.829216390292096094e+03 -3.338113770336104125e-01
2.832082870930689751e+03 -3.328105526333797748e-01
2.834949351569283408e+03 -3.318127288781215767e-01
2.837815832207877520e+03 -3.308178967713835128e-01
2.840682312846471177e+03 -3.298260473436852025e-01
2.843548793485065289e+03 -3.288371716524371990e-01
2.846415274123658946e+03 -3.278512607818632740e-01
2.849281754762253058e+03 -3.268683058429173727e-01
2.852148235400846261e+03 -3.258882979732058982e-01
2.855014716039440827e+03 -3.249112283369021137e-01
2.857881196678034030e+03 -3.239370881246753098e-01
2.860747677316628142e+03 -3.229658685536041518e-01
2.863614157955221799e+03 -3.219975608671012401e-01
