0.000000000000000000e+00 -1.275308585561590213e+01
1.077784259746821932e-01 -1.274322609651346028e+01
2.155568519493643864e-01 -1.272071168282955433e+01
3.233352779240465380e-01 -1.269098490464306650e+01
4.311137038987287728e-01 -1.265724777646345700e+01
5.388921298734109522e-01 -1.262135524307539391e+01
6.466705558480930760e-01 -1.258436378775932063e+01
7.544489818227753108e-01 -1.254686362158984991e+01
8.622274077974575457e-01 -1.250917693730096758e+01
9.700058337721396695e-01 -1.247147449062831193e+01
1.077784259746821904e+00 -1.243384311363447559e+01
1.185562685721504028e+00 -1.239632418739796904e+01
1.293341111696186152e+00 -1.235893518708192929e+01
1.401119537670868498e+00 -1.232168151335060102e+01
1.508897963645550622e+00 -1.228456284051402569e+01
1.616676389620232746e+00 -1.224757642368194865e+01
1.724454815594915091e+00 -1.221071875253599437e+01
1.832233241569597437e+00 -1.217398632703704209e+01
1.940011667544279339e+00 -1.213737598055227984e+01
2.047790093518961463e+00 -1.210088497925412554e+01
2.155568519493643809e+00 -1.206451101796180758e+01
2.263346945468325710e+00 -1.202825217364637034e+01
2.371125371443008056e+00 -1.199210684646119240e+01
2.478903797417690402e+00 -1.195607370191424579e+01
2.586682223392372304e+00 -1.192015161961085923e+01
2.694460649367054650e+00 -1.188433965007538973e+01
2.802239075341736996e+00 -1.184863697939436378e+01
2.910017501316419342e+00 -1.181304290074885621e+01
3.017795927291101243e+00 -1.177755679172541114e+01
3.125574353265783589e+00 -1.174217809634898302e+01
3.233352779240465491e+00 -1.170690631091344969e+01
3.341131205215147837e+00 -1.167174097283729317e+01
3.448909631189830183e+00 -1.163668165191487702e+01
3.556688057164512529e+00 -1.160172794345739256e+01
3.664466483139194874e+00 -1.156687946292056068e+01
3.772244909113877220e+00 -1.153213584170033279e+01
3.880023335088558678e+00 -1.149749672384453270e+01
3.987801761063241024e+00 -1.146296176348179330e+01
4.095580187037922926e+00 -1.142853062281271193e+01
4.203358613012605716e+00 -1.139420297054025788e+01
4.311137038987287617e+00 -1.135997848064395832e+01
4.418915464961970407e+00 -1.132585683142228561e+01
4.526693890936651421e+00 -1.129183770474491055e+01
4.634472316911334211e+00 -1.125792078546896846e+01
4.742250742886016113e+00 -1.122410576098272550e+01
4.850029168860698903e+00 -1.119039232084934632e+01
4.957807594835380804e+00 -1.115678015652811439e+01
5.065586020810063594e+00 -1.112326896115676966e+01
5.173364446784744608e+00 -1.108985842938090549e+01
5.281142872759427398e+00 -1.105654825722055001e+01
5.388921298734109300e+00 -1.102333814196524919e+01
5.496699724708792090e+00 -1.099022778209193874e+01
5.604478150683473991e+00 -1.095721687720004844e+01
5.712256576658156781e+00 -1.092430512796047282e+01
5.820035002632838683e+00 -1.089149223607518380e+01
5.927813428607520585e+00 -1.085877790424508227e+01
6.035591854582202487e+00 -1.082616183614425154e+01
6.143370280556885277e+00 -1.079364373639954344e+01
6.251148706531567179e+00 -1.076122331057386639e+01
6.358927132506249968e+00 -1.072890026515257667e+01
6.466705558480930982e+00 -1.069667430753244552e+01
6.574483984455614660e+00 -1.066454514601227999e+01
6.682262410430295674e+00 -1.063251248978518682e+01
6.790040836404978464e+00 -1.060057604893189165e+01
6.897819262379660366e+00 -1.056873553441491964e+01
7.005597688354342267e+00 -1.053699065807360213e+01
7.113376114329025057e+00 -1.050534113261949187e+01
7.221154540303706959e+00 -1.047378667163230048e+01
7.328932966278389749e+00 -1.044232698955614502e+01
7.436711392253071651e+00 -1.041096180169604679e+01
7.544489818227754441e+00 -1.037969082421460421e+01
7.652268244202435454e+00 -1.034851377412896234e+01
7.760046670177117356e+00 -1.031743036930772028e+01
7.867825096151800146e+00 -1.028644032846811918e+01
7.975603522126482048e+00 -1.025554337117318227e+01
8.083381948101164838e+00 -1.022473921782901485e+01
8.191160374075845851e+00 -1.019402758968206335e+01
8.298938800050528641e+00 -1.016340820881648455e+01
8.406717226025211431e+00 -1.013288079815157694e+01
8.514495651999892445e+00 -1.010244508143914466e+01
8.622274077974575235e+00 -1.007210078326096792e+01
8.730052503949258025e+00 -1.004184762902623440e+01
8.837830929923940815e+00 -1.001168534496904527e+01
8.945609355898621828e+00 -9.981613658145905177e+00
9.053387781873302842e+00 -9.951632296433215785e+00
9.161166207847987408e+00 -9.921740988524822669e+00
9.268944633822668422e+00 -9.891939463929519505e+00
9.376723059797351212e+00 -9.862227452968591379e+00
9.484501485772032225e+00 -9.832604686773402491e+00
9.592279911746716792e+00 -9.803070897282902152e+00
9.700058337721397805e+00 -9.773625817241228475e+00
9.807836763696078819e+00 -9.744269180195294311e+00
9.915615189670761609e+00 -9.715000720492344755e+00
1.002339361564544440e+01 -9.685820173277562617e+00
1.013117204162012719e+01 -9.656727274491673896e+00
1.023895046759480820e+01 -9.627721760868560352e+00
1.034672889356948922e+01 -9.598803369932866758e+00
1.045450731954417378e+01 -9.569971839997620577e+00
1.056228574551885480e+01 -9.541226910161880070e+00
1.067006417149353759e+01 -9.512568320308357528e+00
1.077784259746821860e+01 -9.483995811101076256e+00
1.088562102344290139e+01 -9.455509123983011577e+00
1.099339944941758418e+01 -9.427108001173762020e+00
1.110117787539226519e+01 -9.398792185667211641e+00
1.120895630136694798e+01 -9.370561421229197663e+00
1.131673472734163077e+01 -9.342415452395210096e+00
1.142451315331631356e+01 -9.314354024468061155e+00
1.153229157929099458e+01 -9.286376883515584879e+00
1.164007000526567737e+01 -9.258483776368345630e+00
1.174784843124035838e+01 -9.230674450617339488e+00
1.185562685721504117e+01 -9.202948654611722290e+00
1.196340528318972396e+01 -9.175306137456514577e+00
1.207118370916440497e+01 -9.147746649010340292e+00
1.217896213513908776e+01 -9.120269939883176136e+00
1.228674056111377055e+01 -9.092875761434063620e+00
1.239451898708845334e+01 -9.065563865768888618e+00
1.250229741306313436e+01 -9.038334005738127175e+00
1.261007583903781537e+01 -9.011185934934601960e+00
1.271785426501249994e+01 -8.984119407691270709e+00
1.282563269098718095e+01 -8.957134179078975578e+00
1.293341111696186196e+01 -8.930230004904256447e+00
1.304118954293654653e+01 -8.903406641707121594e+00
1.314896796891122932e+01 -8.876663846758855669e+00
1.325674639488591033e+01 -8.850001378059811685e+00
1.336452482086059135e+01 -8.823418994337227872e+00
1.347230324683527414e+01 -8.796916455043053418e+00
1.358008167280995693e+01 -8.770493520351745786e+00
1.368786009878463972e+01 -8.744149951158133760e+00
1.379563852475932073e+01 -8.717885509075228967e+00
1.390341695073400174e+01 -8.691699956432072938e+00
1.401119537670868453e+01 -8.665593056271600148e+00
1.411897380268336910e+01 -8.639564572348476190e+00
1.422675222865805011e+01 -8.613614269126967926e+00
1.433453065463273113e+01 -8.587741911778817183e+00
1.444230908060741392e+01 -8.561947266181107352e+00
1.455008750658209493e+01 -8.536230098914140640e+00
1.465786593255677950e+01 -8.510590177259343747e+00
1.476564435853146051e+01 -8.485027269197146893e+00
1.487342278450614330e+01 -8.459541143404887720e+00
1.498120121048082432e+01 -8.434131569254718741e+00
1.508897963645550888e+01 -8.408798316811516571e+00
1.519675806243018990e+01 -8.383541156830816021e+00
1.530453648840487091e+01 -8.358359860756715776e+00
1.541231491437955370e+01 -8.333254200719817817e+00
1.552009334035423471e+01 -8.308223949535170405e+00
1.562787176632891928e+01 -8.283268880700205727e+00
1.573565019230360029e+01 -8.258388768392702417e+00
1.584342861827828308e+01 -8.233583387468714321e+00
1.595120704425296410e+01 -8.208852513460568545e+00
1.605898547022764689e+01 -8.184195922574808435e+00
1.616676389620232968e+01 -8.159613391690175632e+00
1.627454232217701247e+01 -8.135104698355601016e+00
1.638232074815169170e+01 -8.110669620788172551e+00
1.649009917412637449e+01 -8.086307937871147544e+00
1.659787760010105728e+01 -8.062019429151934702e+00
1.670565602607574007e+01 -8.037803874840115270e+00
1.681343445205042286e+01 -8.013661055805444633e+00
1.692121287802510565e+01 -7.989590753575866344e+00
1.702899130399978489e+01 -7.965592750335545702e+00
1.713676972997447123e+01 -7.941666828922888222e+00
1.724454815594915047e+01 -7.917812772828582979e+00
1.735232658192383326e+01 -7.894030366193637960e+00
1.746010500789851605e+01 -7.870319393807427844e+00
1.756788343387319529e+01 -7.846679641105749781e+00
1.767566185984788163e+01 -7.823110894168872953e+00
1.778344028582256087e+01 -7.799612939719616556e+00
1.789121871179724366e+01 -7.776185565121407350e+00
1.799899713777192645e+01 -7.752828558376361201e+00
1.810677556374660568e+01 -7.729541708123363719e+00
1.821455398972129203e+01 -7.706324803636157128e+00
1.832233241569597482e+01 -7.683177634821435120e+00
1.843011084167065405e+01 -7.660099992216941267e+00
1.853788926764533684e+01 -7.637091666989567429e+00
1.864566769362001963e+01 -7.614152450933477922e+00
1.875344611959470242e+01 -7.591282136468207042e+00
1.886122454556938521e+01 -7.568480516636798328e+00
1.896900297154406445e+01 -7.545747385103922511e+00
1.907678139751874724e+01 -7.523082536154006128e+00
1.918455982349343358e+01 -7.500485764689381440e+00
1.929233824946811282e+01 -7.477956866228421262e+00
1.940011667544279561e+01 -7.455495636903695988e+00
1.950789510141747840e+01 -7.433101873460119080e+00
1.961567352739215764e+01 -7.410775373253116527e+00
1.972345195336684398e+01 -7.388515934246789207e+00
1.983123037934152322e+01 -7.366323355012086793e+00
1.993900880531620601e+01 -7.344197434724981655e+00
2.004678723129088880e+01 -7.322137973164652536e+00
2.015456565726556803e+01 -7.300144770711675335e+00
2.026234408324025438e+01 -7.278217628346217438e+00
2.037012250921493361e+01 -7.256356347646228500e+00
2.047790093518961640e+01 -7.234560730785656091e+00
2.058567936116429919e+01 -7.212830580532646252e+00
2.069345778713897843e+01 -7.191165700247765358e+00
2.080123621311366477e+01 -7.169565893882214880e+00
2.090901463908834756e+01 -7.148030965976064799e+00
2.101679306506302680e+01 -7.126560721656476360e+00
2.112457149103770959e+01 -7.105154966635945257e+00
2.123234991701239238e+01 -7.083813507210537708e+00
2.134012834298707517e+01 -7.062536150258146961e+00
2.144790676896175796e+01 -7.041322703236732927e+00
2.155568519493643720e+01 -7.020172974182589343e+00
2.166346362091111999e+01 -6.999086771708606491e+00
2.177124204688580278e+01 -6.978063905002530376e+00
2.187902047286048557e+01 -6.957104183825246757e+00
2.198679889883516836e+01 -6.936207418509056311e+00
2.209457732480984760e+01 -6.915373419955953338e+00
2.220235575078453039e+01 -6.894601999635918688e+00
2.231013417675921673e+01 -6.873892969585217116e+00
2.241791260273389597e+01 -6.853246142404691099e+00
2.252569102870857876e+01 -6.832661331258062631e+00
2.263346945468326155e+01 -6.812138349870252796e+00
2.274124788065794434e+01 -6.791677012525684454e+00
2.284902630663262713e+01 -6.771277134066611580e+00
2.295680473260730636e+01 -6.750938529891437057e+00
2.306458315858198915e+01 -6.730661015953042892e+00
2.317236158455667194e+01 -6.710444408757128443e+00
2.328014001053135473e+01 -6.690288525360546856e+00
2.338791843650603752e+01 -6.670193183369649503e+00
2.349569686248071676e+01 -6.650158200938639297e+00
2.360347528845539955e+01 -6.630183396767918680e+00
2.371125371443008234e+01 -6.610268590102456265e+00
2.381903214040476513e+01 -6.590413600730142818e+00
2.392681056637944792e+01 -6.570618248980168552e+00
2.403458899235413071e+01 -6.550882355721395101e+00
2.414236741832880995e+01 -6.531205742360729261e+00
2.425014584430349274e+01 -6.511588230841511837e+00
2.435792427027817553e+01 -6.492029643641908265e+00
2.446570269625285832e+01 -6.472529803773297452e+00
2.457348112222754111e+01 -6.453088534778672170e+00
2.468125954820222034e+01 -6.433705660731039444e+00
2.478903797417690669e+01 -6.414381006231838711e+00
2.489681640015158592e+01 -6.395114396409338653e+00
2.500459482612626871e+01 -6.375905656917068676e+00
2.511237325210095150e+01 -6.356754613932235287e+00
2.522015167807563074e+01 -6.337661094154146468e+00
2.532793010405031708e+01 -6.318624924802648479e+00
2.543570853002499987e+01 -6.299645933616564442e+00
2.554348695599967911e+01 -6.280723948852124039e+00
2.565126538197436190e+01 -6.261858799281425192e+00
2.575904380794904469e+01 -6.243050314190869088e+00
2.586682223392372393e+01 -6.224298323379626297e+00
2.597460065989840672e+01 -6.205602657158093116e+00
2.608237908587309306e+01 -6.186963146346354137e+00
2.619015751184777585e+01 -6.168379622272654572e+00
2.629793593782245864e+01 -6.149851916771872595e+00
2.640571436379713788e+01 -6.131379862183996110e+00
2.651349278977182067e+01 -6.112963291352606632e+00
2.662127121574650346e+01 -6.094602037623367607e+00
2.672904964172118270e+01 -6.076295934842514512e+00
2.683682806769586549e+01 -6.058044817355355605e+00
2.694460649367054828e+01 -6.039848520004765575e+00
2.705238491964522751e+01 -6.021706878129696960e+00
2.716016334561991385e+01 -6.003619727563688002e+00
2.726794177159459664e+01 -5.985586904633377614e+00
2.737572019756927943e+01 -5.967608246157023899e+00
2.748349862354395867e+01 -5.949683589443026221e+00
2.759127704951864146e+01 -5.931812772288456159e+00
2.769905547549332425e+01 -5.913995632977586681e+00
2.780683390146800349e+01 -5.896232010280430202e+00
2.791461232744268628e+01 -5.878521743451280201e+00
2.802239075341736907e+01 -5.860864672227253713e+00
2.813016917939205541e+01 -5.843260636826844490e+00
2.823794760536673820e+01 -5.825709477948477044e+00
2.834572603134141744e+01 -5.808211036769060698e+00
2.845350445731610023e+01 -5.790765154942557835e+00
2.856128288329078302e+01 -5.773371674598547720e+00
2.866906130926546226e+01 -5.756030438340799193e+00
2.877683973524014505e+01 -5.738741289245843369e+00
2.888461816121482784e+01 -5.721504070861559654e+00
2.899239658718950707e+01 -5.704318627205755554e+00
2.910017501316418986e+01 -5.687184802764756242e+00
2.920795343913887621e+01 -5.670102442491996797e+00
2.931573186511355900e+01 -5.653071391806618884e+00
2.942351029108824179e+01 -5.636091496592074535e+00
2.953128871706292102e+01 -5.619162603194725492e+00
2.963906714303760381e+01 -5.602284558422464755e+00
2.974684556901228660e+01 -5.585457209543312374e+00
2.985462399498696584e+01 -5.568680404284052088e+00
2.996240242096164863e+01 -5.551953990828838670e+00
3.007018084693633142e+01 -5.535277817817834567e+00
3.017795927291101776e+01 -5.518651734345831450e+00
3.028573769888569700e+01 -5.502075589960893964e+00
3.039351612486037979e+01 -5.485549234662990159e+00
3.050129455083506258e+01 -5.469072518902637015e+00
3.060907297680974182e+01 -5.452645293579548635e+00
3.071685140278442461e+01 -5.436267410041287107e+00
3.082462982875910740e+01 -5.419938720081910688e+00
3.093240825473378663e+01 -5.403659075940644207e+00
3.104018668070846942e+01 -5.387428330300533474e+00
3.114796510668315221e+01 -5.371246336287112122e+00
3.125574353265783856e+01 -5.355112947467077333e+00
3.136352195863252135e+01 -5.339028017846963792e+00
3.147130038460720058e+01 -5.322991401871815853e+00
3.157907881058188337e+01 -5.307002954423880148e+00
3.168685723655656616e+01 -5.291062530821285748e+00
3.179463566253124540e+01 -5.275169986816738543e+00
3.190241408850592819e+01 -5.259325178596212069e+00
3.201019251448060743e+01 -5.243527962777649876e+00
3.211797094045529377e+01 -5.227778196409666123e+00
3.222574936642998011e+01 -5.212075736970252393e+00
3.233352779240465935e+01 -5.196420442365488057e+00
3.244130621837933859e+01 -5.180812170928254190e+00
3.254908464435402493e+01 -5.165250781416954595e+00
3.265686307032870417e+01 -5.149736133014227946e+00
3.276464149630338341e+01 -5.134268085325688347e+00
3.287241992227806975e+01 -5.118846498378641918e+00
3.298019834825274899e+01 -5.103471232620826470e+00
3.308797677422742822e+01 -5.088142148919150287e+00
3.319575520020211457e+01 -5.072859108558425589e+00
3.330353362617680091e+01 -5.057621973240118862e+00
3.341131205215148015e+01 -5.042430605081102968e+00
3.351909047812616649e+01 -5.027284866612399483e+00
3.362686890410084573e+01 -5.012184620777943245e+00
3.373464733007552496e+01 -4.997129730933338010e+00
3.384242575605021131e+01 -4.982120060844620113e+00
3.395020418202489054e+01 -4.967155474687025674e+00
3.405798260799956978e+01 -4.952235837043767575e+00
3.416576103397425612e+01 -4.937361012904798230e+00
3.427353945994894246e+01 -4.922530867665597221e+00
3.438131788592362170e+01 -4.907745267125951827e+00
3.448909631189830094e+01 -4.893004077488740222e+00
3.459687473787298728e+01 -4.878307165358719999e+00
3.470465316384766652e+01 -4.863654397741324686e+00
3.481243158982234576e+01 -4.849045642041456716e+00
3.492021001579703210e+01 -4.834480766062291046e+00
3.502798844177171134e+01 -4.819959638004076119e+00
3.513576686774639057e+01 -4.805482126462942816e+00
3.524354529372107692e+01 -4.791048100429711631e+00
3.535132371969576326e+01 -4.776657429288713175e+00
3.545910214567044250e+01 -4.762309982816605114e+00
3.556688057164512173e+01 -4.748005631181186459e+00
3.567465899761980808e+01 -4.733744244940232271e+00
3.578243742359448731e+01 -4.719525695040315938e+00
3.589021584956916655e+01 -4.705349852815643885e+00
3.599799427554385289e+01 -4.691216589986892060e+00
3.610577270151853213e+01 -4.677125778660041533e+00
3.621355112749321137e+01 -4.663077291325228302e+00
3.632132955346790482e+01 -4.649071000855578006e+00
3.642910797944258405e+01 -4.635106780506068169e+00
3.653688640541726329e+01 -4.621184503912372676e+00
3.664466483139194963e+01 -4.607304045089720468e+00
3.675244325736662887e+01 -4.593465278431757781e+00
3.686022168334130811e+01 -4.579668078709406842e+00
3.696800010931599445e+01 -4.565912321069740543e+00
3.707577853529067369e+01 -4.552197881034841132e+00
3.718355696126535292e+01 -4.538524634500685551e+00
3.729133538724003927e+01 -4.524892457736013007e+00
3.739911381321472561e+01 -4.511301227381213863e+00
3.750689223918940485e+01 -4.497750820447205200e+00
3.761467066516408408e+01 -4.484241114314321486e+00
3.772244909113877043e+01 -4.470771986731209680e+00
3.783022751711344966e+01 -4.457343315813712792e+00
3.793800594308812890e+01 -4.443954980043773872e+00
3.804578436906281524e+01 -4.430606858268337334e+00
3.815356279503749448e+01 -4.417298829698247609e+00
3.826134122101217372e+01 -4.404030773907161134e+00
3.836911964698686717e+01 -4.390802570830449447e+00
3.847689807296154640e+01 -4.377614100764123606e+00
3.858467649893622564e+01 -4.364465244363742613e+00
3.869245492491091198e+01 -4.351355882643334283e+00
3.880023335088559122e+01 -4.338285896974317879e+00
3.890801177686027046e+01 -4.325255169084440077e+00
3.901579020283495680e+01 -4.312263581056688722e+00
3.912356862880963604e+01 -4.299311015328239449e+00
3.923134705478431528e+01 -4.286397354689386319e+00
3.933912548075900162e+01 -4.273522482282479551e+00
3.944690390673368796e+01 -4.260686281600871261e+00
3.955468233270836720e+01 -4.247888636487859415e+00
3.966246075868304644e+01 -4.235129431135638889e+00
3.977023918465773278e+01 -4.222408550084250756e+00
3.987801761063241202e+01 -4.209725878220536899e+00
3.998579603660709125e+01 -4.197081300777103507e+00
4.009357446258177760e+01 -4.184474703331275691e+00
4.020135288855645683e+01 -4.171905971804068081e+00
4.030913131453113607e+01 -4.159374992459147435e+00
4.041690974050582241e+01 -4.146881651901808574e+00
4.052468816648050876e+01 -4.134425837077943200e+00
4.063246659245518799e+01 -4.122007435273020270e+00
4.074024501842986723e+01 -4.109626334111065482e+00
4.084802344440455357e+01 -4.097282421553640752e+00
4.095580187037923281e+01 -4.084975585898837025e+00
4.106358029635391205e+01 -4.072705715780257307e+00
4.117135872232859839e+01 -4.060472700166015692e+00
4.127913714830327763e+01 -4.048276428357722168e+00
4.138691557427795686e+01 -4.036116789989491416e+00
4.149469400025265031e+01 -4.023993675026936501e+00
4.160247242622732955e+01 -4.011906973766181217e+00
4.171025085220200879e+01 -3.999856576832858668e+00
4.181802927817669513e+01 -3.987842375181125831e+00
4.192580770415137437e+01 -3.975864260092678570e+00
4.203358613012605360e+01 -3.963922123175761758e+00
4.214136455610073995e+01 -3.952015856364196722e+00
4.224914298207541918e+01 -3.940145351916395811e+00
4.235692140805009842e+01 -3.928310502414391170e+00
4.246469983402478476e+01 -3.916511200762862188e+00
4.257247825999947111e+01 -3.904747340188167382e+00
4.268025668597415034e+01 -3.893018814237374947e+00
4.278803511194882958e+01 -3.881325516777303086e+00
4.289581353792351592e+01 -3.869667341993558551e+00
4.300359196389819516e+01 -3.858044184389574305e+00
4.311137038987287440e+01 -3.846455938785666273e+00
4.321914881584756074e+01 -3.834902500318067897e+00
4.332692724182223998e+01 -3.823383764437991328e+00
4.343470566779692632e+01 -3.811899626910676631e+00
4.354248409377160556e+01 -3.800449983814451205e+00
4.365026251974629190e+01 -3.789034731539784318e+00
4.375804094572097114e+01 -3.777653766788357181e+00
4.386581937169565037e+01 -3.766306986572121485e+00
4.397359779767033672e+01 -3.754994288212371245e+00
4.408137622364501595e+01 -3.743715569338811111e+00
4.418915464961969519e+01 -3.732470727888632211e+00
4.429693307559438153e+01 -3.721259662105588006e+00
4.440471150156906077e+01 -3.710082270539073690e+00
4.451248992754374711e+01 -3.698938452043204705e+00
4.462026835351843346e+01 -3.687828105775907694e+00
4.472804677949311269e+01 -3.676751131198003897e+00
4.483582520546779193e+01 -3.665707428072298324e+00
4.494360363144247827e+01 -3.654696896462676037e+00
4.505138205741715751e+01 -3.643719436733196204e+00
4.515916048339183675e+01 -3.632774949547189713e+00
4.526693890936652309e+01 -3.621863335866359890e+00
4.537471733534120233e+01 -3.610984496949892986e+00
4.548249576131588867e+01 -3.600138334353552239e+00
4.559027418729056791e+01 -3.589324749928798131e+00
4.569805261326525425e+01 -3.578543645821894437e+00
4.580583103923993349e+01 -3.567794924473025375e+00
4.591360946521461273e+01 -3.557078488615409206e+00
4.602138789118929907e+01 -3.546394241274423820e+00
4.612916631716397831e+01 -3.535742085766724330e+00
4.623694474313865754e+01 -3.525121925699369108e+00
4.634472316911334389e+01 -3.514533664968950699e+00
4.645250159508802312e+01 -3.503977207760719637e+00
4.656028002106270947e+01 -3.493452458547725570e+00
4.666805844703738870e+01 -3.482959322089945520e+00
4.677583687301207505e+01 -3.472497703433427674e+00
4.688361529898675428e+01 -3.462067507909427633e+00
4.699139372496143352e+01 -3.451668641133553983e+00
4.709917215093611986e+01 -3.441301009004916089e+00
4.720695057691079910e+01 -3.430964517705266559e+00
4.731472900288547834e+01 -3.420659073698160135e+00
4.742250742886016468e+01 -3.410384583728101937e+00
4.753028585483485102e+01 -3.400140954819702799e+00
4.763806428080953026e+01 -3.389928094276842163e+00
4.774584270678421660e+01 -3.379745909681826976e+00
4.785362113275889584e+01 -3.369594308894555912e+00
4.796139955873357508e+01 -3.359473200051684039e+00
4.806917798470826142e+01 -3.349382491565792819e+00
4.817695641068294066e+01 -3.339322092124561880e+00
4.828473483665761989e+01 -3.329291910689941680e+00
4.839251326263230624e+01 -3.319291856497331494e+00
4.850029168860698547e+01 -3.309321839054752079e+00
4.860807011458167182e+01 -3.299381768142037430e+00
4.871584854055635105e+01 -3.289471553810007443e+00
4.882362696653103740e+01 -3.279591106379662335e+00
4.893140539250571663e+01 -3.269740336441364636e+00
4.903918381848039587e+01 -3.259919154854036272e+00
4.914696224445508221e+01 -3.250127472744343660e+00
4.925474067042976145e+01 -3.240365201505903237e+00
4.936251909640444069e+01 -3.230632252798474102e+00
4.947029752237912703e+01 -3.220928538547157771e+00
4.957807594835381337e+01 -3.211253970941602809e+00
4.968585437432849261e+01 -3.201608462435212132e+00
4.979363280030317185e+01 -3.191991925744348535e+00
4.990141122627785819e+01 -3.182404273847542875e+00
5.000918965225253743e+01 -3.172845419984711590e+00
5.011696807822721667e+01 -3.163315277656367996e+00
5.022474650420190301e+01 -3.153813760622838913e+00
5.033252493017658225e+01 -3.144340782903488840e+00
5.044030335615126148e+01 -3.134896258775936584e+00
5.054808178212594783e+01 -3.125480102775282987e+00
5.065586020810063417e+01 -3.116092229693335547e+00
5.076363863407531340e+01 -3.106732554577839700e+00
5.087141706004999975e+01 -3.097400992731706992e+00
5.097919548602467898e+01 -3.088097459712249915e+00
5.108697391199935822e+01 -3.078821871330420734e+00
5.119475233797404456e+01 -3.069574143650044995e+00
5.130253076394872380e+01 -3.060354192987062572e+00
5.141030918992340304e+01 -3.051161935908774936e+00
5.151808761589808938e+01 -3.041997289233085766e+00
5.162586604187276862e+01 -3.032860170027749547e+00
5.173364446784744786e+01 -3.023750495609618838e+00
5.184142289382213420e+01 -3.014668183543903091e+00
5.194920131979681344e+01 -3.005613151643412806e+00
5.205697974577149267e+01 -2.996585317967824569e+00
5.216475817174618612e+01 -2.987584600822932757e+00
5.227253659772087246e+01 -2.978610918759917681e+00
5.238031502369555170e+01 -2.969664190574598628e+00
5.248809344967023094e+01 -2.960744335306709996e+00
5.259587187564491728e+01 -2.951851272239160107e+00
5.270365030161959652e+01 -2.942984920897303791e+00
5.281142872759427576e+01 -2.934145201048216300e+00
5.291920715356896210e+01 -2.925332032699963669e+00
5.302698557954364134e+01 -2.916545336100883290e+00
5.313476400551832057e+01 -2.907785031738854720e+00
5.324254243149300692e+01 -2.899051040340587804e+00
5.335032085746768615e+01 -2.890343282870904140e+00
5.345809928344236539e+01 -2.881661680532016767e+00
5.356587770941705173e+01 -2.873006154762822284e+00
5.367365613539173097e+01 -2.864376627238187645e+00
5.378143456136641021e+01 -2.855773019868242280e+00
5.388921298734109655e+01 -2.847195254797669772e+00
5.399699141331577579e+01 -2.838643254405006644e+00
5.410476983929045502e+01 -2.830116941301936251e+00
5.421254826526514847e+01 -2.821616238332590676e+00
5.432032669123982771e+01 -2.813141068572852621e+00
5.442810511721451405e+01 -2.804691355329658187e+00
5.453588354318919329e+01 -2.796267022140303649e+00
5.464366196916387253e+01 -2.787867992771752235e+00
5.475144039513855887e+01 -2.779494191219946231e+00
5.485921882111323811e+01 -2.771145541709118199e+00
5.496699724708791734e+01 -2.762821968691104857e+00
5.507477567306260369e+01 -2.754523396844664518e+00
5.518255409903728292e+01 -2.746249751074794965e+00
5.529033252501196216e+01 -2.738000956512053108e+00
5.539811095098664850e+01 -2.729776938511879081e+00
5.550588937696132774e+01 -2.721577622653919004e+00
5.561366780293600698e+01 -2.713402934741353967e+00
5.572144622891069332e+01 -2.705252800800224122e+00
5.582922465488537256e+01 -2.697127147078766107e+00
5.593700308086005180e+01 -2.689025900046738471e+00
5.604478150683473814e+01 -2.680948986394762201e+00
5.615255993280941738e+01 -2.672896333033652372e+00
5.626033835878411082e+01 -2.664867867093760445e+00
5.636811678475879006e+01 -2.656863515924314356e+00
5.647589521073347640e+01 -2.648883207092758596e+00
5.658367363670815564e+01 -2.640926868384101400e+00
5.669145206268283488e+01 -2.632994427800259718e+00
5.679923048865752122e+01 -2.625085813559408621e+00
5.690700891463220046e+01 -2.617200954095331156e+00
5.701478734060687970e+01 -2.609339778056771753e+00
5.712256576658156604e+01 -2.601502214306788296e+00
5.723034419255624528e+01 -2.593688191922111308e+00
5.733812261853092451e+01 -2.585897640192499569e+00
5.744590104450561086e+01 -2.578130488620102412e+00
5.755367947048029009e+01 -2.570386666918819785e+00
5.766145789645496933e+01 -2.562666105013667650e+00
5.776923632242965567e+01 -2.554968733040143825e+00
5.787701474840433491e+01 -2.547294481343594708e+00
5.798479317437901415e+01 -2.539643280478585119e+00
5.809257160035370049e+01 -2.532015061208272577e+00
5.820035002632837973e+01 -2.524409754503775360e+00
5.830812845230307317e+01 -2.516827291543552558e+00
5.841590687827775241e+01 -2.509267603712782346e+00
5.852368530425243875e+01 -2.501730622602733156e+00
5.863146373022711799e+01 -2.494216280010154385e+00
5.873924215620179723e+01 -2.486724507936653339e+00
5.884702058217648357e+01 -2.479255238588080168e+00
5.895479900815116281e+01 -2.471808404373917689e+00
5.906257743412584205e+01 -2.464383937906666766e+00
5.917035586010052839e+01 -2.456981772001237019e+00
5.927813428607520763e+01 -2.449601839674340198e+00
5.938591271204988686e+01 -2.442244074143880894e+00
5.949369113802457321e+01 -2.434908408828357462e+00
5.960146956399925244e+01 -2.427594777346254951e+00
5.970924798997393168e+01 -2.420303113515444693e+00
5.981702641594861802e+01 -2.413033351352589229e+00
5.992480484192329726e+01 -2.405785425072540562e+00
6.003258326789797650e+01 -2.398559269087746859e+00
6.014036169387266284e+01 -2.391354818007660921e+00
6.024814011984734208e+01 -2.384172006638145103e+00
6.035591854582203553e+01 -2.377010769980881566e+00
6.046369697179671476e+01 -2.369871043232789631e+00
6.057147539777139400e+01 -2.362752761785429811e+00
6.067925382374608034e+01 -2.355655861224426939e+00
6.078703224972075958e+01 -2.348580277328885302e+00
6.089481067569543882e+01 -2.341525946070805553e+00
6.100258910167012516e+01 -2.334492803614508283e+00
6.111036752764480440e+01 -2.327480786316052708e+00
6.121814595361948363e+01 -2.320489830722664681e+00
6.132592437959416998e+01 -2.313519873572158936e+00
6.143370280556884921e+01 -2.306570851792369314e+00
6.154148123154352845e+01 -2.299642702500577229e+00
6.164925965751821479e+01 -2.292735363002941451e+00
6.175703808349289403e+01 -2.285848770793933227e+00
6.186481650946757327e+01 -2.278982863555767402e+00
6.197259493544225961e+01 -2.272137579157840648e+00
6.208037336141693885e+01 -2.265312855656170576e+00
6.218815178739161809e+01 -2.258508631292831303e+00
6.229593021336630443e+01 -2.251724844495397893e+00
6.240370863934099788e+01 -2.244961433876386803e+00
6.251148706531567711e+01 -2.238218338232703886e+00
6.261926549129035635e+01 -2.231495496545086610e+00
6.272704391726504269e+01 -2.224792847977553389e+00
6.283482234323972193e+01 -2.218110331876853802e+00
6.294260076921440117e+01 -2.211447887771919696e+00
6.305037919518908751e+01 -2.204805455373315848e+00
6.315815762116376675e+01 -2.198182974572698178e+00
6.326593604713844599e+01 -2.191580385442265300e+00
6.337371447311313233e+01 -2.184997628234220279e+00
6.348149289908781157e+01 -2.178434643380227964e+00
6.358927132506249080e+01 -2.171891371490875855e+00
6.369704975103717715e+01 -2.165367753355136315e+00
6.380482817701185638e+01 -2.158863729939833220e+00
6.391260660298653562e+01 -2.152379242389104608e+00
6.402038502896121486e+01 -2.145914232023871993e+00
6.412816345493590120e+01 -2.139468640341308792e+00
6.423594188091058754e+01 -2.133042409014311858e+00
6.434372030688525967e+01 -2.126635479890972125e+00
6.445149873285996023e+01 -2.120247794994047474e+00
6.455927715883463236e+01 -2.113879296520443152e+00
6.466705558480931870e+01 -2.107529926840682410e+00
6.477483401078400505e+01 -2.101199628498389149e+00
6.488261243675867718e+01 -2.094888344209766551e+00
6.499039086273336352e+01 -2.088596016863077942e+00
6.509816928870804986e+01 -2.082322589518132094e+00
6.520594771468272199e+01 -2.076068005405765859e+00
6.531372614065740834e+01 -2.069832207927333023e+00
6.542150456663209468e+01 -2.063615140654187385e+00
6.552928299260676681e+01 -2.057416747327177386e+00
6.563706141858145315e+01 -2.051236971856134961e+00
6.574483984455613950e+01 -2.045075758319367498e+00
6.585261827053081163e+01 -2.038933050963151139e+00
6.596039669650549797e+01 -2.032808794201228508e+00
6.606817512248018431e+01 -2.026702932614303343e+00
6.617595354845485645e+01 -2.020615410949541779e+00
6.628373197442954279e+01 -2.014546174120068756e+00
6.639151040040422913e+01 -2.008495167204472409e+00
6.649928882637891547e+01 -2.002462335446305808e+00
6.660706725235360182e+01 -1.996447624253592457e+00
6.671484567832828816e+01 -1.990450979198331138e+00
6.682262410430296029e+01 -1.984472346016002975e+00
6.693040253027764663e+01 -1.978511670605083372e+00
6.703818095625233298e+01 -1.972568899026547973e+00
6.714595938222700511e+01 -1.966643977503388374e+00
6.725373780820169145e+01 -1.960736852420122966e+00
6.736151623417637779e+01 -1.954847470322313985e+00
6.746929466015104992e+01 -1.948975777916082119e+00
6.757707308612573627e+01 -1.943121722067623791e+00
6.768485151210042261e+01 -1.937285249802733311e+00
6.779262993807509474e+01 -1.931466308306319046e+00
6.790040836404978108e+01 -1.925664844921930463e+00
6.800818679002446743e+01 -1.919880807151277846e+00
6.811596521599913956e+01 -1.914114142653757344e+00
6.822374364197382590e+01 -1.908364799245980015e+00
6.833152206794851224e+01 -1.902632724901298200e+00
6.843930049392318438e+01 -1.896917867749333908e+00
6.854707891989788493e+01 -1.891220176075509407e+00
6.865485734587255706e+01 -1.885539598320582266e+00
6.876263577184724340e+01 -1.879876083080173732e+00
6.887041419782192975e+01 -1.874229579104309096e+00
6.897819262379660188e+01 -1.868600035296947848e+00
6.908597104977128822e+01 -1.862987400715527597e+00
6.919374947574597456e+01 -1.857391624570498889e+00
6.930152790172064670e+01 -1.851812656224866238e+00
6.940930632769533304e+01 -1.846250445193731826e+00
6.951708475367001938e+01 -1.840704941143835871e+00
6.962486317964469151e+01 -1.835176093893102989e+00
6.973264160561937786e+01 -1.829663853410188779e+00
6.984042003159406420e+01 -1.824168169814023965e+00
6.994819845756873633e+01 -1.818688993373367424e+00
7.005597688354342267e+01 -1.813226274506351654e+00
7.016375530951810902e+01 -1.807779963780036914e+00
7.027153373549278115e+01 -1.802350011909964023e+00
7.037931216146746749e+01 -1.796936369759706276e+00
7.048709058744215383e+01 -1.791538988340427796e+00
7.059486901341684018e+01 -1.786157818810435227e+00
7.070264743939152652e+01 -1.780792812474742970e+00
7.081042586536619865e+01 -1.775443920784626872e+00
7.091820429134088499e+01 -1.770111095337185692e+00
7.102598271731557134e+01 -1.764794287874905443e+00
7.113376114329024347e+01 -1.759493450285220639e+00
7.124153956926492981e+01 -1.754208534600079084e+00
7.134931799523961615e+01 -1.748939492995510214e+00
7.145709642121428828e+01 -1.743686277791187900e+00
7.156487484718897463e+01 -1.738448841450003224e+00
7.167265327316366097e+01 -1.733227136577631722e+00
7.178043169913833310e+01 -1.728021115922106610e+00
7.188821012511301944e+01 -1.722830732373387796e+00
7.199598855108770579e+01 -1.717655938962938889e+00
7.210376697706237792e+01 -1.712496688863302197e+00
7.221154540303706426e+01 -1.707352935387671522e+00
7.231932382901175060e+01 -1.702224631989473380e+00
7.242710225498642274e+01 -1.697111732261943784e+00
7.253488068096110908e+01 -1.692014189937709245e+00
7.264265910693580963e+01 -1.686931958888367333e+00
7.275043753291048176e+01 -1.681864993124070562e+00
7.285821595888516811e+01 -1.676813246793108281e+00
7.296599438485985445e+01 -1.671776674181492561e+00
7.307377281083452658e+01 -1.666755229712546083e+00
7.318155123680921292e+01 -1.661748867946486907e+00
7.328932966278389927e+01 -1.656757543580020142e+00
7.339710808875857140e+01 -1.651781211445924935e+00
7.350488651473325774e+01 -1.646819826512648799e+00
7.361266494070794408e+01 -1.641873343883897940e+00
7.372044336668261622e+01 -1.636941718798232026e+00
7.382822179265730256e+01 -1.632024906628659400e+00
7.393600021863198890e+01 -1.627122862882230958e+00
7.404377864460666103e+01 -1.622235543199641139e+00
7.415155707058134738e+01 -1.617362903354824244e+00
7.425933549655603372e+01 -1.612504899254554314e+00
7.436711392253070585e+01 -1.607661486938046114e+00
7.447489234850539219e+01 -1.602832622576557675e+00
7.458267077448007853e+01 -1.598018262472994167e+00
7.469044920045476488e+01 -1.593218363061511766e+00
7.479822762642945122e+01 -1.588432880907124423e+00
7.490600605240412335e+01 -1.583661772705308168e+00
7.501378447837880969e+01 -1.578904995281612322e+00
7.512156290435349604e+01 -1.574162505591267580e+00
7.522934133032816817e+01 -1.569434260718796548e+00
7.533711975630285451e+01 -1.564720217877624053e+00
7.544489818227754085e+01 -1.560020334409693010e+00
7.555267660825221299e+01 -1.555334567785075173e+00
7.566045503422689933e+01 -1.550662875601589441e+00
7.576823346020158567e+01 -1.546005215584414394e+00
7.587601188617625780e+01 -1.541361545585708814e+00
7.598379031215094415e+01 -1.536731823584229328e+00
7.609156873812563049e+01 -1.532116007684949821e+00
7.619934716410030262e+01 -1.527514056118683072e+00
7.630712559007498896e+01 -1.522925927241701727e+00
7.641490401604967531e+01 -1.518351579535362372e+00
7.652268244202434744e+01 -1.513790971605728508e+00
7.663046086799903378e+01 -1.509244062183198176e+00
7.673823929397373433e+01 -1.504710810122128706e+00
7.684601771994840647e+01 -1.500191174400465011e+00
7.695379614592309281e+01 -1.495685114119368775e+00
7.706157457189777915e+01 -1.491192588502847194e+00
7.716935299787245128e+01 -1.486713556897384381e+00
7.727713142384713763e+01 -1.482247978771574992e+00
7.738490984982182397e+01 -1.477795813715754747e+00
7.749268827579649610e+01 -1.473357021441636938e+00
7.760046670177118244e+01 -1.468931561781948059e+00
7.770824512774586879e+01 -1.464519394690062093e+00
7.781602355372054092e+01 -1.460120480239640361e+00
7.792380197969522726e+01 -1.455734778624268033e+00
7.803158040566991360e+01 -1.451362250157096412e+00
7.813935883164458573e+01 -1.447002855270482335e+00
7.824713725761927208e+01 -1.442656554515630685e+00
7.835491568359395842e+01 -1.438323308562235781e+00
7.846269410956863055e+01 -1.434003078198128334e+00
7.857047253554331689e+01 -1.429695824328918174e+00
7.867825096151800324e+01 -1.425401507977642090e+00
7.878602938749268958e+01 -1.421120090284408555e+00
7.889380781346737592e+01 -1.416851532506050892e+00
7.900158623944204805e+01 -1.412595796015771565e+00
7.910936466541673440e+01 -1.408352842302795116e+00
7.921714309139142074e+01 -1.404122632972020446e+00
7.932492151736609287e+01 -1.399905129743669985e+00
7.943269994334077921e+01 -1.395700294452947965e+00
7.954047836931546556e+01 -1.391508089049690922e+00
7.964825679529013769e+01 -1.387328475598026856e+00
7.975603522126482403e+01 -1.383161416276029065e+00
7.986381364723951037e+01 -1.379006873375374420e+00
7.997159207321418251e+01 -1.374864809301004520e+00
8.007937049918886885e+01 -1.370735186570782638e+00
8.018714892516355519e+01 -1.366617967815155099e+00
8.029492735113822732e+01 -1.362513115776815109e+00
8.040270577711291367e+01 -1.358420593310362801e+00
8.051048420308760001e+01 -1.354340363381971279e+00
8.061826262906227214e+01 -1.350272389069050005e+00
8.072604105503695848e+01 -1.346216633559912168e+00
8.083381948101164483e+01 -1.342173060153439845e+00
8.094159790698633117e+01 -1.338141632258753821e+00
8.104937633296101751e+01 -1.334122313394880077e+00
8.115715475893568964e+01 -1.330115067190422273e+00
8.126493318491037599e+01 -1.326119857383230238e+00
8.137271161088506233e+01 -1.322136647820074451e+00
8.148049003685973446e+01 -1.318165402456315416e+00
8.158826846283442080e+01 -1.314206085355580811e+00
8.169604688880910714e+01 -1.310258660689439303e+00
8.180382531478377928e+01 -1.306323092737074587e+00
8.191160374075846562e+01 -1.302399345884964532e+00
8.201938216673315196e+01 -1.298487384626557439e+00
8.212716059270782409e+01 -1.294587173561951632e+00
8.223493901868251044e+01 -1.290698677397574823e+00
8.234271744465719678e+01 -1.286821860945863261e+00
8.245049587063186891e+01 -1.282956689124945981e+00
8.255827429660655525e+01 -1.279103126958325731e+00
8.266605272258124160e+01 -1.275261139574562996e+00
8.277383114855591373e+01 -1.271430692206959367e+00
8.288160957453061428e+01 -1.267611750193244458e+00
8.298938800050530062e+01 -1.263804278975261042e+00
8.309716642647997276e+01 -1.260008244098653751e+00
8.320494485245465910e+01 -1.256223611212555324e+00
8.331272327842934544e+01 -1.252450346069277298e+00
8.342050170440401757e+01 -1.248688414523999146e+00
8.352828013037870392e+01 -1.244937782534460968e+00
8.363605855635339026e+01 -1.241198416160652851e+00
8.374383698232806239e+01 -1.237470281564509555e+00
8.385161540830274873e+01 -1.233753345009604319e+00
8.395939383427743508e+01 -1.230047572860842209e+00
8.406717226025210721e+01 -1.226352931584157702e+00
8.417495068622679355e+01 -1.222669387746209591e+00
8.428272911220147989e+01 -1.218996908014079672e+00
8.439050753817615202e+01 -1.215335459154969211e+00
8.449828596415083837e+01 -1.211685008035900291e+00
8.460606439012552471e+01 -1.208045521623415386e+00
8.471384281610019684e+01 -1.204416966983278048e+00
8.482162124207489740e+01 -1.200799311280174475e+00
8.492939966804956953e+01 -1.197192521777418195e+00
8.503717809402425587e+01 -1.193596565836651635e+00
8.514495651999894221e+01 -1.190011410917551693e+00
8.525273494597361434e+01 -1.186437024577535748e+00
8.536051337194830069e+01 -1.182873374471467232e+00
8.546829179792298703e+01 -1.179320428351364081e+00
8.557607022389765916e+01 -1.175778154066105419e+00
8.568384864987234550e+01 -1.172246519561142009e+00
8.579162707584703185e+01 -1.168725492878205152e+00
8.589940550182170398e+01 -1.165215042155017588e+00
8.600718392779639032e+01 -1.161715135625006168e+00
8.611496235377107666e+01 -1.158225741617013416e+00
8.622274077974574880e+01 -1.154746828555011540e+00
8.633051920572043514e+01 -1.151278364957815548e+00
8.643829763169512148e+01 -1.147820319438800141e+00
8.654607605766979361e+01 -1.144372660705614608e+00
8.665385448364447996e+01 -1.140935357559898611e+00
8.676163290961916630e+01 -1.137508378897003070e+00
8.686941133559385264e+01 -1.134091693705704174e+00
8.697718976156853898e+01 -1.130685271067928266e+00
8.708496818754321112e+01 -1.127289080158467405e+00
8.719274661351789746e+01 -1.123903090244701142e+00
8.730052503949258380e+01 -1.120527270686320964e+00
8.740830346546725593e+01 -1.117161590935050741e+00
8.751608189144194228e+01 -1.113806020534371166e+00
8.762386031741662862e+01 -1.110460529119243533e+00
8.773163874339130075e+01 -1.107125086415835957e+00
8.783941716936598709e+01 -1.103799662241248036e+00
8.794719559534067344e+01 -1.100484226503239960e+00
8.805497402131534557e+01 -1.097178749199956949e+00
8.816275244729003191e+01 -1.093883200419660806e+00
8.827053087326471825e+01 -1.090597550340457245e+00
8.837830929923939038e+01 -1.087321769230027657e+00
8.848608772521407673e+01 -1.084055827445358444e+00
8.859386615118876307e+01 -1.080799695432473895e+00
8.870164457716343520e+01 -1.077553343726168844e+00
8.880942300313812154e+01 -1.074316742949740000e+00
8.891720142911282210e+01 -1.071089863814722598e+00
8.902497985508749423e+01 -1.067872677120625502e+00
8.913275828106218057e+01 -1.064665153754664972e+00
8.924053670703686691e+01 -1.061467264691501322e+00
8.934831513301153905e+01 -1.058278980992978457e+00
8.945609355898622539e+01 -1.055100273807859645e+00
8.956387198496091173e+01 -1.051931114371568166e+00
8.967165041093558386e+01 -1.048771474005925963e+00
8.977942883691027021e+01 -1.045621324118894524e+00
8.988720726288495655e+01 -1.042480636204315969e+00
8.999498568885962868e+01 -1.039349381841655262e+00
9.010276411483431502e+01 -1.036227532695743525e+00
9.021054254080900137e+01 -1.033115060516519801e+00
9.031832096678367350e+01 -1.030011937138777700e+00
9.042609939275835984e+01 -1.026918134481909384e+00
9.053387781873304618e+01 -1.023833624549651544e+00
9.064165624470771832e+01 -1.020758379429831830e+00
9.074943467068240466e+01 -1.017692371294117049e+00
9.085721309665709100e+01 -1.014635572397760255e+00
9.096499152263177734e+01 -1.011587955079350287e+00
9.107276994860646369e+01 -1.008549491760562633e+00
9.118054837458113582e+01 -1.005520154945906963e+00
9.128832680055582216e+01 -1.002499917222481329e+00
9.139610522653050850e+01 -9.994887512597219192e-01
9.150388365250518063e+01 -9.964866298091574759e-01
9.161166207847986698e+01 -9.934935257041610512e-01
9.171944050445455332e+01 -9.905094118597050912e-01
9.182721893042922545e+01 -9.875342612721171864e-01
9.193499735640391179e+01 -9.845680470188331590e-01
9.204277578237859814e+01 -9.816107422581568098e-01
9.215055420835327027e+01 -9.786623202290140044e-01
9.225833263432795661e+01 -9.757227542507123097e-01
9.236611106030264295e+01 -9.727920177226984100e-01
9.247388948627731509e+01 -9.698700841243188542e-01
9.258166791225200143e+01 -9.669569270145781381e-01
9.268944633822668777e+01 -9.640525200319020049e-01
9.279722476420135990e+01 -9.611568368938958606e-01
9.290500319017604625e+01 -9.582698513971091847e-01
9.301278161615073259e+01 -9.553915374167976093e-01
9.312056004212541893e+01 -9.525218689066872191e-01
9.322833846810010527e+01 -9.496608198987367411e-01
9.333611689407477741e+01 -9.468083645029052864e-01
9.344389532004946375e+01 -9.439644769069166497e-01
9.355167374602415009e+01 -9.411291313760252741e-01
9.365945217199882222e+01 -9.383023022527853252e-01
9.376723059797350857e+01 -9.354839639568153231e-01
9.387500902394819491e+01 -9.326740909845698813e-01
9.398278744992286704e+01 -9.298726579091074473e-01
9.409056587589755338e+01 -9.270796393798598212e-01
9.419834430187223973e+01 -9.242950101224038928e-01
9.430612272784691186e+01 -9.215187449382320484e-01
9.441390115382159820e+01 -9.187508187045239083e-01
9.452167957979628454e+01 -9.159912063739203969e-01
9.462945800577095667e+01 -9.132398829742953694e-01
9.473723643174564302e+01 -9.104968236085309030e-01
9.484501485772032936e+01 -9.077620034542914773e-01
9.495279328369500149e+01 -9.050353977637989322e-01
9.506057170966970205e+01 -9.023169818636100903e-01
9.516835013564438839e+01 -8.996067311543911593e-01
9.527612856161906052e+01 -8.969046211106970201e-01
9.538390698759374686e+01 -8.942106272807486267e-01
9.549168541356843321e+01 -8.915247252862115168e-01
9.559946383954310534e+01 -8.888468908219759879e-01
9.570724226551779168e+01 -8.861770996559356073e-01
9.581502069149247802e+01 -8.835153276287697199e-01
9.592279911746715015e+01 -8.808615506537238460e-01
9.603057754344183650e+01 -8.782157447163918551e-01
9.613835596941652284e+01 -8.755778858744989179e-01
9.624613439539119497e+01 -8.729479502576840133e-01
9.635391282136588131e+01 -8.703259140672853222e-01
9.646169124734056766e+01 -8.677117535761237344e-01
9.656946967331523979e+01 -8.651054451282884639e-01
9.667724809928992613e+01 -8.625069651389234426e-01
9.678502652526461247e+01 -8.599162900940126031e-01
9.689280495123928461e+01 -8.573333965501686027e-01
9.700058337721397095e+01 -8.547582611344202164e-01
9.710836180318865729e+01 -8.521908605439996176e-01
9.721614022916334363e+01 -8.496311715461346559e-01
9.732391865513802998e+01 -8.470791709778340284e-01
9.743169708111270211e+01 -8.445348357456814448e-01
9.753947550708738845e+01 -8.419981428256257949e-01
9.764725393306207479e+01 -8.394690692627713169e-01
9.775503235903674693e+01 -8.369475921711715394e-01
9.786281078501143327e+01 -8.344336887336212261e-01
9.797058921098611961e+01 -8.319273362014507622e-01
9.807836763696079174e+01 -8.294285118943198754e-01
9.818614606293547808e+01 -8.269371932000110226e-01
9.829392448891016443e+01 -8.244533575742274412e-01
9.840170291488483656e+01 -8.219769825403870911e-01
9.850948134085952290e+01 -8.195080456894203724e-01
9.861725976683420924e+01 -8.170465246795665104e-01
9.872503819280888138e+01 -8.145923972361717169e-01
9.883281661878356772e+01 -8.121456411514882401e-01
9.894059504475825406e+01 -8.097062342844718597e-01
9.904837347073292619e+01 -8.072741545605832680e-01
9.915615189670762675e+01 -8.048493799715873420e-01
9.926393032268229888e+01 -8.024318885753545239e-01
9.937170874865698522e+01 -8.000216584956613142e-01
9.947948717463167156e+01 -7.976186679219935405e-01
9.958726560060634370e+01 -7.952228951093478493e-01
9.969504402658103004e+01 -7.928343183780355297e-01
9.980282245255571638e+01 -7.904529161134865589e-01
9.991060087853038851e+01 -7.880786667660535372e-01
1.000183793045050749e+02 -7.857115488508170653e-01
1.001261577304797612e+02 -7.833515409473910118e-01
1.002339361564544333e+02 -7.809986216997286679e-01
1.003417145824291197e+02 -7.786527698159293465e-01
1.004494930084038060e+02 -7.763139640680467579e-01
1.005572714343784781e+02 -7.739821832918953870e-01
1.006650498603531645e+02 -7.716574063868602007e-01
1.007728282863278508e+02 -7.693396123157048017e-01
1.008806067123025230e+02 -7.670287801043818021e-01
1.009883851382772093e+02 -7.647248888418425317e-01
1.010961635642518957e+02 -7.624279176798485214e-01
1.012039419902265820e+02 -7.601378458327807675e-01
1.013117204162012683e+02 -7.578546525774554343e-01
1.014194988421759547e+02 -7.555783172529322300e-01
1.015272772681506268e+02 -7.533088192603302202e-01
1.016350556941253132e+02 -7.510461380626400896e-01
1.017428341200999995e+02 -7.487902531845387344e-01
1.018506125460746716e+02 -7.465411442122040775e-01
1.019583909720493580e+02 -7.442987907931297720e-01
1.020661693980240443e+02 -7.420631726359426805e-01
1.021739478239987164e+02 -7.398342695102164690e-01
1.022817262499734028e+02 -7.376120612462910842e-01
1.023895046759480891e+02 -7.353965277350891228e-01
1.024972831019227613e+02 -7.331876489279334219e-01
1.026050615278974476e+02 -7.309854048363673140e-01
1.027128399538721339e+02 -7.287897755319713289e-01
1.028206183798468061e+02 -7.266007411461852250e-01
1.029283968058214924e+02 -7.244182818701265791e-01
1.030361752317961788e+02 -7.222423779544122624e-01
1.031439536577708509e+02 -7.200730097089799164e-01
1.032517320837455372e+02 -7.179101575029086524e-01
1.033595105097202236e+02 -7.157538017642426365e-01
1.034672889356948957e+02 -7.136039229798136763e-01
1.035750673616695821e+02 -7.114605016950639182e-01
1.036828457876442684e+02 -7.093235185138713206e-01
1.037906242136189405e+02 -7.071929540983719065e-01
1.038984026395936269e+02 -7.050687891687870135e-01
1.040061810655683132e+02 -7.029510045032478782e-01
1.041139594915429853e+02 -7.008395809376209984e-01
1.042217379175176717e+02 -6.987344993653359371e-01
1.043295163434923722e+02 -6.966357407372112398e-01
1.044372947694670586e+02 -6.945432860612840154e-01
1.045450731954417449e+02 -6.924571164026351866e-01
1.046528516214164171e+02 -6.903772128832210697e-01
1.047606300473911034e+02 -6.883035566817001794e-01
1.048684084733657897e+02 -6.862361290332643637e-01
1.049761868993404619e+02 -6.841749112294686075e-01
1.050839653253151482e+02 -6.821198846180612785e-01
1.051917437512898346e+02 -6.800710306028164842e-01
1.052995221772645067e+02 -6.780283306433640966e-01
1.054073006032391930e+02 -6.759917662550238848e-01
1.055150790292138794e+02 -6.739613190086368721e-01
1.056228574551885515e+02 -6.719369705303986917e-01
1.057306358811632379e+02 -6.699187025016939412e-01
1.058384143071379242e+02 -6.679064966589303154e-01
1.059461927331125963e+02 -6.659003347933729611e-01
1.060539711590872827e+02 -6.639001987509793867e-01
1.061617495850619690e+02 -6.619060704322361488e-01
1.062695280110366411e+02 -6.599179317919944276e-01
1.063773064370113275e+02 -6.579357648393069358e-01
1.064850848629860138e+02 -6.559595516372650481e-01
1.065928632889606860e+02 -6.539892743028365985e-01
1.067006417149353723e+02 -6.520249150067035648e-01
1.068084201409100586e+02 -6.500664559731016423e-01
1.069161985668847308e+02 -6.481138794796583724e-01
1.070239769928594171e+02 -6.461671678572333821e-01
1.071317554188341035e+02 -6.442263034897588447e-01
1.072395338448087756e+02 -6.422912688140789417e-01
1.073473122707834619e+02 -6.403620463197918777e-01
1.074550906967581483e+02 -6.384386185490913412e-01
1.075628691227328204e+02 -6.365209680966078531e-01
1.076706475487075068e+02 -6.346090776092521146e-01
