0.000000000000000000e+00 -4.759951472651917748e-15
1.077784259746821932e-01 3.718222706645784511e-06
2.155568519493643864e-01 9.014639564249010746e-06
3.233352779240465380e-01 1.616298357364526515e-05
4.311137038987287728e-01 2.485998074188911557e-05
5.388921298734109522e-01 3.466609937365941702e-05
6.466705558480930760e-01 4.518362403700222553e-05
7.544489818227753108e-01 5.610963192349421879e-05
8.622274077974575457e-01 6.723547947429975747e-05
9.700058337721396695e-01 7.842791064036162005e-05
1.077784259746821904e+00 8.960751003104797867e-05
1.185562685721504028e+00 1.007304665529720571e-04
1.293341111696186152e+00 1.117750716871201543e-04
1.401119537670868498e+00 1.227325231309583009e-04
1.508897963645550622e+00 1.336010440308746871e-04
1.616676389620232746e+00 1.443823257721175350e-04
1.724454815594915091e+00 1.550794944796054251e-04
1.832233241569597437e+00 1.656960238774271967e-04
1.940011667544279339e+00 1.762352068920779418e-04
2.047790093518961463e+00 1.866999399219167427e-04
2.155568519493643809e+00 1.970926709099930644e-04
2.263346945468325710e+00 2.074154253961502635e-04
2.371125371443008056e+00 2.176698635560612733e-04
2.478903797417690402e+00 2.278573441606172520e-04
2.586682223392372304e+00 2.379789843083032308e-04
2.694460649367054650e+00 2.480357106768653038e-04
2.802239075341736996e+00 2.580283014951512631e-04
2.910017501316419342e+00 2.679574199768870713e-04
3.017795927291101243e+00 2.778236405030632523e-04
3.125574353265783589e+00 2.876274689239526625e-04
3.233352779240465491e+00 2.973693582025486960e-04
3.341131205215147837e+00 3.070497204387366021e-04
3.448909631189830183e+00 3.166689360948161751e-04
3.556688057164512529e+00 3.262273610711926989e-04
3.664466483139194874e+00 3.357253321350494864e-04
3.772244909113877220e+00 3.451631710897268062e-04
3.880023335088558678e+00 3.545411879794210298e-04
3.987801761063241024e+00 3.638596835485073070e-04
4.095580187037922926e+00 3.731189511357370391e-04
4.203358613012605716e+00 3.823192781357505387e-04
4.311137038987287617e+00 3.914609471150961987e-04
4.418915464961970407e+00 4.005442366828826763e-04
4.526693890936651421e+00 4.095694221533397730e-04
4.634472316911334211e+00 4.185367760597930942e-04
4.742250742886016113e+00 4.274465685529205638e-04
4.850029168860698903e+00 4.362990677046611776e-04
4.957807594835380804e+00 4.450945397437959267e-04
5.065586020810063594e+00 4.538332492402500783e-04
5.173364446784744608e+00 4.625154592463550144e-04
5.281142872759427398e+00 4.711414314046259515e-04
5.388921298734109300e+00 4.797114260328968561e-04
5.496699724708792090e+00 4.882257021942651453e-04
5.604478150683473991e+00 4.966845177445376215e-04
5.712256576658156781e+00 5.050881293761864130e-04
5.820035002632838683e+00 5.134367926488393958e-04
5.927813428607520585e+00 5.217307620145556022e-04
6.035591854582202487e+00 5.299702908411581736e-04
6.143370280556885277e+00 5.381556314241482241e-04
6.251148706531567179e+00 5.462870350058521762e-04
6.358927132506249968e+00 5.543647517847261671e-04
6.466705558480930982e+00 5.623890309220206394e-04
6.574483984455614660e+00 5.703601205542265483e-04
6.682262410430295674e+00 5.782782677982156727e-04
6.790040836404978464e+00 5.861437187583073364e-04
6.897819262379660366e+00 5.939567185322478914e-04
7.005597688354342267e+00 6.017175112149612988e-04
7.113376114329025057e+00 6.094263399059328705e-04
7.221154540303706959e+00 6.170834467118826950e-04
7.328932966278389749e+00 6.246890727518909867e-04
7.436711392253071651e+00 6.322434581627919912e-04
7.544489818227754441e+00 6.397468421004898816e-04
7.652268244202435454e+00 6.471994627468950507e-04
7.760046670177117356e+00 6.546015573119636031e-04
7.867825096151800146e+00 6.619533620396163406e-04
7.975603522126482048e+00 6.692551122083484089e-04
8.083381948101164838e+00 6.765070421370888683e-04
8.191160374075845851e+00 6.837093851888326624e-04
8.298938800050528641e+00 6.908623737755991085e-04
8.406717226025211431e+00 6.979662393589020075e-04
8.514495651999892445e+00 7.050212124551310817e-04
8.622274077974575235e+00 7.120275226404562544e-04
8.730052503949258025e+00 7.189853985508431545e-04
8.837830929923940815e+00 7.258950678905144466e-04
8.945609355898621828e+00 7.327567574301796548e-04
9.053387781873302842e+00 7.395706930168174844e-04
9.161166207847987408e+00 7.463370995701302645e-04
9.268944633822668422e+00 7.530562010909754630e-04
9.376723059797351212e+00 7.597282206644964285e-04
9.484501485772032225e+00 7.663533804609997269e-04
9.592279911746716792e+00 7.729319017417348066e-04
9.700058337721397805e+00 7.794640048624522409e-04
9.807836763696078819e+00 7.859499092747264555e-04
9.915615189670761609e+00 7.923898335308544785e-04
1.002339361564544440e+01 7.987839952891790480e-04
1.013117204162012719e+01 8.051326113118639381e-04
1.023895046759480820e+01 8.114358974742334925e-04
1.034672889356948922e+01 8.176940687674243667e-04
1.045450731954417378e+01 8.239073392961719124e-04
1.056228574551885480e+01 8.300759222894673424e-04
1.067006417149353759e+01 8.362000300987805067e-04
1.077784259746821860e+01 8.422798742036141520e-04
1.088562102344290139e+01 8.483156652150517559e-04
1.099339944941758418e+01 8.543076128784256405e-04
1.110117787539226519e+01 8.602559260755364423e-04
1.120895630136694798e+01 8.661608128299841348e-04
1.131673472734163077e+01 8.720224803096057482e-04
1.142451315331631356e+01 8.778411348291456509e-04
1.153229157929099458e+01 8.836169818535805813e-04
1.164007000526567737e+01 8.893502260032323109e-04
1.174784843124035838e+01 8.950410710539854608e-04
1.185562685721504117e+01 9.006897199428412189e-04
1.196340528318972396e+01 9.062963747712457323e-04
1.207118370916440497e+01 9.118612368050918416e-04
1.217896213513908776e+01 9.173845064818237499e-04
1.228674056111377055e+01 9.228663834126588777e-04
1.239451898708845334e+01 9.283070663823626747e-04
1.250229741306313436e+01 9.337067533583554837e-04
1.261007583903781537e+01 9.390656414880470303e-04
1.271785426501249994e+01 9.443839271061635690e-04
1.282563269098718095e+01 9.496618057349699282e-04
1.293341111696186196e+01 9.548994720893771862e-04
1.304118954293654653e+01 9.600971200791620338e-04
1.314896796891122932e+01 9.652549428118553047e-04
1.325674639488591033e+01 9.703731325960699350e-04
1.336452482086059135e+01 9.754518809452774556e-04
1.347230324683527414e+01 9.804913785791406940e-04
1.358008167280995693e+01 9.854918154286185228e-04
1.368786009878463972e+01 9.904533806370796611e-04
1.379563852475932073e+01 9.953762625647399886e-04
1.390341695073400174e+01 1.000260648790218809e-03
1.401119537670868453e+01 1.005106726115423399e-03
1.411897380268336910e+01 1.009914680567325146e-03
1.422675222865805011e+01 1.014684697400847213e-03
1.433453065463273113e+01 1.019416961101970998e-03
1.444230908060741392e+01 1.024111655391513054e-03
1.455008750658209493e+01 1.028768963226234234e-03
1.465786593255677950e+01 1.033389066803724887e-03
1.476564435853146051e+01 1.037972147563737124e-03
1.487342278450614330e+01 1.042518386193735935e-03
1.498120121048082432e+01 1.047027962627122832e-03
1.508897963645550888e+01 1.051501056050341276e-03
1.519675806243018990e+01 1.055937844904653250e-03
1.530453648840487091e+01 1.060338506887914534e-03
1.541231491437955370e+01 1.064703218958795716e-03
1.552009334035423471e+01 1.069032157338112516e-03
1.562787176632891928e+01 1.073325497513044624e-03
1.573565019230360029e+01 1.077583414239136061e-03
1.584342861827828308e+01 1.081806081544511638e-03
1.595120704425296410e+01 1.085993672729657078e-03
1.605898547022764689e+01 1.090146360373855927e-03
1.616676389620232968e+01 1.094264316334747633e-03
1.627454232217701247e+01 1.098347711754099620e-03
1.638232074815169170e+01 1.102396717058029552e-03
1.649009917412637449e+01 1.106411501960335997e-03
1.659787760010105728e+01 1.110392235467605676e-03
1.670565602607574007e+01 1.114339085878102154e-03
1.681343445205042286e+01 1.118252220786652984e-03
1.692121287802510565e+01 1.122131807087978217e-03
1.702899130399978489e+01 1.125978010977357613e-03
1.713676972997447123e+01 1.129790997956181542e-03
1.724454815594915047e+01 1.133570932831284850e-03
1.735232658192383326e+01 1.137317979719387750e-03
1.746010500789851605e+01 1.141032302050648539e-03
1.756788343387319529e+01 1.144714062568885637e-03
1.767566185984788163e+01 1.148363423337128708e-03
1.778344028582256087e+01 1.151980545737396611e-03
1.789121871179724366e+01 1.155565590476026472e-03
1.799899713777192645e+01 1.159118717583007552e-03
1.810677556374660568e+01 1.162640086418642582e-03
1.821455398972129203e+01 1.166129855671993454e-03
1.832233241569597482e+01 1.169588183366432332e-03
1.843011084167065405e+01 1.173015226862084148e-03
1.853788926764533684e+01 1.176411142856048642e-03
1.864566769362001963e+01 1.179776087386841255e-03
1.875344611959470242e+01 1.183110215836835621e-03
1.886122454556938521e+01 1.186413682934261971e-03
1.896900297154406445e+01 1.189686642756537793e-03
1.907678139751874724e+01 1.192929248731600111e-03
1.918455982349343358e+01 1.196141653640792057e-03
1.929233824946811282e+01 1.199324009622859677e-03
1.940011667544279561e+01 1.202476468173507840e-03
1.950789510141747840e+01 1.205599180151173400e-03
1.961567352739215764e+01 1.208692295775692926e-03
1.972345195336684398e+01 1.211755964636740401e-03
1.983123037934152322e+01 1.214790335688276102e-03
1.993900880531620601e+01 1.217795557256762251e-03
2.004678723129088880e+01 1.220771777044493689e-03
2.015456565726556803e+01 1.223719142125379022e-03
2.026234408324025438e+01 1.226637798954488545e-03
2.037012250921493361e+01 1.229527893366055835e-03
2.047790093518961640e+01 1.232389570578362736e-03
2.058567936116429919e+01 1.235222975194627537e-03
2.069345778713897843e+01 1.238028251205891550e-03
2.080123621311366477e+01 1.240805541993017513e-03
2.090901463908834756e+01 1.243554990330464349e-03
2.101679306506302680e+01 1.246276738386065119e-03
2.112457149103770959e+01 1.248970927726134050e-03
2.123234991701239238e+01 1.251637699316576757e-03
2.134012834298707517e+01 1.254277193523778422e-03
2.144790676896175796e+01 1.256889550120154908e-03
2.155568519493643720e+01 1.259474908283486627e-03
2.166346362091111999e+01 1.262033406601137386e-03
2.177124204688580278e+01 1.264565183070720522e-03
2.187902047286048557e+01 1.267070375104095703e-03
2.198679889883516836e+01 1.269549119528479153e-03
2.209457732480984760e+01 1.272001552589552276e-03
2.220235575078453039e+01 1.274427809951683699e-03
2.231013417675921673e+01 1.276828026704368568e-03
2.241791260273389597e+01 1.279202337359119923e-03
2.252569102870857876e+01 1.281550875856130034e-03
2.263346945468326155e+01 1.283873775564270403e-03
2.274124788065794434e+01 1.286171169283756299e-03
2.284902630663262713e+01 1.288443189248145160e-03
2.295680473260730636e+01 1.290689967127889304e-03
2.306458315858198915e+01 1.292911634030557977e-03
2.317236158455667194e+01 1.295108320503501886e-03
2.328014001053135473e+01 1.297280156538738183e-03
2.338791843650603752e+01 1.299427271569841835e-03
2.349569686248071676e+01 1.301549794479495148e-03
2.360347528845539955e+01 1.303647853597045270e-03
2.371125371443008234e+01 1.305721576705165532e-03
2.381903214040476513e+01 1.307771091038967270e-03
2.392681056637944792e+01 1.309796523287776182e-03
2.403458899235413071e+01 1.311797999599573217e-03
2.414236741832880995e+01 1.313775645581882756e-03
2.425014584430349274e+01 1.315729586302882836e-03
2.435792427027817553e+01 1.317659946295401951e-03
2.446570269625285832e+01 1.319566849557585186e-03
2.457348112222754111e+01 1.321450419556224887e-03
2.468125954820222034e+01 1.323310779227426792e-03
2.478903797417690669e+01 1.325148050979718661e-03
2.489681640015158592e+01 1.326962356695604583e-03
2.500459482612626871e+01 1.328753817734229514e-03
2.511237325210095150e+01 1.330522554932045409e-03
2.522015167807563074e+01 1.332268688606585982e-03
2.532793010405031708e+01 1.333992338557798973e-03
2.543570853002499987e+01 1.335693624069378416e-03
2.554348695599967911e+01 1.337372663911651216e-03
2.565126538197436190e+01 1.339029576343575556e-03
2.575904380794904469e+01 1.340664479114295204e-03
2.586682223392372393e+01 1.342277489464693829e-03
2.597460065989840672e+01 1.343868724130947712e-03
2.608237908587309306e+01 1.345438299345413924e-03
2.619015751184777585e+01 1.346986330838184642e-03
2.629793593782245864e+01 1.348512933839751682e-03
2.640571436379713788e+01 1.350018223083893076e-03
2.651349278977182067e+01 1.351502312806562855e-03
2.662127121574650346e+01 1.352965316751886249e-03
2.672904964172118270e+01 1.354407348170827419e-03
2.683682806769586549e+01 1.355828519824298084e-03
2.694460649367054828e+01 1.357228943985822056e-03
2.705238491964522751e+01 1.358608732442645461e-03
2.716016334561991385e+01 1.359967996497291054e-03
2.726794177159459664e+01 1.361306846969556617e-03
2.737572019756927943e+01 1.362625394199845630e-03
2.748349862354395867e+01 1.363923748049389317e-03
2.759127704951864146e+01 1.365202017902467091e-03
2.769905547549332425e+01 1.366460312668849042e-03
2.780683390146800349e+01 1.367698740785572298e-03
2.791461232744268628e+01 1.368917410217829200e-03
2.802239075341736907e+01 1.370116428462520020e-03
2.813016917939205541e+01 1.371295902548030909e-03
2.823794760536673820e+01 1.372455939038008665e-03
2.834572603134141744e+01 1.373596644031804814e-03
2.845350445731610023e+01 1.374718123167584238e-03
2.856128288329078302e+01 1.375820481622325175e-03
2.866906130926546226e+01 1.376903824115593977e-03
2.877683973524014505e+01 1.377968254909767154e-03
2.888461816121482784e+01 1.379013877813584088e-03
2.899239658718950707e+01 1.380040796181924989e-03
2.910017501316418986e+01 1.381049112918475430e-03
2.920795343913887621e+01 1.382038930478168837e-03
2.931573186511355900e+01 1.383010350868296712e-03
2.942351029108824179e+01 1.383963475649840902e-03
2.953128871706292102e+01 1.384898405940360178e-03
2.963906714303760381e+01 1.385815242414434323e-03
2.974684556901228660e+01 1.386714085306772759e-03
2.985462399498696584e+01 1.387595034413102724e-03
2.996240242096164863e+01 1.388458189091279493e-03
3.007018084693633142e+01 1.389303648265061142e-03
3.017795927291101776e+01 1.390131510423220362e-03
3.028573769888569700e+01 1.390941873623985359e-03
3.039351612486037979e+01 1.391734835494151667e-03
3.050129455083506258e+01 1.392510493233078961e-03
3.060907297680974182e+01 1.393268943611802868e-03
3.071685140278442461e+01 1.394010282978364046e-03
3.082462982875910740e+01 1.394734607254921599e-03
3.093240825473378663e+01 1.395442011943526239e-03
3.104018668070846942e+01 1.396132592125676197e-03
3.114796510668315221e+01 1.396806442464315623e-03
3.125574353265783856e+01 1.397463657205832988e-03
3.136352195863252135e+01 1.398104330180505173e-03
3.147130038460720058e+01 1.398728554806494273e-03
3.157907881058188337e+01 1.399336424089403508e-03
3.168685723655656616e+01 1.399928030623609487e-03
3.179463566253124540e+01 1.400503466597369240e-03
3.190241408850592819e+01 1.401062823789267497e-03
3.201019251448060743e+01 1.401606193574433945e-03
3.211797094045529377e+01 1.402133666922766864e-03
3.222574936642998011e+01 1.402645334403374022e-03
3.233352779240465935e+01 1.403141286183462455e-03
3.244130621837933859e+01 1.403621612032557309e-03
3.254908464435402493e+01 1.404086401320947530e-03
3.265686307032870417e+01 1.404535743025459027e-03
3.276464149630338341e+01 1.404969725726568086e-03
3.287241992227806975e+01 1.405388437613508401e-03
3.298019834825274899e+01 1.405791966483160849e-03
3.308797677422742822e+01 1.406180399744272336e-03
3.319575520020211457e+01 1.406553824415679443e-03
3.330353362617680091e+01 1.406912327131415452e-03
3.341131205215148015e+01 1.407255994139600119e-03
3.351909047812616649e+01 1.407584911305326258e-03
3.362686890410084573e+01 1.407899164112214052e-03
3.373464733007552496e+01 1.408198837662189007e-03
3.384242575605021131e+01 1.408484016679256712e-03
3.395020418202489054e+01 1.408754785510613061e-03
3.405798260799956978e+01 1.409011228125756077e-03
3.416576103397425612e+01 1.409253428121592933e-03
3.427353945994894246e+01 1.409481468721551778e-03
3.438131788592362170e+01 1.409695432777580137e-03
3.448909631189830094e+01 1.409895402771477180e-03
3.459687473787298728e+01 1.410081460817336207e-03
3.470465316384766652e+01 1.410253688661766702e-03
3.481243158982234576e+01 1.410412167685892726e-03
3.492021001579703210e+01 1.410556978906907233e-03
3.502798844177171134e+01 1.410688202979848427e-03
3.513576686774639057e+01 1.410805920197155672e-03
3.524354529372107692e+01 1.410910210493332428e-03
3.535132371969576326e+01 1.411001153443836031e-03
3.545910214567044250e+01 1.411078828267298135e-03
3.556688057164512173e+01 1.411143313826634937e-03
3.567465899761980808e+01 1.411194688631600691e-03
3.578243742359448731e+01 1.411233030838565661e-03
3.589021584956916655e+01 1.411258418253069635e-03
3.599799427554385289e+01 1.411270928331154195e-03
3.610577270151853213e+01 1.411270638180028847e-03
3.621355112749321137e+01 1.411257624559958401e-03
3.632132955346790482e+01 1.411231963886483420e-03
3.642910797944258405e+01 1.411193732229532039e-03
3.653688640541726329e+01 1.411143005317305743e-03
3.664466483139194963e+01 1.411079858536057330e-03
3.675244325736662887e+01 1.411004366932866461e-03
3.686022168334130811e+01 1.410916605214640462e-03
3.696800010931599445e+01 1.410816647751667041e-03
3.707577853529067369e+01 1.410704568578391438e-03
3.718355696126535292e+01 1.410580441394526652e-03
3.729133538724003927e+01 1.410444339566607752e-03
3.739911381321472561e+01 1.410296336128546990e-03
3.750689223918940485e+01 1.410136503784409356e-03
3.761467066516408408e+01 1.409964914907857469e-03
3.772244909113877043e+01 1.409781641546259401e-03
3.783022751711344966e+01 1.409586755419245385e-03
3.793800594308812890e+01 1.409380327920151110e-03
3.804578436906281524e+01 1.409162430120347587e-03
3.815356279503749448e+01 1.408933132766798657e-03
3.826134122101217372e+01 1.408692506286057800e-03
3.836911964698686717e+01 1.408440620783379948e-03
3.847689807296154640e+01 1.408177546046607276e-03
3.858467649893622564e+01 1.407903351544725901e-03
3.869245492491091198e+01 1.407618106430863492e-03
3.880023335088559122e+01 1.407321879543177445e-03
3.890801177686027046e+01 1.407014739406076131e-03
3.901579020283495680e+01 1.406696754231440138e-03
3.912356862880963604e+01 1.406367991919510452e-03
3.923134705478431528e+01 1.406028520060997877e-03
3.933912548075900162e+01 1.405678405938304287e-03
3.944690390673368796e+01 1.405317716524634442e-03
3.955468233270836720e+01 1.404946518488880969e-03
3.966246075868304644e+01 1.404564878193959032e-03
3.977023918465773278e+01 1.404172861698804731e-03
3.987801761063241202e+01 1.403770534759929411e-03
3.998579603660709125e+01 1.403357962833307049e-03
4.009357446258177760e+01 1.402935211073819133e-03
4.020135288855645683e+01 1.402502344337475115e-03
4.030913131453113607e+01 1.402059427183299789e-03
4.041690974050582241e+01 1.401606523872778176e-03
4.052468816648050876e+01 1.401143698372964153e-03
4.063246659245518799e+01 1.400671014356480448e-03
4.074024501842986723e+01 1.400188535203295004e-03
4.084802344440455357e+01 1.399696324000498926e-03
4.095580187037923281e+01 1.399194443546192268e-03
4.106358029635391205e+01 1.398682956348373807e-03
4.117135872232859839e+01 1.398161924626495356e-03
4.127913714830327763e+01 1.397631410313460165e-03
4.138691557427795686e+01 1.397091475055955989e-03
4.149469400025265031e+01 1.396542180216675533e-03
4.160247242622732955e+01 1.395983586873650317e-03
4.171025085220200879e+01 1.395415755823137260e-03
4.181802927817669513e+01 1.394838747580173788e-03
4.192580770415137437e+01 1.394252622378910900e-03
4.203358613012605360e+01 1.393657440176054862e-03
4.214136455610073995e+01 1.393053260648868807e-03
4.224914298207541918e+01 1.392440143198614422e-03
4.235692140805009842e+01 1.391818146950662971e-03
4.246469983402478476e+01 1.391187330756382678e-03
4.257247825999947111e+01 1.390547753192916680e-03
4.268025668597415034e+01 1.389899472565847560e-03
4.278803511194882958e+01 1.389242546909974507e-03
4.289581353792351592e+01 1.388577033988758203e-03
4.300359196389819516e+01 1.387902991297540467e-03
4.311137038987287440e+01 1.387220476063877328e-03
4.321914881584756074e+01 1.386529545248316175e-03
4.332692724182223998e+01 1.385830255545839051e-03
4.343470566779692632e+01 1.385122663386195718e-03
4.354248409377160556e+01 1.384406824936790237e-03
4.365026251974629190e+01 1.383682796101459722e-03
4.375804094572097114e+01 1.382950632523471945e-03
4.386581937169565037e+01 1.382210389584970223e-03
4.397359779767033672e+01 1.381462122409859994e-03
4.408137622364501595e+01 1.380705885862698601e-03
4.418915464961969519e+01 1.379941734552025956e-03
4.429693307559438153e+01 1.379169722829254319e-03
4.440471150156906077e+01 1.378389904791554876e-03
4.451248992754374711e+01 1.377602334281635699e-03
4.462026835351843346e+01 1.376807064889629117e-03
4.472804677949311269e+01 1.376004149953202749e-03
4.483582520546779193e+01 1.375193642559002782e-03
4.494360363144247827e+01 1.374375595544874429e-03
4.505138205741715751e+01 1.373550061498862718e-03
4.515916048339183675e+01 1.372717092760988855e-03
4.526693890936652309e+01 1.371876741425692714e-03
4.537471733534120233e+01 1.371029059339834433e-03
4.548249576131588867e+01 1.370174098107357352e-03
4.559027418729056791e+01 1.369311909086512458e-03
4.569805261326525425e+01 1.368442543394410293e-03
4.580583103923993349e+01 1.367566051905133584e-03
4.591360946521461273e+01 1.366682485252734836e-03
4.602138789118929907e+01 1.365791893830792247e-03
4.612916631716397831e+01 1.364894327794741180e-03
4.623694474313865754e+01 1.363989837061208021e-03
4.634472316911334389e+01 1.363078471311007789e-03
4.645250159508802312e+01 1.362160279988366973e-03
4.656028002106270947e+01 1.361235312302477851e-03
4.666805844703738870e+01 1.360303617229052797e-03
4.677583687301207505e+01 1.359365243510324284e-03
4.688361529898675428e+01 1.358420239656599193e-03
4.699139372496143352e+01 1.357468653947258019e-03
4.709917215093611986e+01 1.356510534431087933e-03
4.720695057691079910e+01 1.355545928928059141e-03
4.731472900288547834e+01 1.354574885030102038e-03
4.742250742886016468e+01 1.353597450100552102e-03
4.753028585483485102e+01 1.352613671277924645e-03
4.763806428080953026e+01 1.351623595474582551e-03
4.774584270678421660e+01 1.350627269378179562e-03
4.785362113275889584e+01 1.349624739452659483e-03
4.796139955873357508e+01 1.348616051940254579e-03
4.806917798470826142e+01 1.347601252860153309e-03
4.817695641068294066e+01 1.346580388011386908e-03
4.828473483665761989e+01 1.345553502973051430e-03
4.839251326263230624e+01 1.344520643104751834e-03
4.850029168860698547e+01 1.343481853548822436e-03
4.860807011458167182e+01 1.342437179229216682e-03
4.871584854055635105e+01 1.341386664854504751e-03
4.882362696653103740e+01 1.340330354917540490e-03
4.893140539250571663e+01 1.339268293696460610e-03
4.903918381848039587e+01 1.338200525256016959e-03
4.914696224445508221e+01 1.337127093447465498e-03
4.925474067042976145e+01 1.336048041911674922e-03
4.936251909640444069e+01 1.334963414076240085e-03
4.947029752237912703e+01 1.333873253161255157e-03
4.957807594835381337e+01 1.332777602175316822e-03
4.968585437432849261e+01 1.331676503919854149e-03
4.979363280030317185e+01 1.330570000988018364e-03
4.990141122627785819e+01 1.329458135767236371e-03
5.000918965225253743e+01 1.328340950438211543e-03
5.011696807822721667e+01 1.327218486976811107e-03
5.022474650420190301e+01 1.326090787155176365e-03
5.033252493017658225e+01 1.324957892541944737e-03
5.044030335615126148e+01 1.323819844503248966e-03
5.054808178212594783e+01 1.322676684203938358e-03
5.065586020810063417e+01 1.321528452607578785e-03
5.076363863407531340e+01 1.320375190478118022e-03
5.087141706004999975e+01 1.319216938380773918e-03
5.097919548602467898e+01 1.318053736682034405e-03
5.108697391199935822e+01 1.316885625550878736e-03
5.119475233797404456e+01 1.315712644959998734e-03
5.130253076394872380e+01 1.314534834686242881e-03
5.141030918992340304e+01 1.313352234311504496e-03
5.151808761589808938e+01 1.312164883223054801e-03
5.162586604187276862e+01 1.310972820615541323e-03
5.173364446784744786e+01 1.309776085490432784e-03
5.184142289382213420e+01 1.308574716658017500e-03
5.194920131979681344e+01 1.307368752737181339e-03
5.205697974577149267e+01 1.306158232156739984e-03
5.216475817174618612e+01 1.304943193156327119e-03
5.227253659772087246e+01 1.303723673786727488e-03
5.238031502369555170e+01 1.302499711911431213e-03
5.248809344967023094e+01 1.301271345206411745e-03
5.259587187564491728e+01 1.300038611161902224e-03
5.270365030161959652e+01 1.298801547082173435e-03
5.281142872759427576e+01 1.297560190087199139e-03
5.291920715356896210e+01 1.296314577112989141e-03
5.302698557954364134e+01 1.295064744912699517e-03
5.313476400551832057e+01 1.293810730056632607e-03
5.324254243149300692e+01 1.292552568933791335e-03
5.335032085746768615e+01 1.291290297752101246e-03
5.345809928344236539e+01 1.290023952540075847e-03
5.356587770941705173e+01 1.288753569146261491e-03
5.367365613539173097e+01 1.287479183240902714e-03
5.378143456136641021e+01 1.286200830316386323e-03
5.388921298734109655e+01 1.284918545687907532e-03
5.399699141331577579e+01 1.283632364494580180e-03
5.410476983929045502e+01 1.282342321699769805e-03
5.421254826526514847e+01 1.281048452092425904e-03
5.432032669123982771e+01 1.279750790286637852e-03
5.442810511721451405e+01 1.278449370723633294e-03
5.453588354318919329e+01 1.277144227671778154e-03
5.464366196916387253e+01 1.275835395227797875e-03
5.475144039513855887e+01 1.274522907317110487e-03
5.485921882111323811e+01 1.273206797694159675e-03
5.496699724708791734e+01 1.271887099944413180e-03
5.507477567306260369e+01 1.270563847483807685e-03
5.518255409903728292e+01 1.269237073560192108e-03
5.529033252501196216e+01 1.267906811253438626e-03
5.539811095098664850e+01 1.266573093477108003e-03
5.550588937696132774e+01 1.265235952977894485e-03
5.561366780293600698e+01 1.263895422337402152e-03
5.572144622891069332e+01 1.262551533972366968e-03
5.582922465488537256e+01 1.261204320135100865e-03
5.593700308086005180e+01 1.259853812915046056e-03
5.604478150683473814e+01 1.258500044238441973e-03
5.615255993280941738e+01 1.257143045869768549e-03
5.626033835878411082e+01 1.255782849411968272e-03
5.636811678475879006e+01 1.254419486307445375e-03
5.647589521073347640e+01 1.253052987838287891e-03
5.658367363670815564e+01 1.251683385127710935e-03
5.669145206268283488e+01 1.250310709140278753e-03
5.679923048865752122e+01 1.248934990682126767e-03
5.690700891463220046e+01 1.247556260402515882e-03
5.701478734060687970e+01 1.246174548793943515e-03
5.712256576658156604e+01 1.244789886192809725e-03
5.723034419255624528e+01 1.243402302780416413e-03
5.733812261853092451e+01 1.242011828583300392e-03
5.744590104450561086e+01 1.240618493473899520e-03
5.755367947048029009e+01 1.239222327171662918e-03
5.766145789645496933e+01 1.237823359243050980e-03
5.776923632242965567e+01 1.236421619102534564e-03
5.787701474840433491e+01 1.235017136013150107e-03
5.798479317437901415e+01 1.233609939087498830e-03
5.809257160035370049e+01 1.232200057287524686e-03
5.820035002632837973e+01 1.230787519426512766e-03
5.830812845230307317e+01 1.229372354167868053e-03
5.841590687827775241e+01 1.227954590027668935e-03
5.852368530425243875e+01 1.226534255374223115e-03
5.863146373022711799e+01 1.225111378428511699e-03
5.873924215620179723e+01 1.223685987265854536e-03
5.884702058217648357e+01 1.222258109815133054e-03
5.895479900815116281e+01 1.220827773860788668e-03
5.906257743412584205e+01 1.219395007042711754e-03
5.917035586010052839e+01 1.217959836856796763e-03
5.927813428607520763e+01 1.216522290655497329e-03
5.938591271204988686e+01 1.215082395649269564e-03
5.949369113802457321e+01 1.213640178906016942e-03
5.960146956399925244e+01 1.212195667352866657e-03
5.970924798997393168e+01 1.210748887775614513e-03
5.981702641594861802e+01 1.209299866819835145e-03
5.992480484192329726e+01 1.207848630992103267e-03
6.003258326789797650e+01 1.206395206659660602e-03
6.014036169387266284e+01 1.204939620051304061e-03
6.024814011984734208e+01 1.203481897258162903e-03
6.035591854582203553e+01 1.202022064234087306e-03
6.046369697179671476e+01 1.200560146796481042e-03
6.057147539777139400e+01 1.199096170626523516e-03
6.067925382374608034e+01 1.197630161270002436e-03
6.078703224972075958e+01 1.196162144138090966e-03
6.089481067569543882e+01 1.194692144507347731e-03
6.100258910167012516e+01 1.193220187520827036e-03
6.111036752764480440e+01 1.191746298188411934e-03
6.121814595361948363e+01 1.190270501387369340e-03
6.132592437959416998e+01 1.188792821863182692e-03
6.143370280556884921e+01 1.187313284229774002e-03
6.154148123154352845e+01 1.185831912970114477e-03
6.164925965751821479e+01 1.184348732437057183e-03
6.175703808349289403e+01 1.182863766853892162e-03
6.186481650946757327e+01 1.181377040314346427e-03
6.197259493544225961e+01 1.179888576783805210e-03
6.208037336141693885e+01 1.178398400099478494e-03
6.218815178739161809e+01 1.176906533971344704e-03
6.229593021336630443e+01 1.175413001982095196e-03
6.240370863934099788e+01 1.173917827588188967e-03
6.251148706531567711e+01 1.172421034120296746e-03
6.261926549129035635e+01 1.170922644783689570e-03
6.272704391726504269e+01 1.169422682658849411e-03
6.283482234323972193e+01 1.167921170702079792e-03
6.294260076921440117e+01 1.166418131745949882e-03
6.305037919518908751e+01 1.164913588500127162e-03
6.315815762116376675e+01 1.163407563551432933e-03
6.326593604713844599e+01 1.161900079364452942e-03
6.337371447311313233e+01 1.160391158282481072e-03
6.348149289908781157e+01 1.158880822527630361e-03
6.358927132506249080e+01 1.157369094201887716e-03
6.369704975103717715e+01 1.155855995286780846e-03
6.380482817701185638e+01 1.154341547644377464e-03
6.391260660298653562e+01 1.152825773018284483e-03
6.402038502896121486e+01 1.151308693033259445e-03
6.412816345493590120e+01 1.149790329196209715e-03
6.423594188091058754e+01 1.148270702897080664e-03
6.434372030688525967e+01 1.146749835408078511e-03
6.445149873285996023e+01 1.145227747885890768e-03
6.455927715883463236e+01 1.143704461370964598e-03
6.466705558480931870e+01 1.142179996788228458e-03
6.477483401078400505e+01 1.140654374948146810e-03
6.488261243675867718e+01 1.139127616546775634e-03
6.499039086273336352e+01 1.137599742165540384e-03
6.509816928870804986e+01 1.136070772273789498e-03
6.520594771468272199e+01 1.134540727226907020e-03
6.531372614065740834e+01 1.133009627268810604e-03
6.542150456663209468e+01 1.131477492530674755e-03
6.552928299260676681e+01 1.129944343032596166e-03
6.563706141858145315e+01 1.128410198684204335e-03
6.574483984455613950e+01 1.126875079284217485e-03
6.585261827053081163e+01 1.125339004521552777e-03
6.596039669650549797e+01 1.123801993975548363e-03
6.606817512248018431e+01 1.122264067117073605e-03
6.617595354845485645e+01 1.120725243307751917e-03
6.628373197442954279e+01 1.119185541801681616e-03
6.639151040040422913e+01 1.117644981745435917e-03
6.649928882637891547e+01 1.116103582178340492e-03
6.660706725235360182e+01 1.114561362032973069e-03
6.671484567832828816e+01 1.113018340136329165e-03
6.682262410430296029e+01 1.111474535209100445e-03
6.693040253027764663e+01 1.109929965867062496e-03
6.703818095625233298e+01 1.108384650621352385e-03
6.714595938222700511e+01 1.106838607878635194e-03
6.725373780820169145e+01 1.105291855941992196e-03
6.736151623417637779e+01 1.103744413010920855e-03
6.746929466015104992e+01 1.102196297182000961e-03
6.757707308612573627e+01 1.100647526449560765e-03
6.768485151210042261e+01 1.099098118705732485e-03
6.779262993807509474e+01 1.097548091741229470e-03
6.790040836404978108e+01 1.095997463245901304e-03
6.800818679002446743e+01 1.094446250808012167e-03
6.811596521599913956e+01 1.092894471916960875e-03
6.822374364197382590e+01 1.091342143961171463e-03
6.833152206794851224e+01 1.089789284230535671e-03
6.843930049392318438e+01 1.088235909915746813e-03
6.854707891989788493e+01 1.086682038109076931e-03
6.865485734587255706e+01 1.085127685804876396e-03
6.876263577184724340e+01 1.083572869899684932e-03
6.887041419782192975e+01 1.082017607193286324e-03
6.897819262379660188e+01 1.080461914388264333e-03
6.908597104977128822e+01 1.078905808091390472e-03
6.919374947574597456e+01 1.077349304813290942e-03
6.930152790172064670e+01 1.075792420969445828e-03
6.940930632769533304e+01 1.074235172879911548e-03
6.951708475367001938e+01 1.072677576770320051e-03
6.962486317964469151e+01 1.071119648772544952e-03
6.973264160561937786e+01 1.069561404923924375e-03
6.984042003159406420e+01 1.068002861169370377e-03
6.994819845756873633e+01 1.066444033360092192e-03
7.005597688354342267e+01 1.064884937255539121e-03
7.016375530951810902e+01 1.063325588522456844e-03
7.027153373549278115e+01 1.061766002736053149e-03
7.037931216146746749e+01 1.060206195380664074e-03
7.048709058744215383e+01 1.058646181849254297e-03
7.059486901341684018e+01 1.057085977444638392e-03
7.070264743939152652e+01 1.055525597379647351e-03
7.081042586536619865e+01 1.053965056777461662e-03
7.091820429134088499e+01 1.052404370671389255e-03
7.102598271731557134e+01 1.050843554007030445e-03
7.113376114329024347e+01 1.049282621640446056e-03
7.124153956926492981e+01 1.047721588340488896e-03
7.134931799523961615e+01 1.046160468787860065e-03
7.145709642121428828e+01 1.044599277576163665e-03
7.156487484718897463e+01 1.043038029212017825e-03
7.167265327316366097e+01 1.041476738115998391e-03
7.178043169913833310e+01 1.039915418621750742e-03
7.188821012511301944e+01 1.038354084978376779e-03
7.199598855108770579e+01 1.036792751348603048e-03
7.210376697706237792e+01 1.035231431810834657e-03
7.221154540303706426e+01 1.033670140358655676e-03
7.231932382901175060e+01 1.032108890901439757e-03
7.242710225498642274e+01 1.030547697265182805e-03
7.253488068096110908e+01 1.028986573192114395e-03
7.264265910693580963e+01 1.027425532341363912e-03
7.275043753291048176e+01 1.025864588289515655e-03
7.285821595888516811e+01 1.024303754531163957e-03
7.296599438485985445e+01 1.022743044478524599e-03
7.307377281083452658e+01 1.021182471462545038e-03
7.318155123680921292e+01 1.019622048732793385e-03
7.328932966278389927e+01 1.018061789458124533e-03
7.339710808875857140e+01 1.016501706727235277e-03
7.350488651473325774e+01 1.014941813548553284e-03
7.361266494070794408e+01 1.013382122850237099e-03
7.372044336668261622e+01 1.011822647481952497e-03
7.382822179265730256e+01 1.010263400213762264e-03
7.393600021863198890e+01 1.008704393737624994e-03
7.404377864460666103e+01 1.007145640666784470e-03
7.415155707058134738e+01 1.005587153536657841e-03
7.425933549655603372e+01 1.004028944805335222e-03
7.436711392253070585e+01 1.002471026853080094e-03
7.447489234850539219e+01 1.000913411984105661e-03
7.458267077448007853e+01 9.993561124256311601e-04
7.469044920045476488e+01 9.977991403286590177e-04
7.479822762642945122e+01 9.962425077687520059e-04
7.490600605240412335e+01 9.946862267455336415e-04
7.501378447837880969e+01 9.931303091837984098e-04
7.512156290435349604e+01 9.915747669334562531e-04
7.522934133032816817e+01 9.900196117698656373e-04
7.533711975630285451e+01 9.884648553947772420e-04
7.544489818227754085e+01 9.869105094356123153e-04
7.555267660825221299e+01 9.853565854465173857e-04
7.566045503422689933e+01 9.838030949088638621e-04
7.576823346020158567e+01 9.822500492303598563e-04
7.587601188617625780e+01 9.806974597476036948e-04
7.598379031215094415e+01 9.791453377242520517e-04
7.609156873812563049e+01 9.775936943521856826e-04
7.619934716410030262e+01 9.760425407522310692e-04
7.630712559007498896e+01 9.744918879738273532e-04
7.641490401604967531e+01 9.729417469959700249e-04
7.652268244202434744e+01 9.713921287267668347e-04
7.663046086799903378e+01 9.698430440043259715e-04
7.673823929397373433e+01 9.682945035971446401e-04
7.684601771994840647e+01 9.667465182043311067e-04
7.695379614592309281e+01 9.651990984553826536e-04
7.706157457189777915e+01 9.636522549113513136e-04
7.716935299787245128e+01 9.621059980645108034e-04
7.727713142384713763e+01 9.605603383388006122e-04
7.738490984982182397e+01 9.590152860909917365e-04
7.749268827579649610e+01 9.574708516095764566e-04
7.760046670177118244e+01 9.559270451158785598e-04
7.770824512774586879e+01 9.543838767645529408e-04
7.781602355372054092e+01 9.528413566431970239e-04
7.792380197969522726e+01 9.512994947734609852e-04
7.803158040566991360e+01 9.497583011107701978e-04
7.813935883164458573e+01 9.482177855449358539e-04
7.824713725761927208e+01 9.466779578999884315e-04
7.835491568359395842e+01 9.451388279355654731e-04
7.846269410956863055e+01 9.436004053456903407e-04
7.857047253554331689e+01 9.420626997604375497e-04
7.867825096151800324e+01 9.405257207454886803e-04
7.878602938749268958e+01 9.389894778022989108e-04
7.889380781346737592e+01 9.374539803693182627e-04
7.900158623944204805e+01 9.359192378213254671e-04
7.910936466541673440e+01 9.343852594699830760e-04
7.921714309139142074e+01 9.328520545643925743e-04
7.932492151736609287e+01 9.313196322912609126e-04
7.943269994334077921e+01 9.297880017750115300e-04
7.954047836931546556e+01 9.282571720783394653e-04
7.964825679529013769e+01 9.267271522022668684e-04
7.975603522126482403e+01 9.251979510862540224e-04
7.986381364723951037e+01 9.236695776096981447e-04
7.997159207321418251e+01 9.221420405904900974e-04
8.007937049918886885e+01 9.206153487859580764e-04
8.018714892516355519e+01 9.190895108939778346e-04
8.029492735113822732e+01 9.175645355519179702e-04
8.040270577711291367e+01 9.160404313381387276e-04
8.051048420308760001e+01 9.145172067714923969e-04
8.061826262906227214e+01 9.129948703115453590e-04
8.072604105503695848e+01 9.114734303595217746e-04
8.083381948101164483e+01 9.099528952579150065e-04
8.094159790698633117e+01 9.084332732912092645e-04
8.104937633296101751e+01 9.069145726857685830e-04
8.115715475893568964e+01 9.053968016103919325e-04
8.126493318491037599e+01 9.038799681768683314e-04
8.137271161088506233e+01 9.023640804395327564e-04
8.148049003685973446e+01 9.008491463957102319e-04
8.158826846283442080e+01 8.993351739864929861e-04
8.169604688880910714e+01 8.978221710966294289e-04
8.180382531478377928e+01 8.963101455548572183e-04
8.191160374075846562e+01 8.947991051341253055e-04
8.201938216673315196e+01 8.932890575517604681e-04
8.212716059270782409e+01 8.917800104700779329e-04
8.223493901868251044e+01 8.902719714962703534e-04
8.234271744465719678e+01 8.887649481828518994e-04
8.245049587063186891e+01 8.872589480280468344e-04
8.255827429660655525e+01 8.857539784755674717e-04
8.266605272258124160e+01 8.842500469155023524e-04
8.277383114855591373e+01 8.827471606839831786e-04
8.288160957453061428e+01 8.812453270641840142e-04
8.298938800050530062e+01 8.797445532855996397e-04
8.309716642647997276e+01 8.782448465250447533e-04
8.320494485245465910e+01 8.767462139065984594e-04
8.331272327842934544e+01 8.752486625022148914e-04
8.342050170440401757e+01 8.737521993313346336e-04
8.352828013037870392e+01 8.722568313617728997e-04
8.363605855635339026e+01 8.707625655093309547e-04
8.374383698232806239e+01 8.692694086385732710e-04
8.385161540830274873e+01 8.677773675632161066e-04
8.395939383427743508e+01 8.662864490457389266e-04
8.406717226025210721e+01 8.647966597978284931e-04
8.417495068622679355e+01 8.633080064809894871e-04
8.428272911220147989e+01 8.618204957063779759e-04
8.439050753817615202e+01 8.603341340355230571e-04
8.449828596415083837e+01 8.588489279798272591e-04
8.460606439012552471e+01 8.573648840013992078e-04
8.471384281610019684e+01 8.558820085131091382e-04
8.482162124207489740e+01 8.544003078787554273e-04
8.492939966804956953e+01 8.529197884137862395e-04
8.503717809402425587e+01 8.514404563845223706e-04
8.514495651999894221e+01 8.499623180094062480e-04
8.525273494597361434e+01 8.484853794587798870e-04
8.536051337194830069e+01 8.470096468549959123e-04
8.546829179792298703e+01 8.455351262730281814e-04
8.557607022389765916e+01 8.440618237403052504e-04
8.568384864987234550e+01 8.425897452371267082e-04
8.579162707584703185e+01 8.411188966972737990e-04
8.589940550182170398e+01 8.396492840073155328e-04
8.600718392779639032e+01 8.381809130076911529e-04
8.611496235377107666e+01 8.367137894925713582e-04
8.622274077974574880e+01 8.352479192099970806e-04
8.633051920572043514e+01 8.337833078626566419e-04
8.643829763169512148e+01 8.323199611070808412e-04
8.654607605766979361e+01 8.308578845550307346e-04
8.665385448364447996e+01 8.293970837727759893e-04
8.676163290961916630e+01 8.279375642817610181e-04
8.686941133559385264e+01 8.264793315590768241e-04
8.697718976156853898e+01 8.250223910370724223e-04
8.708496818754321112e+01 8.235667481039099513e-04
8.719274661351789746e+01 8.221124081037867182e-04
8.730052503949258380e+01 8.206593763371294870e-04
8.740830346546725593e+01 8.192076580607332570e-04
8.751608189144194228e+01 8.177572584879833073e-04
8.762386031741662862e+01 8.163081827891882636e-04
8.773163874339130075e+01 8.148604360917743872e-04
8.783941716936598709e+01 8.134140234803410863e-04
8.794719559534067344e+01 8.119689499969662272e-04
8.805497402131534557e+01 8.105252206414004235e-04
8.816275244729003191e+01 8.090828403712890804e-04
8.827053087326471825e+01 8.076418141025609732e-04
8.837830929923939038e+01 8.062021467093172244e-04
8.848608772521407673e+01 8.047638430241088603e-04
8.859386615118876307e+01 8.033269078383531436e-04
8.870164457716343520e+01 8.018913459022225521e-04
8.880942300313812154e+01 8.004571619252276449e-04
8.891720142911282210e+01 7.990243605761337964e-04
8.902497985508749423e+01 7.975929464831277294e-04
8.913275828106218057e+01 7.961629242341505819e-04
8.924053670703686691e+01 7.947342983773975078e-04
8.934831513301153905e+01 7.933070734209568542e-04
8.945609355898622539e+01 7.918812538330322059e-04
8.956387198496091173e+01 7.904568440427472975e-04
8.967165041093558386e+01 7.890338484396464125e-04
8.977942883691027021e+01 7.876122713745825621e-04
8.988720726288495655e+01 7.861921171590791069e-04
8.999498568885962868e+01 7.847733900663567130e-04
9.010276411483431502e+01 7.833560943309170188e-04
9.021054254080900137e+01 7.819402341488757013e-04
9.031832096678367350e+01 7.805258136785175882e-04
9.042609939275835984e+01 7.791128370401301240e-04
9.053387781873304618e+01 7.777013083161421481e-04
9.064165624470771832e+01 7.762912315515402284e-04
9.074943467068240466e+01 7.748826107538964170e-04
9.085721309665709100e+01 7.734754498937845835e-04
9.096499152263177734e+01 7.720697529047249041e-04
9.107276994860646369e+01 7.706655236832116174e-04
9.118054837458113582e+01 7.692627660895456909e-04
9.128832680055582216e+01 7.678614839474184883e-04
9.139610522653050850e+01 7.664616810441060579e-04
9.150388365250518063e+01 7.650633611312462889e-04
9.161166207847986698e+01 7.636665279240617554e-04
9.171944050445455332e+01 7.622711851026919838e-04
9.182721893042922545e+01 7.608773363113607857e-04
9.193499735640391179e+01 7.594849851591256584e-04
9.204277578237859814e+01 7.580941352198500294e-04
9.215055420835327027e+01 7.567047900323142784e-04
9.225833263432795661e+01 7.553169531009373827e-04
9.236611106030264295e+01 7.539306278949442497e-04
9.247388948627731509e+01 7.525458178495314510e-04
9.258166791225200143e+01 7.511625263654508888e-04
9.268944633822668777e+01 7.497807568093151076e-04
9.279722476420135990e+01 7.484005125142079162e-04
9.290500319017604625e+01 7.470217967790737656e-04
9.301278161615073259e+01 7.456446128694116382e-04
9.312056004212541893e+01 7.442689640171917809e-04
9.322833846810010527e+01 7.428948534215218391e-04
9.333611689407477741e+01 7.415222842480917453e-04
9.344389532004946375e+01 7.401512596300063862e-04
9.355167374602415009e+01 7.387817826673692689e-04
9.365945217199882222e+01 7.374138564278376329e-04
9.376723059797350857e+01 7.360474839468722497e-04
9.387500902394819491e+01 7.346826682274876230e-04
9.398278744992286704e+01 7.333194122407238336e-04
9.409056587589755338e+01 7.319577189258685834e-04
9.419834430187223973e+01 7.305975911902073960e-04
9.430612272784691186e+01 7.292390319097730167e-04
9.441390115382159820e+01 7.278820439290956124e-04
9.452167957979628454e+01 7.265266300614803274e-04
9.462945800577095667e+01 7.251727930890072837e-04
9.473723643174564302e+01 7.238205357631144476e-04
9.484501485772032936e+01 7.224698608044310966e-04
9.495279328369500149e+01 7.211207709029721080e-04
9.506057170966970205e+01 7.197732687181934708e-04
9.516835013564438839e+01 7.184273568795196407e-04
9.527612856161906052e+01 7.170830379861770076e-04
9.538390698759374686e+01 7.157403146073049172e-04
9.549168541356843321e+01 7.143991892824552714e-04
9.559946383954310534e+01 7.130596645214259954e-04
9.570724226551779168e+01 7.117217428046218597e-04
9.581502069149247802e+01 7.103854265830544801e-04
9.592279911746715015e+01 7.090507182785921181e-04
9.603057754344183650e+01 7.077176202839874364e-04
9.613835596941652284e+01 7.063861349631272990e-04
9.624613439539119497e+01 7.050562646513658382e-04
9.635391282136588131e+01 7.037280116554134324e-04
9.646169124734056766e+01 7.024013782534199724e-04
9.656946967331523979e+01 7.010763666955299733e-04
9.667724809928992613e+01 6.997529792033552187e-04
9.678502652526461247e+01 6.984312179710572277e-04
9.689280495123928461e+01 6.971110851646256101e-04
9.700058337721397095e+01 6.957925829224609338e-04
9.710836180318865729e+01 6.944757133554302353e-04
9.721614022916334363e+01 6.931604785472000874e-04
9.732391865513802998e+01 6.918468805539035316e-04
9.743169708111270211e+01 6.905349214046951900e-04
9.753947550708738845e+01 6.892246031018900432e-04
9.764725393306207479e+01 6.879159276209356744e-04
9.775503235903674693e+01 6.866088969106065587e-04
9.786281078501143327e+01 6.853035128931705966e-04
9.797058921098611961e+01 6.839997774645001360e-04
9.807836763696079174e+01 6.826976924942385061e-04
9.818614606293547808e+01 6.813972598259665503e-04
9.829392448891016443e+01 6.800984812772581378e-04
9.840170291488483656e+01 6.788013586399577193e-04
9.850948134085952290e+01 6.775058936801525711e-04
9.861725976683420924e+01 6.762120881383115734e-04
9.872503819280888138e+01 6.749199437298403215e-04
9.883281661878356772e+01 6.736294621446370368e-04
9.894059504475825406e+01 6.723406450472868556e-04
9.904837347073292619e+01 6.710534940777557189e-04
9.915615189670762675e+01 6.697680108508075048e-04
9.926393032268229888e+01 6.684841969568644515e-04
9.937170874865698522e+01 6.672020539614520462e-04
9.947948717463167156e+01 6.659215834058651584e-04
9.958726560060634370e+01 6.646427868066961953e-04
9.969504402658103004e+01 6.633656656569175691e-04
9.980282245255571638e+01 6.620902214248824968e-04
9.991060087853038851e+01 6.608164555554629782e-04
1.000183793045050749e+02 6.595443694694669290e-04
1.001261577304797612e+02 6.582739645639712478e-04
1.002339361564544333e+02 6.570052422129601943e-04
1.003417145824291197e+02 6.557382037664372110e-04
1.004494930084038060e+02 6.544728505515073902e-04
1.005572714343784781e+02 6.532091838719888965e-04
1.006650498603531645e+02 6.519472050086072556e-04
1.007728282863278508e+02 6.506869152193839323e-04
1.008806067123025230e+02 6.494283157394697970e-04
1.009883851382772093e+02 6.481714077812839037e-04
1.010961635642518957e+02 6.469161925349020681e-04
1.012039419902265820e+02 6.456626711676682895e-04
1.013117204162012683e+02 6.444108448251106847e-04
1.014194988421759547e+02 6.431607146302475986e-04
1.015272772681506268e+02 6.419122816841427159e-04
1.016350556941253132e+02 6.406655470662103724e-04
1.017428341200999995e+02 6.394205118336881988e-04
1.018506125460746716e+02 6.381771770224142770e-04
1.019583909720493580e+02 6.369355436465218290e-04
1.020661693980240443e+02 6.356956126988277944e-04
1.021739478239987164e+02 6.344573851508883422e-04
1.022817262499734028e+02 6.332208619529988702e-04
1.023895046759480891e+02 6.319860440343327834e-04
1.024972831019227613e+02 6.307529323032190494e-04
1.026050615278974476e+02 6.295215276469756649e-04
1.027128399538721339e+02 6.282918309325757900e-04
1.028206183798468061e+02 6.270638430060093693e-04
1.029283968058214924e+02 6.258375646929492664e-04
1.030361752317961788e+02 6.246129967987512632e-04
1.031439536577708509e+02 6.233901401083430382e-04
1.032517320837455372e+02 6.221689953868347889e-04
1.033595105097202236e+02 6.209495633789363644e-04
1.034672889356948957e+02 6.197318448096511556e-04
1.035750673616695821e+02 6.185158403842205832e-04
1.036828457876442684e+02 6.173015507879853203e-04
1.037906242136189405e+02 6.160889766870514261e-04
1.038984026395936269e+02 6.148781187277352345e-04
1.040061810655683132e+02 6.136689775373127542e-04
1.041139594915429853e+02 6.124615537234090468e-04
1.042217379175176717e+02 6.112558478748864044e-04
1.043295163434923722e+02 6.100518605615667944e-04
1.044372947694670586e+02 6.088495923340098148e-04
1.045450731954417449e+02 6.076490437243731169e-04
1.046528516214164171e+02 6.064502152459405604e-04
1.047606300473911034e+02 6.052531073934552808e-04
1.048684084733657897e+02 6.040577206430364221e-04
1.049761868993404619e+02 6.028640554526232265e-04
1.050839653253151482e+02 6.016721122618085005e-04
1.051917437512898346e+02 6.004818914920606598e-04
1.052995221772645067e+02 5.992933935466404627e-04
1.054073006032391930e+02 5.981066188110173432e-04
1.055150790292138794e+02 5.969215676527028780e-04
1.056228574551885515e+02 5.957382404216393645e-04
1.057306358811632379e+02 5.945566374499222650e-04
1.058384143071379242e+02 5.933767590522165403e-04
1.059461927331125963e+02 5.921986055257566495e-04
1.060539711590872827e+02 5.910221771502077726e-04
1.061617495850619690e+02 5.898474741884707218e-04
1.062695280110366411e+02 5.886744968859047855e-04
1.063773064370113275e+02 5.875032454710216179e-04
1.064850848629860138e+02 5.863337201553464606e-04
1.065928632889606860e+02 5.851659211335291655e-04
1.067006417149353723e+02 5.839998485836772613e-04
1.068084201409100586e+02 5.828355026670783978e-04
1.069161985668847308e+02 5.816728835283946353e-04
1.070239769928594171e+02 5.805119912961342887e-04
1.071317554188341035e+02 5.793528260822078391e-04
1.072395338448087756e+02 5.781953879825108000e-04
1.073473122707834619e+02 5.770396770766184069e-04
1.074550906967581483e+02 5.758856934281186835e-04
1.075628691227328204e+02 5.747334370846679530e-04
1.076706475487075068e+02 5.735829080778798161e-04
