0.000000000000000000e+00 -1.640819025591447669e-02
2.866480638593815744e+00 1.252788427681918106e-04
5.732961277187631488e+00 9.992774412655702472e-05
8.599441915781447676e+00 7.557477411737085072e-05
1.146592255437526298e+01 5.223391163268837820e-05
1.433240319296907650e+01 2.990483353108847782e-05
1.719888383156289535e+01 8.576575303955017004e-06
2.006536447015670888e+01 -1.176942157121317864e-05
2.293184510875052595e+01 -3.115694352347911172e-05
2.579832574734434303e+01 -4.961319520060113332e-05
2.866480638593815300e+01 -6.716743619665411656e-05
3.153128702453197363e+01 -8.384997073067530261e-05
3.439776766312579070e+01 -9.969141261919650567e-05
3.726424830171961133e+01 -1.147221622424239400e-04
4.013072894031341775e+01 -1.289720446945716770e-04
4.299720957890723838e+01 -1.424700689262340335e-04
4.586369021750105190e+01 -1.552442764665935620e-04
4.873017085609486543e+01 -1.673216554933972791e-04
5.159665149468868606e+01 -1.787281017440577730e-04
5.446313213328249958e+01 -1.894884123239796731e-04
5.732961277187630600e+01 -1.996263019994969730e-04
6.019609341047014084e+01 -2.091644343182138448e-04
6.306257404906394726e+01 -2.181244619827748578e-04
6.592905468765775368e+01 -2.265270724971080835e-04
6.879553532625158141e+01 -2.343920362707638326e-04
7.166201596484538072e+01 -2.417382552642669674e-04
7.452849660343922267e+01 -2.485838108678214845e-04
7.739497724203302198e+01 -2.549460102003878246e-04
8.026145788062683550e+01 -2.608414303102759018e-04
8.312793851922064903e+01 -2.662859600208460791e-04
8.599441915781447676e+01 -2.712948392891439292e-04
8.886089979640829029e+01 -2.758826960858205748e-04
9.172738043500210381e+01 -2.800635808407678359e-04
9.459386107359590312e+01 -2.838509985640145041e-04
9.746034171218973086e+01 -2.872579387614620301e-04
1.003268223507835444e+02 -2.902969032869658420e-04
1.031933029893773721e+02 -2.929799322634031003e-04
1.060597836279711714e+02 -2.953186282170422775e-04
1.089262642665649992e+02 -2.973241785514373764e-04
1.117927449051587985e+02 -2.990073764888145761e-04
1.146592255437526120e+02 -3.003786405980916788e-04
1.175257061823464255e+02 -3.014480330108162531e-04
1.203921868209402817e+02 -3.022252764355676203e-04
1.232586674595340668e+02 -3.027197700542156645e-04
1.261251480981278945e+02 -3.029406043927840536e-04
1.289916287367217080e+02 -3.028965752413106754e-04
1.318581093753155074e+02 -3.025961966940347858e-04
1.347245900139093351e+02 -3.020477133811891399e-04
1.375910706525031628e+02 -3.012591119465032386e-04
1.404575512910969621e+02 -3.002381318316826495e-04
1.433240319296907614e+02 -2.989922754209384291e-04
1.461905125682846176e+02 -2.975288175820676680e-04
1.490569932068784453e+02 -2.958548146612338344e-04
1.519234738454722162e+02 -2.939771129644751300e-04
1.547899544840660440e+02 -2.919023567622509516e-04
1.576564351226598717e+02 -2.896369958555551540e-04
1.605229157612536710e+02 -2.871872927287165921e-04
1.633893963998474703e+02 -2.845593293258137277e-04
1.662558770384412981e+02 -2.817590134687422590e-04
1.691223576770351258e+02 -2.787920849485334336e-04
1.719888383156289535e+02 -2.756641213095451003e-04
1.748553189542227528e+02 -2.723805433449679402e-04
1.777217995928165806e+02 -2.689466203283873949e-04
1.805882802314103799e+02 -2.653674749968678160e-04
1.834547608700042076e+02 -2.616480882978500558e-04
1.863212415085980069e+02 -2.577933039221639417e-04
1.891877221471918062e+02 -2.538078326322299729e-04
1.920542027857856340e+02 -2.496962563992316964e-04
1.949206834243794617e+02 -2.454630323629613956e-04
1.977871640629732894e+02 -2.411124966213767039e-04
2.006536447015670888e+02 -2.366488678670835655e-04
2.035201253401609165e+02 -2.320762508707206056e-04
2.063866059787547442e+02 -2.273986398311726568e-04
2.092530866173485435e+02 -2.226199215849887600e-04
2.121195672559423429e+02 -2.177438787048554115e-04
2.149860478945361706e+02 -2.127741924683381348e-04
2.178525285331299983e+02 -2.077144457256749398e-04
2.207190091717238261e+02 -2.025681256582245510e-04
2.235854898103175969e+02 -1.973386264401486966e-04
2.264519704489114531e+02 -1.920292518038368697e-04
2.293184510875052240e+02 -1.866432175183184157e-04
2.321849317260990802e+02 -1.811836537848545315e-04
2.350514123646928510e+02 -1.756536075465642526e-04
2.379178930032867072e+02 -1.700560447275149584e-04
2.407843736418805634e+02 -1.643938523946329689e-04
2.436508542804743058e+02 -1.586698408527394957e-04
2.465173349190681336e+02 -1.528867456720869834e-04
2.493838155576619329e+02 -1.470472296511069995e-04
2.522502961962557890e+02 -1.411538847227180823e-04
2.551167768348495883e+02 -1.352092337970202222e-04
2.579832574734434161e+02 -1.292157325534590165e-04
2.608497381120372438e+02 -1.231757711754521360e-04
2.637162187506310147e+02 -1.170916760369391916e-04
2.665826993892248424e+02 -1.109657113386854299e-04
2.694491800278186702e+02 -1.048000806967044451e-04
2.723156606664124979e+02 -9.859692868636735273e-05
2.751821413050063256e+02 -9.235834234259163828e-05
2.780486219436001534e+02 -8.608635261772596824e-05
2.809151025821939243e+02 -7.978293579775572186e-05
2.837815832207877520e+02 -7.345001488230821856e-05
2.866480638593815229e+02 -6.708946092380603412e-05
2.895145444979753506e+02 -6.070309433286686718e-05
2.923810251365692352e+02 -5.429268614630911006e-05
2.952475057751630061e+02 -4.785995926247880723e-05
2.981139864137568907e+02 -4.140658964260681823e-05
3.009804670523506047e+02 -3.493420748435021136e-05
3.038469476909444325e+02 -2.844439835634867805e-05
3.067134283295382602e+02 -2.193870431163312301e-05
3.095799089681320879e+02 -1.541862496784531485e-05
3.124463896067259157e+02 -8.885618560032085275e-06
3.153128702453197434e+02 -2.341102965990257300e-06
3.181793508839135711e+02 4.213543293355668926e-06
3.210458315225073420e+02 1.077698008020169131e-05
3.239123121611011697e+02 1.734790469098334027e-05
3.267787927996949406e+02 2.392505092953495471e-05
3.296452734382888252e+02 3.050718820669907376e-05
3.325117540768825961e+02 3.709312066094537920e-05
3.353782347154764238e+02 4.368168630001888756e-05
3.382447153540702516e+02 5.027175616488860550e-05
3.411111959926640225e+02 5.686223351706562083e-05
3.439776766312579070e+02 6.345205304049373815e-05
3.468441572698516779e+02 7.004018006790293084e-05
3.497106379084455057e+02 7.662560982542189600e-05
3.525771185470393334e+02 8.320736669382231140e-05
3.554435991856331611e+02 8.978450349000387308e-05
3.583100798242269889e+02 9.635610076446882806e-05
3.611765604628207598e+02 1.029212661177484695e-04
3.640430411014145307e+02 1.094791335324493258e-04
3.669095217400084152e+02 1.160288627208223876e-04
3.697760023786022430e+02 1.225696384899696068e-04
3.726424830171960139e+02 1.291006701214026439e-04
3.755089636557898984e+02 1.356211907657707690e-04
3.783754442943836125e+02 1.421304568528312506e-04
3.812419249329774971e+02 1.486277475140346379e-04
3.841084055715712680e+02 1.551123640214034085e-04
3.869748862101650957e+02 1.615836292386446703e-04
3.898413668487589234e+02 1.680408870850826606e-04
3.927078474873527512e+02 1.744835020133780684e-04
3.955743281259465789e+02 1.809108584997324589e-04
3.984408087645403498e+02 1.873223605458216256e-04
4.013072894031341775e+02 1.937174311934637628e-04
4.041737700417280053e+02 2.000955120497566143e-04
4.070402506803218330e+02 2.064560628249351311e-04
4.099067313189156039e+02 2.127985608813286504e-04
4.127732119575094885e+02 2.191225007905060220e-04
4.156396925961032593e+02 2.254273939051959724e-04
4.185061732346970871e+02 2.317127679383136271e-04
4.213726538732909148e+02 2.379781665529336803e-04
4.242391345118846857e+02 2.442231489629785178e-04
4.271056151504785703e+02 2.504472895419130652e-04
4.299720957890723412e+02 2.566501774418232019e-04
4.328385764276661689e+02 2.628314162212497316e-04
4.357050570662599966e+02 2.689906234830548282e-04
4.385715377048537675e+02 2.751274305173217810e-04
4.414380183434476521e+02 2.812414819590523655e-04
4.443044989820413662e+02 2.873324354469247808e-04
4.471709796206351939e+02 2.933999612958081604e-04
4.500374602592290785e+02 2.994437421737125007e-04
4.529039408978229062e+02 3.054634727884370481e-04
4.557704215364166771e+02 3.114588595811802947e-04
4.586369021750104480e+02 3.174296204260443474e-04
4.615033828136042757e+02 3.233754843389213861e-04
4.643698634521981603e+02 3.292961911922694541e-04
4.672363440907919880e+02 3.351914914359080096e-04
4.701028247293857021e+02 3.410611458266375826e-04
4.729693053679795867e+02 3.469049251623235793e-04
4.758357860065734144e+02 3.527226100228957246e-04
4.787022666451672421e+02 3.585139905174605617e-04
4.815687472837611267e+02 3.642788660390101430e-04
4.844352279223548408e+02 3.700170450223571445e-04
4.873017085609486116e+02 3.757283447097760007e-04
4.901681891995424394e+02 3.814125909212440929e-04
4.930346698381362671e+02 3.870696178308633234e-04
4.959011504767300380e+02 3.926992677496706765e-04
4.987676311153238657e+02 3.983013909095628512e-04
5.016341117539177503e+02 4.038758452582453325e-04
5.045005923925115781e+02 4.094224962534185100e-04
5.073670730311054058e+02 4.149412166667099610e-04
5.102335536696991767e+02 4.204318863889694663e-04
5.131000343082930613e+02 4.258943922415169480e-04
5.159665149468868321e+02 4.313286277928755474e-04
5.188329955854807167e+02 4.367344931774484068e-04
5.216994762240744876e+02 4.421118949204804632e-04
5.245659568626681448e+02 4.474607457677560367e-04
5.274324375012620294e+02 4.527809645170482729e-04
5.302989181398559140e+02 4.580724758554310288e-04
5.331653987784496849e+02 4.633352102006077283e-04
5.360318794170434558e+02 4.685691035448023498e-04
5.388983600556373403e+02 4.737740973035890085e-04
5.417648406942311112e+02 4.789501381672198123e-04
5.446313213328249958e+02 4.840971779580440361e-04
5.474978019714187667e+02 4.892151734870567358e-04
5.503642826100126513e+02 4.943040864185645677e-04
5.532307632486064222e+02 4.993638831350570096e-04
5.560972438872003067e+02 5.043945346067994990e-04
5.589637245257941913e+02 5.093960162637319652e-04
5.618302051643878485e+02 5.143683078702443456e-04
5.646966858029816194e+02 5.193113934058785682e-04
5.675631664415755040e+02 5.242252609440042682e-04
5.704296470801692749e+02 5.291099025374064024e-04
5.732961277187630458e+02 5.339653141063464706e-04
5.761626083573569304e+02 5.387914953258437622e-04
5.790290889959507012e+02 5.435884495207570031e-04
5.818955696345445858e+02 5.483561835596528896e-04
5.847620502731384704e+02 5.530947077523010614e-04
5.876285309117322413e+02 5.578040357515918601e-04
5.904950115503260122e+02 5.624841844538473008e-04
5.933614921889198968e+02 5.671351739058991996e-04
5.962279728275137813e+02 5.717570272111173598e-04
5.990944534661074385e+02 5.763497704401272575e-04
6.019609341047012094e+02 5.809134325422469873e-04
6.048274147432950940e+02 5.854480452591929009e-04
6.076938953818888649e+02 5.899536430423356825e-04
6.105603760204827495e+02 5.944302629689925685e-04
6.134268566590765204e+02 5.988779446658946005e-04
6.162933372976702913e+02 6.032967302280079630e-04
6.191598179362641758e+02 6.076866641450809131e-04
6.220262985748580604e+02 6.120477932268173502e-04
6.248927792134518313e+02 6.163801665305077308e-04
6.277592598520456022e+02 6.206838352916190958e-04
6.306257404906394868e+02 6.249588528544317186e-04
6.334922211292332577e+02 6.292052746059964476e-04
6.363587017678271422e+02 6.334231579093004732e-04
6.392251824064209131e+02 6.376125620427466195e-04
6.420916630450146840e+02 6.417735481344101446e-04
6.449581436836084549e+02 6.459061791052041028e-04
6.478246243222023395e+02 6.500105196070454523e-04
6.506911049607961104e+02 6.540866359682733899e-04
6.535575855993898813e+02 6.581345961349051093e-04
6.564240662379837659e+02 6.621544696182080124e-04
6.592905468765776504e+02 6.661463274406926715e-04
6.621570275151714213e+02 6.701102420840666799e-04
6.650235081537651922e+02 6.740462874390148410e-04
6.678899887923590768e+02 6.779545387566740739e-04
6.707564694309528477e+02 6.818350725990760496e-04
6.736229500695467323e+02 6.856879667937337570e-04
6.764894307081405032e+02 6.895133003878804734e-04
6.793559113467342740e+02 6.933111536035636282e-04
6.822223919853280449e+02 6.970816077945023387e-04
6.850888726239219295e+02 7.008247454047670556e-04
6.879553532625158141e+02 7.045406499263263261e-04
6.908218339011094713e+02 7.082294058604216578e-04
6.936883145397033559e+02 7.118910986775149217e-04
6.965547951782972405e+02 7.155258147800084949e-04
6.994212758168910113e+02 7.191336414647167942e-04
7.022877564554847822e+02 7.227146668876487882e-04
7.051542370940786668e+02 7.262689800278392289e-04
7.080207177326724377e+02 7.297966706544662101e-04
7.108871983712663223e+02 7.332978292920338571e-04
7.137536790098602069e+02 7.367725471890483168e-04
7.166201596484539778e+02 7.402209162868508482e-04
7.194866402870476350e+02 7.436430291869305367e-04
7.223531209256415195e+02 7.470389791238063373e-04
7.252196015642354041e+02 7.504088599326163688e-04
7.280860822028290613e+02 7.537527660241756262e-04
7.309525628414229459e+02 7.570707923546168014e-04
7.338190434800168305e+02 7.603630343999390716e-04
7.366855241186106014e+02 7.636295881296456143e-04
7.395520047572044859e+02 7.668705499809605215e-04
7.424184853957982568e+02 7.700860168337311448e-04
7.452849660343920277e+02 7.732760859875955576e-04
7.481514466729859123e+02 7.764408551375293500e-04
7.510179273115797969e+02 7.795804223508729031e-04
7.538844079501735678e+02 7.826948860453545025e-04
7.567508885887672250e+02 7.857843449680148576e-04
7.596173692273611096e+02 7.888488981734732928e-04
7.624838498659549941e+02 7.918886450036618412e-04
7.653503305045487650e+02 7.949036850680233756e-04
7.682168111431425359e+02 7.978941182243840056e-04
7.710832917817364205e+02 8.008600445594429677e-04
7.739497724203301914e+02 8.038015643711746150e-04
7.768162530589240760e+02 8.067187781507977008e-04
7.796827336975178468e+02 8.096117865658516337e-04
7.825492143361116177e+02 8.124806904419631243e-04
7.854156949747055023e+02 8.153255907489785886e-04
7.882821756132993869e+02 8.181465885822197023e-04
7.911486562518931578e+02 8.209437851499028606e-04
7.940151368904869287e+02 8.237172817553821153e-04
7.968816175290806996e+02 8.264671797852221917e-04
7.997480981676745841e+02 8.291935806929908587e-04
8.026145788062683550e+02 8.318965859865666080e-04
8.054810594448621259e+02 8.345762972141126555e-04
8.083475400834560105e+02 8.372328159521812922e-04
8.112140207220497814e+02 8.398662437918771873e-04
8.140805013606436660e+02 8.424766823275257411e-04
8.169469819992375506e+02 8.450642331445688349e-04
8.198134626378312078e+02 8.476289978072687860e-04
8.226799432764250923e+02 8.501710778493192650e-04
8.255464239150189769e+02 8.526905747607886827e-04
8.284129045536127478e+02 8.551875899795107578e-04
8.312793851922065187e+02 8.576622248797975386e-04
8.341458658308002896e+02 8.601145807627804622e-04
8.370123464693941742e+02 8.625447588468604853e-04
8.398788271079879451e+02 8.649528602582241344e-04
8.427453077465818296e+02 8.673389860220894398e-04
8.456117883851756005e+02 8.697032370542427627e-04
8.484782690237693714e+02 8.720457141512988645e-04
8.513447496623632560e+02 8.743665179838943941e-04
8.542112303009571406e+02 8.766657490884725628e-04
8.570777109395507978e+02 8.789435078581142634e-04
8.599441915781446824e+02 8.811998945373813877e-04
8.628106722167385669e+02 8.834350092135366322e-04
8.656771528553323378e+02 8.856489518097670176e-04
8.685436334939261087e+02 8.878418220786169846e-04
8.714101141325199933e+02 8.900137195957134656e-04
8.742765947711137642e+02 8.921647437527435070e-04
8.771430754097075351e+02 8.942949937516969389e-04
8.800095560483014197e+02 8.964045685994279089e-04
8.828760366868953042e+02 8.984935671010564270e-04
8.857425173254890751e+02 9.005620878548315248e-04
8.886089979640827323e+02 9.026102292469313131e-04
8.914754786026766169e+02 9.046380894457001220e-04
8.943419592412703878e+02 9.066457663979597204e-04
8.972084398798642724e+02 9.086333578228000894e-04
9.000749205184581569e+02 9.106009612074763681e-04
9.029414011570519278e+02 9.125486738027901524e-04
9.058078817956458124e+02 9.144765926196479116e-04
9.086743624342396970e+02 9.163848144234102355e-04
9.115408430728333542e+02 9.182734357306936547e-04
9.144073237114270114e+02 9.201425528064976133e-04
9.172738043500208960e+02 9.219922616582333337e-04
9.201402849886147806e+02 9.238226580338873952e-04
9.230067656272085515e+02 9.256338374184389876e-04
9.258732462658024360e+02 9.274258950297131635e-04
9.287397269043963206e+02 9.291989258158878237e-04
9.316062075429900915e+02 9.309530244520528930e-04
9.344726881815839761e+02 9.326882853379662389e-04
9.373391688201778607e+02 9.344048025943103549e-04
9.402056494587714042e+02 9.361026700609461444e-04
9.430721300973652887e+02 9.377819812932741217e-04
9.459386107359591733e+02 9.394428295608361163e-04
9.488050913745529442e+02 9.410853078443639661e-04
9.516715720131468288e+02 9.427095088338174368e-04
9.545380526517407134e+02 9.443155249256417324e-04
9.574045332903344843e+02 9.459034482212734648e-04
9.602710139289283688e+02 9.474733705255592364e-04
9.631374945675222534e+02 9.490253833434866620e-04
9.660039752061159106e+02 9.505595778801585651e-04
9.688704558447096815e+02 9.520760450379369723e-04
9.717369364833033387e+02 9.535748754151837040e-04
9.746034171218972233e+02 9.550561593043881744e-04
9.774698977604909942e+02 9.565199866915546001e-04
9.803363783990848788e+02 9.579664472545629033e-04
9.832028590376787633e+02 9.593956303608952487e-04
9.860693396762725342e+02 9.608076250680299335e-04
9.889358203148664188e+02 9.622025201210943068e-04
9.918023009534600760e+02 9.635804039525346304e-04
9.946687815920539606e+02 9.649413646804803424e-04
9.975352622306477315e+02 9.662854901085325297e-04
1.000401742869241616e+03 9.676128677242469122e-04
1.003268223507835501e+03 9.689235846992300116e-04
1.006134704146429272e+03 9.702177278867028408e-04
1.009001184785023156e+03 9.714953838231916083e-04
1.011867665423617041e+03 9.727566387258598226e-04
1.014734146062210812e+03 9.740015784930562475e-04
1.017600626700804469e+03 9.752302887033124489e-04
1.020467107339398353e+03 9.764428546152734058e-04
1.023333587977992124e+03 9.776393611670328946e-04
1.026200068616586123e+03 9.788198929756928689e-04
1.029066549255179780e+03 9.799845343376801556e-04
1.031933029893773664e+03 9.811333692275102467e-04
1.034799510532367549e+03 9.822664812979917809e-04
1.037665991170961433e+03 9.833839538808454052e-04
1.040532471809555318e+03 9.844858699853979624e-04
1.043398952448148975e+03 9.855723122989430967e-04
1.046265433086742632e+03 9.866433631870684656e-04
1.049131913725336290e+03 9.876991046929134953e-04
1.051998394363930174e+03 9.887396185382366694e-04
1.054864875002524059e+03 9.897649861220505184e-04
1.057731355641117943e+03 9.907752885220256611e-04
1.060597836279711828e+03 9.917706064942078282e-04
1.063464316918305713e+03 9.927510204732052125e-04
1.066330797556899370e+03 9.937166105718402229e-04
1.069197278195493027e+03 9.946674565824850048e-04
1.072063758834086912e+03 9.956036379760774182e-04
1.074930239472680796e+03 9.965252339035558706e-04
1.077796720111274681e+03 9.974323231957053608e-04
1.080663200749868565e+03 9.983249843629382527e-04
1.083529681388462222e+03 9.992032955969392272e-04
1.086396162027056107e+03 1.000067334769810931e-03
1.089262642665649992e+03 1.000917179435552827e-03
1.092129123304243876e+03 1.001752906829348876e-03
1.094995603942837533e+03 1.002574593869448843e-03
1.097862084581431418e+03 1.003382317156421280e-03
1.100728565220025303e+03 1.004176152974490350e-03
1.103595045858618960e+03 1.004956177291576377e-03
1.106461526497212844e+03 1.005722465760177731e-03
1.109328007135806729e+03 1.006475093717806683e-03
1.112194487774400613e+03 1.007214136187778268e-03
1.115060968412994498e+03 1.007939667879187949e-03
1.117927449051588383e+03 1.008651763188883567e-03
1.120793929690181812e+03 1.009350496200441417e-03
1.123660410328775697e+03 1.010035940686128441e-03
1.126526890967369354e+03 1.010708170107162216e-03
1.129393371605963239e+03 1.011367257614217280e-03
1.132259852244557123e+03 1.012013276048359927e-03
1.135126332883151008e+03 1.012646297941615682e-03
1.137992813521744893e+03 1.013266395518265571e-03
1.140859294160338550e+03 1.013873640694633619e-03
1.143725774798932434e+03 1.014468105080812681e-03
1.146592255437526092e+03 1.015049859980928990e-03
1.149458736076119976e+03 1.015618976393912586e-03
1.152325216714713861e+03 1.016175525014519293e-03
1.155191697353307745e+03 1.016719576234064067e-03
1.158058177991901402e+03 1.017251200141277298e-03
1.160924658630495287e+03 1.017770466523230943e-03
1.163791139269089172e+03 1.018277444865583331e-03
1.166657619907683056e+03 1.018772204354521623e-03
1.169524100546276941e+03 1.019254813876683098e-03
1.172390581184870598e+03 1.019725342020532310e-03
1.175257061823464483e+03 1.020183857076836830e-03
1.178123542462058140e+03 1.020630427039975231e-03
1.180990023100652024e+03 1.021065119608685840e-03
1.183856503739245909e+03 1.021488002186671500e-03
1.186722984377839794e+03 1.021899141884194872e-03
1.189589465016433678e+03 1.022298605518114209e-03
1.192455945655027563e+03 1.022686459613810417e-03
1.195322426293621220e+03 1.023062770404806719e-03
1.198188906932214877e+03 1.023427603835093836e-03
1.201055387570808762e+03 1.023781025558992072e-03
1.203921868209402419e+03 1.024123100942994462e-03
1.206788348847996303e+03 1.024453895065793006e-03
1.209654829486590188e+03 1.024773472719726734e-03
1.212521310125184073e+03 1.025081898412061061e-03
1.215387790763777730e+03 1.025379236365095989e-03
1.218254271402371614e+03 1.025665550517802392e-03
1.221120752040965499e+03 1.025940904526758757e-03
1.223987232679559156e+03 1.026205361766536518e-03
1.226853713318153041e+03 1.026458985331489202e-03
1.229720193956746925e+03 1.026701838035933923e-03
1.232586674595340583e+03 1.026933982415956584e-03
1.235453155233934467e+03 1.027155480729360047e-03
1.238319635872528352e+03 1.027366394957586644e-03
1.241186116511122236e+03 1.027566786806264395e-03
1.244052597149716121e+03 1.027756717706282104e-03
1.246919077788310005e+03 1.027936248814401501e-03
1.249785558426903663e+03 1.028105441015372086e-03
1.252652039065497320e+03 1.028264354921223141e-03
1.255518519704091204e+03 1.028413050873558127e-03
1.258385000342685089e+03 1.028551588944230134e-03
1.261251480981278974e+03 1.028680028936099743e-03
1.264117961619872858e+03 1.028798430384101660e-03
1.266984442258466515e+03 1.028906852556467051e-03
1.269850922897060400e+03 1.029005354455239402e-03
1.272717403535654284e+03 1.029093994817977583e-03
1.275583884174247942e+03 1.029172832118063546e-03
1.278450364812841826e+03 1.029241924565805610e-03
1.281316845451435483e+03 1.029301330109915575e-03
1.284183326090029368e+03 1.029351106437882994e-03
1.287049806728623025e+03 1.029391310977390917e-03
1.289916287367216910e+03 1.029422000897157238e-03
1.292782768005810794e+03 1.029443233107768660e-03
1.295649248644404679e+03 1.029455064262930347e-03
1.298515729282998564e+03 1.029457550760254358e-03
1.301382209921592221e+03 1.029450748742243233e-03
1.304248690560186105e+03 1.029434714097771444e-03
1.307115171198779763e+03 1.029409502462011678e-03
1.309981651837373647e+03 1.029375169218407207e-03
1.312848132475967532e+03 1.029331769499263220e-03
1.315714613114561416e+03 1.029279358186548261e-03
1.318581093753155301e+03 1.029217989913521619e-03
1.321447574391749185e+03 1.029147719064710123e-03
1.324314055030342843e+03 1.029068599777664770e-03
1.327180535668936500e+03 1.028980685943802712e-03
1.330047016307530384e+03 1.028884031208956952e-03
1.332913496946124269e+03 1.028778688975093281e-03
1.335779977584718154e+03 1.028664712400327195e-03
1.338646458223312038e+03 1.028542154400600506e-03
1.341512938861905695e+03 1.028411067650532654e-03
1.344379419500499580e+03 1.028271504584231258e-03
1.347245900139093465e+03 1.028123517396175961e-03
1.350112380777687349e+03 1.027967158042336453e-03
1.352978861416281006e+03 1.027802478241164521e-03
1.355845342054874891e+03 1.027629529474250857e-03
1.358711822693468548e+03 1.027448362987725631e-03
1.361578303332062205e+03 1.027259029792869328e-03
1.364444783970656090e+03 1.027061580666919398e-03
1.367311264609249974e+03 1.026856066154516580e-03
1.370177745247843859e+03 1.026642536568426979e-03
1.373044225886437744e+03 1.026421041989890749e-03
1.375910706525031628e+03 1.026191632270595988e-03
1.378777187163625285e+03 1.025954357032828361e-03
1.381643667802218943e+03 1.025709265670873621e-03
1.384510148440812827e+03 1.025456407351193035e-03
1.387376629079406712e+03 1.025195831014559696e-03
1.390243109718000596e+03 1.024927585375908900e-03
1.393109590356594481e+03 1.024651718925575442e-03
1.395976070995188365e+03 1.024368279930380201e-03
1.398842551633782023e+03 1.024077316434417271e-03
1.401709032272375907e+03 1.023778876259973797e-03
1.404575512910969564e+03 1.023473007008502290e-03
1.407441993549563449e+03 1.023159756061266376e-03
1.410308474188157334e+03 1.022839170580536455e-03
1.413174954826751218e+03 1.022511297510352111e-03
1.416041435465344875e+03 1.022176183577458864e-03
1.418907916103938760e+03 1.021833875292234295e-03
1.421774396742532645e+03 1.021484418949312762e-03
1.424640877381126529e+03 1.021127860628844811e-03
1.427507358019720414e+03 1.020764246197126881e-03
1.430373838658314071e+03 1.020393621307756626e-03
1.433240319296907956e+03 1.020016031402083299e-03
1.436106799935501385e+03 1.019631521710172902e-03
1.438973280574095270e+03 1.019240137252144145e-03
1.441839761212689154e+03 1.018841922838755647e-03
1.444706241851283039e+03 1.018436923071855448e-03
1.447572722489876924e+03 1.018025182345872869e-03
1.450439203128470808e+03 1.017606744848198420e-03
1.453305683767064465e+03 1.017181654560473346e-03
1.456172164405658123e+03 1.016749955259042609e-03
1.459038645044252007e+03 1.016311690516146860e-03
1.461905125682845892e+03 1.015866903700373032e-03
1.464771606321439776e+03 1.015415637977920039e-03
1.467638086960033661e+03 1.014957936313058261e-03
1.470504567598627546e+03 1.014493841469342114e-03
1.473371048237221203e+03 1.014023396009983450e-03
1.476237528875815087e+03 1.013546642299181658e-03
1.479104009514408972e+03 1.013063622502724092e-03
1.481970490153002629e+03 1.012574378588432331e-03
1.484836970791596514e+03 1.012078952327709553e-03
1.487703451430190398e+03 1.011577385296059646e-03
1.490569932068784055e+03 1.011069718873482300e-03
1.493436412707377940e+03 1.010555994245775991e-03
1.496302893345971825e+03 1.010036252405353092e-03
1.499169373984565709e+03 1.009510534151673118e-03
1.502035854623159594e+03 1.008978880092590170e-03
1.504902335261753478e+03 1.008441330644453335e-03
1.507768815900347136e+03 1.007897926033526773e-03
1.510635296538940793e+03 1.007348706296436408e-03
1.513501777177534450e+03 1.006793711281206427e-03
1.516368257816128335e+03 1.006232980647685802e-03
1.519234738454722219e+03 1.005666553868546842e-03
1.522101219093316104e+03 1.005094470230362240e-03
1.524967699731909988e+03 1.004516768833860294e-03
1.527834180370503645e+03 1.003933488594856670e-03
1.530700661009097530e+03 1.003344668245340120e-03
1.533567141647691187e+03 1.002750346333745055e-03
1.536433622286285072e+03 1.002150561225993242e-03
1.539300102924878956e+03 1.001545351106563264e-03
1.542166583563472841e+03 1.000934753978347186e-03
1.545033064202066726e+03 1.000318807664565260e-03
1.547899544840660383e+03 9.996975498085221897e-04
1.550766025479254267e+03 9.990710178750597525e-04
1.553632506117848152e+03 9.984392491505045351e-04
1.556498986756442036e+03 9.978022807446793475e-04
1.559365467395035694e+03 9.971601495902477144e-04
1.562231948033629578e+03 9.965128924442963766e-04
1.565098428672223235e+03 9.958605458890359020e-04
1.567964909310817120e+03 9.952031463320602442e-04
1.570831389949411005e+03 9.945407300077026454e-04
1.573697870588004889e+03 9.938733329771358167e-04
1.576564351226598774e+03 9.932009911295925329e-04
1.579430831865192658e+03 9.925237401827162638e-04
1.582297312503786316e+03 9.918416156837754800e-04
1.585163793142379973e+03 9.911546530098154419e-04
1.588030273780973857e+03 9.904628873685409566e-04
1.590896754419567515e+03 9.897663537993585132e-04
1.593763235058161399e+03 9.890650871735688372e-04
1.596629715696755284e+03 9.883591221955096394e-04
1.599496196335349168e+03 9.876484934031170160e-04
1.602362676973942825e+03 9.869332351683439506e-04
1.605229157612536710e+03 9.862133816982093879e-04
1.608095638251130595e+03 9.854889670354797637e-04
1.610962118889724252e+03 9.847600250591712068e-04
1.613828599528318136e+03 9.840265894853542344e-04
1.616695080166912021e+03 9.832886938676396911e-04
1.619561560805505906e+03 9.825463715983518559e-04
1.622428041444099563e+03 9.817996559084564510e-04
1.625294522082693447e+03 9.810485798692294458e-04
1.628161002721287332e+03 9.802931763917357728e-04
1.631027483359881217e+03 9.795334782286802770e-04
1.633893963998475101e+03 9.787695179740245593e-04
1.636760444637068758e+03 9.780013280644495651e-04
1.639626925275662416e+03 9.772289407798027093e-04
1.642493405914256300e+03 9.764523882433856234e-04
1.645359886552850185e+03 9.756717024231063374e-04
1.648226367191444069e+03 9.748869151319384391e-04
1.651092847830037954e+03 9.740980580284255537e-04
1.653959328468631838e+03 9.733051626175385140e-04
1.656825809107225496e+03 9.725082602512769838e-04
1.659692289745819380e+03 9.717073821293076199e-04
1.662558770384413037e+03 9.709025592994723454e-04
1.665425251023006922e+03 9.700938226586690478e-04
1.668291731661600579e+03 9.692812029532966436e-04
1.671158212300194464e+03 9.684647307800345111e-04
1.674024692938788348e+03 9.676444365861482360e-04
1.676891173577382006e+03 9.668203506706943761e-04
1.679757654215975890e+03 9.659925031845716364e-04
1.682624134854569775e+03 9.651609241315783991e-04
1.685490615493163659e+03 9.643256433686276134e-04
1.688357096131757316e+03 9.634866906067294070e-04
1.691223576770351201e+03 9.626440954114029750e-04
1.694090057408944858e+03 9.617978872033663496e-04
1.696956538047538743e+03 9.609480952592130499e-04
1.699823018686132627e+03 9.600947487117465588e-04
1.702689499324726512e+03 9.592378765507935832e-04
1.705555979963320397e+03 9.583775076240527669e-04
1.708422460601914281e+03 9.575136706371394687e-04
1.711288941240507938e+03 9.566463941546413411e-04
1.714155421879101596e+03 9.557757066003749616e-04
1.717021902517695480e+03 9.549016362583491457e-04
1.719888383156289365e+03 9.540242112730485747e-04
1.722754863794883249e+03 9.531434596502271058e-04
1.725621344433477134e+03 9.522594092573245404e-04
1.728487825072071018e+03 9.513720878240992549e-04
1.731354305710664676e+03 9.504815229434098031e-04
1.734220786349258560e+03 9.495877420714664502e-04
1.737087266987852217e+03 9.486907725284826707e-04
1.739953747626446329e+03 9.477906414996135247e-04
1.742820228265039987e+03 9.468873760350220116e-04
1.745686708903633871e+03 9.459810030508810893e-04
1.748553189542227528e+03 9.450715493294753727e-04
1.751419670180820958e+03 9.441590415202106342e-04
1.754286150819415070e+03 9.432435061400637477e-04
1.757152631458008727e+03 9.423249695738681589e-04
1.760019112096602839e+03 9.414034580751919805e-04
1.762885592735196497e+03 9.404789977667634337e-04
1.765752073373790608e+03 9.395516146411470645e-04
1.768618554012384038e+03 9.386213345609615601e-04
1.771485034650978150e+03 9.376881832599915983e-04
1.774351515289571807e+03 9.367521863430370351e-04
1.777217995928165465e+03 9.358133692871573516e-04
1.780084476566759577e+03 9.348717574416961574e-04
1.782950957205353234e+03 9.339273760291373844e-04
1.785817437843947118e+03 9.329802501452843979e-04
1.788683918482540776e+03 9.320304047602806638e-04
1.791550399121134888e+03 9.310778647188399249e-04
1.794416879759728545e+03 9.301226547407283459e-04
1.797283360398322657e+03 9.291647994215657385e-04
1.800149841036916314e+03 9.282043232330290661e-04
1.803016321675509971e+03 9.272412505235872078e-04
1.805882802314103856e+03 9.262756055190401322e-04
1.808749282952697513e+03 9.253074123229156067e-04
1.811615763591291625e+03 9.243366949170461018e-04
1.814482244229885282e+03 9.233634771621181559e-04
1.817348724868479394e+03 9.223877827981870467e-04
1.820215205507073051e+03 9.214096354450449855e-04
1.823081686145666708e+03 9.204290586030272224e-04
1.825948166784260366e+03 9.194460756531826987e-04
1.828814647422854023e+03 9.184607098580092454e-04
1.831681128061448135e+03 9.174729843619989361e-04
1.834547608700041792e+03 9.164829221917709023e-04
1.837414089338635904e+03 9.154905462571158534e-04
1.840280569977229561e+03 9.144958793509485890e-04
1.843147050615823446e+03 9.134989441504420739e-04
1.846013531254417103e+03 9.124997632167819754e-04
1.848880011893011215e+03 9.114983589961771389e-04
1.851746492531604872e+03 9.104947538203173388e-04
1.854612973170198529e+03 9.094889699065406789e-04
1.857479453808792641e+03 9.084810293586758007e-04
1.860345934447386298e+03 9.074709541673682284e-04
1.863212415085980183e+03 9.064587662104907394e-04
1.866078895724573613e+03 9.054444872537562635e-04
1.868945376363167952e+03 9.044281389513278554e-04
1.871811857001761382e+03 9.034097428458286692e-04
1.874678337640355721e+03 9.023893203692028150e-04
1.877544818278949151e+03 9.013668928431917571e-04
1.880411298917542808e+03 9.003424814797671280e-04
1.883277779556136693e+03 8.993161073812147533e-04
1.886144260194730577e+03 8.982877915412896533e-04
1.889010740833324462e+03 8.972575548452449900e-04
1.891877221471918347e+03 8.962254180702135991e-04
1.894743702110512231e+03 8.951914018860031427e-04
1.897610182749105888e+03 8.941555268552587405e-04
1.900476663387699773e+03 8.931178134341382106e-04
1.903343144026293658e+03 8.920782819726970694e-04
1.906209624664887087e+03 8.910369527152878439e-04
1.909076105303481427e+03 8.899938458010275789e-04
1.911942585942074857e+03 8.889489812643176043e-04
1.914809066580668969e+03 8.879023790352320042e-04
1.917675547219262398e+03 8.868540589400108207e-04
1.920542027857856738e+03 8.858040407014323688e-04
1.923408508496450168e+03 8.847523439393802742e-04
1.926274989135044507e+03 8.836989881710156447e-04
1.929141469773637937e+03 8.826439928118587786e-04
1.932007950412231821e+03 8.815873771750908300e-04
1.934874431050825478e+03 8.805291604734379355e-04
1.937740911689419363e+03 8.794693618182446550e-04
1.940607392328013248e+03 8.784080002208806155e-04
1.943473872966606677e+03 8.773450945925750618e-04
1.946340353605201017e+03 8.762806637454003365e-04
1.949206834243794447e+03 8.752147263919217912e-04
1.952073314882388559e+03 8.741473011464437511e-04
1.954939795520981988e+03 8.730784065248777849e-04
1.957806276159575873e+03 8.720080609455793837e-04
1.960672756798169758e+03 8.709362827292922325e-04
1.963539237436763642e+03 8.698630901000684815e-04
1.966405718075357527e+03 8.687885011851557721e-04
1.969272198713951411e+03 8.677125340159474315e-04
1.972138679352545068e+03 8.666352065281279727e-04
1.975005159991138953e+03 8.655565365620239426e-04
1.977871640629732838e+03 8.644765418630308805e-04
1.980738121268326722e+03 8.633952400825187353e-04
1.983604601906920152e+03 8.623126487771845972e-04
1.986471082545514491e+03 8.612287854105892286e-04
1.989337563184107921e+03 8.601436673528191183e-04
1.992204043822702033e+03 8.590573118812735044e-04
1.995070524461295463e+03 8.579697361809174262e-04
1.997937005099889802e+03 8.568809573445956016e-04
2.000803485738483232e+03 8.557909923735090418e-04
2.003669966377077571e+03 8.546998581779049293e-04
2.006536447015671001e+03 8.536075715768498030e-04
2.009402927654264658e+03 8.525141492992784151e-04
2.012269408292858543e+03 8.514196079837805771e-04
2.015135888931452428e+03 8.503239641796101183e-04
2.018002369570046312e+03 8.492272343464512402e-04
2.020868850208639742e+03 8.481294348555291733e-04
2.023735330847234081e+03 8.470305819889856766e-04
2.026601811485827511e+03 8.459306919414946073e-04
2.029468292124421623e+03 8.448297808195659713e-04
2.032334772763015053e+03 8.437278646424793129e-04
2.035201253401608938e+03 8.426249593427217327e-04
2.038067734040202822e+03 8.415210807660247500e-04
2.040934214678796707e+03 8.404162446719530251e-04
2.043800695317390591e+03 8.393104667343551702e-04
2.046667175955984249e+03 8.382037625413089974e-04
2.049533656594578133e+03 8.370961475963317050e-04
2.052400137233172245e+03 8.359876373176532453e-04
2.055266617871765902e+03 8.348782470397531812e-04
2.058133098510359559e+03 8.337679920125622797e-04
2.060999579148953217e+03 8.326568874028930081e-04
2.063866059787547329e+03 8.315449482940032513e-04
2.066732540426140986e+03 8.304321896863530849e-04
2.069599021064735098e+03 8.293186264979867392e-04
2.072465501703328755e+03 8.282042735647015185e-04
2.075331982341922867e+03 8.270891456405279939e-04
2.078198462980516069e+03 8.259732573981073056e-04
2.081064943619110636e+03 8.248566234289454084e-04
2.083931424257703839e+03 8.237392582438263699e-04
2.086797904896297950e+03 8.226211762731783965e-04
2.089664385534891608e+03 8.215023918674727119e-04
2.092530866173485265e+03 8.203829192973345792e-04
2.095397346812079377e+03 8.192627727544094700e-04
2.098263827450672579e+03 8.181419663508770167e-04
2.101130308089267146e+03 8.170205141209383208e-04
2.103996788727860348e+03 8.158984300198879845e-04
2.106863269366454915e+03 8.147757279254501731e-04
2.109729750005048118e+03 8.136524216377003351e-04
2.112596230643641775e+03 8.125285248794198454e-04
2.115462711282235887e+03 8.114040512964623567e-04
2.118329191920829544e+03 8.102790144583141155e-04
2.121195672559423656e+03 8.091534278578966372e-04
2.124062153198017313e+03 8.080273049125588592e-04
2.126928633836611425e+03 8.069006589637581694e-04
2.129795114475205082e+03 8.057735032781074194e-04
2.132661595113798739e+03 8.046458510469633616e-04
2.135528075752392851e+03 8.035177153873446438e-04
2.138394556390986054e+03 8.023891093419532753e-04
2.141261037029580621e+03 8.012600458796794323e-04
2.144127517668173823e+03 8.001305378955519097e-04
2.146993998306767935e+03 7.990005982116986155e-04
2.149860478945361592e+03 7.978702395770291165e-04
2.152726959583955704e+03 7.967394746680785816e-04
2.155593440222549361e+03 7.956083160889696176e-04
2.158459920861143473e+03 7.944767763717065214e-04
2.161326401499737131e+03 7.933448679770651940e-04
2.164192882138330788e+03 7.922126032940529899e-04
2.167059362776924445e+03 7.910799946407466978e-04
2.169925843415518557e+03 7.899470542648362676e-04
2.172792324054112214e+03 7.888137943431493878e-04
2.175658804692705871e+03 7.876802269829309526e-04
2.178525285331299983e+03 7.865463642212117308e-04
2.181391765969893640e+03 7.854122180258353222e-04
2.184258246608487752e+03 7.842778002955430507e-04
2.187124727247080955e+03 7.831431228599828546e-04
2.189991207885675067e+03 7.820081974805535548e-04
2.192857688524268724e+03 7.808730358501474655e-04
2.195724169162862836e+03 7.797376495940090821e-04
2.198590649801456493e+03 7.786020502694985081e-04
2.201457130440050605e+03 7.774662493670122685e-04
2.204323611078644262e+03 7.763302583094924911e-04
2.207190091717237920e+03 7.751940884534452977e-04
2.210056572355832031e+03 7.740577510889129400e-04
2.212923052994425689e+03 7.729212574398506685e-04
2.215789533633019346e+03 7.717846186641911339e-04
2.218656014271613458e+03 7.706478458545036906e-04
2.221522494910207115e+03 7.695109500382039730e-04
2.224388975548801227e+03 7.683739421774871082e-04
2.227255456187394429e+03 7.672368331699907064e-04
2.230121936825988996e+03 7.660996338491387692e-04
2.232988417464582199e+03 7.649623549840279570e-04
2.235854898103176765e+03 7.638250072803155506e-04
2.238721378741769968e+03 7.626876013796829879e-04
2.241587859380363625e+03 7.615501478609399072e-04
2.244454340018957737e+03 7.604126572398341947e-04
2.247320820657551394e+03 7.592751399694634392e-04
2.250187301296145506e+03 7.581376064405599691e-04
2.253053781934738709e+03 7.570000669817526871e-04
2.255920262573333275e+03 7.558625318597365309e-04
2.258786743211926478e+03 7.547250112800140678e-04
2.261653223850520590e+03 7.535875153864269021e-04
2.264519704489114247e+03 7.524500542620968712e-04
2.267386185127707904e+03 7.513126379292461767e-04
2.270252665766302016e+03 7.501752763498712156e-04
2.273119146404895673e+03 7.490379794255557725e-04
2.275985627043489785e+03 7.479007569983494403e-04
2.278852107682083442e+03 7.467636188501806330e-04
2.281718588320677100e+03 7.456265747041245602e-04
2.284585068959271211e+03 7.444896342237759075e-04
2.287451549597864869e+03 7.433528070142281967e-04
2.290318030236458981e+03 7.422161026218147698e-04
2.293184510875052183e+03 7.410795305346005828e-04
2.296050991513646295e+03 7.399431001827687241e-04
2.298917472152239952e+03 7.388068209386254017e-04
2.301783952790834064e+03 7.376707021168999422e-04
2.304650433429427721e+03 7.365347529753723263e-04
2.307516914068021833e+03 7.353989827144885149e-04
2.310383394706615491e+03 7.342634004782967651e-04
2.313249875345209603e+03 7.331280153540639319e-04
2.316116355983802805e+03 7.319928363731755721e-04
2.318982836622396917e+03 7.308578725108306334e-04
2.321849317260990574e+03 7.297231326867310072e-04
2.324715797899584686e+03 7.285886257648387749e-04
2.327582278538178343e+03 7.274543605542843367e-04
2.330448759176772001e+03 7.263203458089923610e-04
2.333315239815366112e+03 7.251865902283492196e-04
2.336181720453959315e+03 7.240531024572522106e-04
2.339048201092553882e+03 7.229198910864012085e-04
2.341914681731147084e+03 7.217869646526006147e-04
2.344781162369741196e+03 7.206543316388756924e-04
2.347647643008334853e+03 7.195220004748300278e-04
2.350514123646928965e+03 7.183899795370363855e-04
2.353380604285522622e+03 7.172582771487286861e-04
2.356247084924116280e+03 7.161269015808689698e-04
2.359113565562710392e+03 7.149958610515446886e-04
2.361980046201304049e+03 7.138651637269160816e-04
2.364846526839898161e+03 7.127348177209133582e-04
2.367713007478491818e+03 7.116048310958533914e-04
2.370579488117085475e+03 7.104752118624954463e-04
2.373445968755679587e+03 7.093459679802489133e-04
2.376312449394272790e+03 7.082171073575525616e-04
2.379178930032867356e+03 7.070886378520275205e-04
2.382045410671460559e+03 7.059605672706415359e-04
2.384911891310055125e+03 7.048329033701568542e-04
2.387778371948648328e+03 7.037056538570045632e-04
2.390644852587242440e+03 7.025788263879664472e-04
2.393511333225836097e+03 7.014524285699620491e-04
2.396377813864429754e+03 7.003264679606802188e-04
2.399244294503023866e+03 6.992009520683640069e-04
2.402110775141617523e+03 6.980758883525734013e-04
2.404977255780211635e+03 6.969512842239207820e-04
2.407843736418804838e+03 6.958271470445591368e-04
2.410710217057398950e+03 6.947034841283586783e-04
2.413576697695992607e+03 6.935803027410950613e-04
2.416443178334586719e+03 6.924576101006956049e-04
2.419309658973180376e+03 6.913354133775426527e-04
2.422176139611774033e+03 6.902137196944386609e-04
2.425042620250368145e+03 6.890925361272469624e-04
2.427909100888961802e+03 6.879718697045164155e-04
2.430775581527555460e+03 6.868517274084826648e-04
2.433642062166149572e+03 6.857321161744461347e-04
2.436508542804743229e+03 6.846130428916491484e-04
2.439375023443337341e+03 6.834945144030807719e-04
2.442241504081930998e+03 6.823765375060278056e-04
2.445107984720524655e+03 6.812591189518452583e-04
2.447974465359118312e+03 6.801422654467236375e-04
2.450840945997712424e+03 6.790259836513278012e-04
2.453707426636306081e+03 6.779102801815255425e-04
2.456573907274900193e+03 6.767951616081593642e-04
2.459440387913493851e+03 6.756806344576083128e-04
2.462306868552087963e+03 6.745667052117736671e-04
2.465173349190681165e+03 6.734533803083957420e-04
2.468039829829275732e+03 6.723406661411130856e-04
2.470906310467868934e+03 6.712285690599793190e-04
2.473772791106463046e+03 6.701170953711883989e-04
2.476639271745056703e+03 6.690062513378496056e-04
2.479505752383650815e+03 6.678960431796580541e-04
2.482372233022244473e+03 6.667864770736224101e-04
2.485238713660837675e+03 6.656775591536116940e-04
2.488105194299432242e+03 6.645692955111706006e-04
2.490971674938025444e+03 6.634616921954940207e-04
2.493838155576620011e+03 6.623547552134389669e-04
2.496704636215213213e+03 6.612484905300805528e-04
2.499571116853807325e+03 6.601429040685873094e-04
2.502437597492400982e+03 6.590380017106202805e-04
2.505304078130994640e+03 6.579337892964270225e-04
2.508170558769588752e+03 6.568302726250327492e-04
2.511037039408182409e+03 6.557274574546299948e-04
2.513903520046776521e+03 6.546253495023885522e-04
2.516770000685370178e+03 6.535239544451522907e-04
2.519636481323963835e+03 6.524232779190162080e-04
2.522502961962557947e+03 6.513233255201630011e-04
2.525369442601151150e+03 6.502241028046192289e-04
2.528235923239745716e+03 6.491256152885098831e-04
2.531102403878338919e+03 6.480278684484655060e-04
2.533968884516933031e+03 6.469308677214491519e-04
2.536835365155526688e+03 6.458346185054342301e-04
2.539701845794120800e+03 6.447391261589669213e-04
2.542568326432714457e+03 6.436443960019921223e-04
2.545434807071308569e+03 6.425504333155218975e-04
2.548301287709902226e+03 6.414572433421640270e-04
2.551167768348495883e+03 6.403648312861660256e-04
2.554034248987089541e+03 6.392732023135398256e-04
2.556900729625683653e+03 6.381823615523547289e-04
2.559767210264277310e+03 6.370923140929602097e-04
2.562633690902870967e+03 6.360030649879016727e-04
2.565500171541465079e+03 6.349146192524722032e-04
2.568366652180058736e+03 6.338269818645615380e-04
2.571233132818652848e+03 6.327401577651116469e-04
2.574099613457246051e+03 6.316541518579393572e-04
2.576966094095840162e+03 6.305689690104256898e-04
2.579832574734433820e+03 6.294846140531498322e-04
2.582699055373027932e+03 6.284010917804751500e-04
2.585565536011621589e+03 6.273184069503894835e-04
2.588432016650215701e+03 6.262365642850838956e-04
2.591298497288809358e+03 6.251555684706943056e-04
2.594164977927403015e+03 6.240754241578064026e-04
2.597031458565997127e+03 6.229961359613306370e-04
2.599897939204590784e+03 6.219177084610786905e-04
2.602764419843184442e+03 6.208401462014731271e-04
2.605630900481778554e+03 6.197634536921110696e-04
2.608497381120372211e+03 6.186876354075354330e-04
2.611363861758966323e+03 6.176126957878924932e-04
2.614230342397559525e+03 6.165386392386248407e-04
2.617096823036154092e+03 6.154654701310108798e-04
2.619963303674747294e+03 6.143931928019537346e-04
2.622829784313341861e+03 6.133218115546560560e-04
2.625696264951935063e+03 6.122513306581671508e-04
2.628562745590528721e+03 6.111817543482004700e-04
2.631429226229122833e+03 6.101130868266641492e-04
2.634295706867716490e+03 6.090453322623068681e-04
2.637162187506310602e+03 6.079784947906575684e-04
2.640028668144903804e+03 6.069125785142318865e-04
2.642895148783498371e+03 6.058475875026285385e-04
2.645761629422091573e+03 6.047835257928843968e-04
2.648628110060685685e+03 6.037203973893565286e-04
2.651494590699279343e+03 6.026582062641794042e-04
2.654361071337873000e+03 6.015969563570095673e-04
2.657227551976467112e+03 6.005366515758269689e-04
2.660094032615060769e+03 5.994772957963049372e-04
2.662960513253654881e+03 5.984188928627305571e-04
2.665826993892248538e+03 5.973614465874881561e-04
2.668693474530842195e+03 5.963049607516793596e-04
2.671559955169436307e+03 5.952494391051664589e-04
2.674426435808029964e+03 5.941948853665989742e-04
2.677292916446624076e+03 5.931413032236465413e-04
2.680159397085217279e+03 5.920886963332183542e-04
2.683025877723811391e+03 5.910370683214903782e-04
2.685892358362405048e+03 5.899864227841816050e-04
2.688758839000999160e+03 5.889367632865191412e-04
2.691625319639592817e+03 5.878880933636467356e-04
2.694491800278186929e+03 5.868404165205358750e-04
2.697358280916780586e+03 5.857937362323408599e-04
2.700224761555374698e+03 5.847480559443442695e-04
2.703091242193967901e+03 5.837033790722661762e-04
2.705957722832562013e+03 5.826597090022244633e-04
2.708824203471155670e+03 5.816170490912009241e-04
2.711690684109749782e+03 5.805754026668007856e-04
2.714557164748343439e+03 5.795347730276743546e-04
2.717423645386937096e+03 5.784951634436001763e-04
2.720290126025531208e+03 5.774565771555387021e-04
2.723156606664124411e+03 5.764190173758241935e-04
2.726023087302718977e+03 5.753824872884071495e-04
2.728889567941312180e+03 5.743469900487771116e-04
2.731756048579906292e+03 5.733125287844509886e-04
2.734622529218499949e+03 5.722791065945656130e-04
2.737489009857094061e+03 5.712467265507606071e-04
2.740355490495687718e+03 5.702153916965191881e-04
2.743221971134281375e+03 5.691851050479795849e-04
2.746088451772875487e+03 5.681558695936243060e-04
2.748954932411469144e+03 5.671276882946482256e-04
2.751821413050063256e+03 5.661005640850275394e-04
2.754687893688656914e+03 5.650744998716615780e-04
2.757554374327250571e+03 5.640494985344693011e-04
2.760420854965844683e+03 5.630255629266356279e-04
2.763287335604437885e+03 5.620026958746053656e-04
2.766153816243032452e+03 5.609809001783098081e-04
2.769020296881625654e+03 5.599601786112782999e-04
2.771886777520220221e+03 5.589405339208084562e-04
2.774753258158813424e+03 5.579219688278724875e-04
2.777619738797407535e+03 5.569044860277788883e-04
2.780486219436001193e+03 5.558880881896103871e-04
2.783352700074594850e+03 5.548727779569512285e-04
2.786219180713188962e+03 5.538585579476237126e-04
2.789085661351782619e+03 5.528454307540548720e-04
2.791952141990376731e+03 5.518333989432719182e-04
2.794818622628969933e+03 5.508224650571087819e-04
2.797685103267564045e+03 5.498126316122509995e-04
2.800551583906157703e+03 5.488039011004973303e-04
2.803418064544751815e+03 5.477962759886507950e-04
2.806284545183345472e+03 5.467897587190436457e-04
2.809151025821939129e+03 5.457843517091289474e-04
2.812017506460533241e+03 5.447800573521849841e-04
2.814883987099126898e+03 5.437768780168562074e-04
2.817750467737720555e+03 5.427748160478653404e-04
2.820616948376314667e+03 5.417738737655884793e-04
2.823483429014908324e+03 5.407740534666611622e-04
2.826349909653502436e+03 5.397753574236338094e-04
2.829216390292096094e+03 5.387777878855746485e-04
2.832082870930689751e+03 5.377813470777638612e-04
2.834949351569283408e+03 5.367860372020971226e-04
2.837815832207877520e+03 5.357918604371167187e-04
2.840682312846471177e+03 5.347988189380673820e-04
2.843548793485065289e+03 5.338069148371310220e-04
2.846415274123658946e+03 5.328161502434969809e-04
2.849281754762253058e+03 5.318265272433328689e-04
2.852148235400846261e+03 5.308380479003136547e-04
2.855014716039440827e+03 5.298507142551857080e-04
2.857881196678034030e+03 5.288645283264043102e-04
2.860747677316628142e+03 5.278794921098227053e-04
2.863614157955221799e+03 5.268956075791461635e-04
