0.000000000000000000e+00 -1.828030329411921339e-14
1.077784259746821932e-01 5.390349885712389745e-06
2.155568519493643864e-01 1.444432169892293861e-05
3.233352779240465380e-01 2.781740963905701778e-05
4.311137038987287728e-01 4.479821500622738808e-05
5.388921298734109522e-01 6.435148457310807405e-05
6.466705558480930760e-01 8.554139800922136493e-05
7.544489818227753108e-01 1.076578993099005718e-04
8.622274077974575457e-01 1.302153699410779197e-04
9.700058337721396695e-01 1.529072477604408035e-04
1.077784259746821904e+00 1.755542699940171271e-04
1.185562685721504028e+00 1.980607161250933185e-04
1.293341111696186152e+00 2.203821012027198478e-04
1.401119537670868498e+00 2.425032815654152218e-04
1.508897963645550622e+00 2.644245680864078045e-04
1.616676389620232746e+00 2.861534331502965916e-04
1.724454815594915091e+00 3.076998654695539161e-04
1.832233241569597437e+00 3.290739705523063681e-04
1.940011667544279339e+00 3.502848789461643548e-04
2.047790093518961463e+00 3.713403704178853352e-04
2.155568519493643809e+00 3.922468596342683486e-04
2.263346945468325710e+00 4.130095419299162417e-04
2.371125371443008056e+00 4.336325915777933552e-04
2.478903797417690402e+00 4.541193596585629756e-04
2.586682223392372304e+00 4.744725489470808595e-04
2.694460649367054650e+00 4.946943590258617244e-04
2.802239075341736996e+00 5.147866023225096182e-04
2.910017501316419342e+00 5.347507948363000368e-04
3.017795927291101243e+00 5.545882260962127800e-04
3.125574353265783589e+00 5.743000126688326988e-04
3.233352779240465491e+00 5.938871389120004745e-04
3.341131205215147837e+00 6.133504879396141970e-04
3.448909631189830183e+00 6.326908651476260536e-04
3.556688057164512529e+00 6.519090160984554634e-04
3.664466483139194874e+00 6.710056401307035612e-04
3.772244909113877220e+00 6.899814007179685656e-04
3.880023335088558678e+00 7.088369333871809286e-04
3.987801761063241024e+00 7.275728517517321935e-04
4.095580187037922926e+00 7.461897521349005521e-04
4.203358613012605716e+00 7.646882171021095317e-04
4.311137038987287617e+00 7.830688181713707594e-04
4.418915464961970407e+00 8.013321178872290359e-04
4.526693890936651421e+00 8.194786714164327629e-04
4.634472316911334211e+00 8.375090277664917499e-04
4.742250742886016113e+00 8.554237307255585249e-04
4.850029168860698903e+00 8.732233195864438002e-04
4.957807594835380804e+00 8.909083296974725993e-04
5.065586020810063594e+00 9.084792928936813276e-04
5.173364446784744608e+00 9.259367378234533005e-04
5.281142872759427398e+00 9.432811902050909593e-04
5.388921298734109300e+00 9.605131730217359061e-04
5.496699724708792090e+00 9.776332066749029905e-04
5.604478150683473991e+00 9.946418091019671674e-04
5.712256576658156781e+00 1.011539495871217236e-03
5.820035002632838683e+00 1.028326780254905370e-03
5.927813428607520585e+00 1.045004173284308112e-03
6.035591854582202487e+00 1.061572183796292415e-03
6.143370280556885277e+00 1.078031318471787915e-03
6.251148706531567179e+00 1.094382081866040069e-03
6.358927132506249968e+00 1.110624976431099547e-03
6.466705558480930982e+00 1.126760502539448077e-03
6.574483984455614660e+00 1.142789158499314759e-03
6.682262410430295674e+00 1.158711440570738731e-03
6.790040836404978464e+00 1.174527842981614280e-03
6.897819262379660366e+00 1.190238857933433427e-03
7.005597688354342267e+00 1.205844975619374104e-03
7.113376114329025057e+00 1.221346684231278514e-03
7.221154540303706959e+00 1.236744469966557115e-03
7.328932966278389749e+00 1.252038817044329351e-03
7.436711392253071651e+00 1.267230207705642014e-03
7.544489818227754441e+00 1.282319122226859356e-03
7.652268244202435454e+00 1.297306038928228719e-03
7.760046670177117356e+00 1.312191434179339278e-03
7.867825096151800146e+00 1.326975782406557714e-03
7.975603522126482048e+00 1.341659556104029616e-03
8.083381948101164838e+00 1.356243225839184625e-03
8.191160374075845851e+00 1.370727260256922970e-03
8.298938800050528641e+00 1.385112126094836804e-03
8.406717226025211431e+00 1.399398288183304308e-03
8.514495651999892445e+00 1.413586209455782242e-03
8.622274077974575235e+00 1.427676350955067643e-03
8.730052503949258025e+00 1.441669171844458175e-03
8.837830929923940815e+00 1.455565129406872181e-03
8.945609355898621828e+00 1.469364679061315555e-03
9.053387781873302842e+00 1.483068274362919032e-03
9.161166207847987408e+00 1.496676367011792654e-03
9.268944633822668422e+00 1.510189406864168981e-03
9.376723059797351212e+00 1.523607841934174895e-03
9.484501485772032225e+00 1.536932118401394343e-03
9.592279911746716792e+00 1.550162680622179821e-03
9.700058337721397805e+00 1.563299971131679178e-03
9.807836763696078819e+00 1.576344430653139374e-03
9.915615189670761609e+00 1.589296498105028602e-03
1.002339361564544440e+01 1.602156610606587841e-03
1.013117204162012719e+01 1.614925203485589834e-03
1.023895046759480820e+01 1.627602710284133504e-03
1.034672889356948922e+01 1.640189562768621431e-03
1.045450731954417378e+01 1.652686190931317413e-03
1.056228574551885480e+01 1.665093023001897130e-03
1.067006417149353759e+01 1.677410485450331681e-03
1.077784259746821860e+01 1.689639002997546163e-03
1.088562102344290139e+01 1.701778998618529593e-03
1.099339944941758418e+01 1.713830893550990749e-03
1.110117787539226519e+01 1.725795107301806132e-03
1.120895630136694798e+01 1.737672057651895195e-03
1.131673472734163077e+01 1.749462160665553150e-03
1.142451315331631356e+01 1.761165830694886008e-03
1.153229157929099458e+01 1.772783480386033684e-03
1.164007000526567737e+01 1.784315520689603706e-03
1.174784843124035838e+01 1.795762360861558526e-03
1.185562685721504117e+01 1.807124408473428923e-03
1.196340528318972396e+01 1.818402069416757494e-03
1.207118370916440497e+01 1.829595747911536788e-03
1.217896213513908776e+01 1.840705846510200683e-03
1.228674056111377055e+01 1.851732766106734505e-03
1.239451898708845334e+01 1.862676905940446534e-03
1.250229741306313436e+01 1.873538663603961174e-03
1.261007583903781537e+01 1.884318435047441708e-03
1.271785426501249994e+01 1.895016614589020753e-03
1.282563269098718095e+01 1.905633594915470295e-03
1.293341111696186196e+01 1.916169767092858319e-03
1.304118954293654653e+01 1.926625520571657998e-03
1.314896796891122932e+01 1.937001243190296070e-03
1.325674639488591033e+01 1.947297321185593490e-03
1.336452482086059135e+01 1.957514139197425763e-03
1.347230324683527414e+01 1.967652080270055649e-03
1.358008167280995693e+01 1.977711525867675846e-03
1.368786009878463972e+01 1.987692855871082010e-03
1.379563852475932073e+01 1.997596448589878271e-03
1.390341695073400174e+01 2.007422680765369883e-03
1.401119537670868453e+01 2.017171927578109702e-03
1.411897380268336910e+01 2.026844562653895999e-03
1.422675222865805011e+01 2.036440958068431051e-03
1.433453065463273113e+01 2.045961484352876170e-03
1.444230908060741392e+01 2.055406510503621654e-03
1.455008750658209493e+01 2.064776403983836772e-03
1.465786593255677950e+01 2.074071530731025348e-03
1.476564435853146051e+01 2.083292255162794582e-03
1.487342278450614330e+01 2.092438940182628649e-03
1.498120121048082432e+01 2.101511947186551765e-03
1.508897963645550888e+01 2.110511636067569086e-03
1.519675806243018990e+01 2.119438365221881782e-03
1.530453648840487091e+01 2.128292491554883981e-03
1.541231491437955370e+01 2.137074370486713448e-03
1.552009334035423471e+01 2.145784355958024747e-03
1.562787176632891928e+01 2.154422800435984876e-03
1.573565019230360029e+01 2.162990054918045857e-03
1.584342861827828308e+01 2.171486468942163128e-03
1.595120704425296410e+01 2.179912390585680981e-03
1.605898547022764689e+01 2.188268166477546749e-03
1.616676389620232968e+01 2.196554141799200721e-03
1.627454232217701247e+01 2.204770660292121320e-03
1.638232074815169170e+01 2.212918064264047125e-03
1.649009917412637449e+01 2.220996694592747723e-03
1.659787760010105728e+01 2.229006890733353785e-03
1.670565602607574007e+01 2.236948990721243646e-03
1.681343445205042286e+01 2.244823331179590653e-03
1.692121287802510565e+01 2.252630247325138058e-03
1.702899130399978489e+01 2.260370072971751298e-03
1.713676972997447123e+01 2.268043140537301383e-03
1.724454815594915047e+01 2.275649781049438047e-03
1.735232658192383326e+01 2.283190324147144068e-03
1.746010500789851605e+01 2.290665098092281582e-03
1.756788343387319529e+01 2.298074429770480265e-03
1.767566185984788163e+01 2.305418644696910491e-03
1.778344028582256087e+01 2.312698067022500581e-03
1.789121871179724366e+01 2.319913019539265875e-03
1.799899713777192645e+01 2.327063823684749622e-03
1.810677556374660568e+01 2.334150799549350452e-03
1.821455398972129203e+01 2.341174265876322380e-03
1.832233241569597482e+01 2.348134540074875432e-03
1.843011084167065405e+01 2.355031938217067022e-03
1.853788926764533684e+01 2.361866775049570322e-03
1.864566769362001963e+01 2.368639363994562430e-03
1.875344611959470242e+01 2.375350017156829807e-03
1.886122454556938521e+01 2.381999045328431208e-03
1.896900297154406445e+01 2.388586757994026755e-03
1.907678139751874724e+01 2.395113463334652693e-03
1.918455982349343358e+01 2.401579468234604775e-03
1.929233824946811282e+01 2.407985078285435065e-03
1.940011667544279561e+01 2.414330597789948740e-03
1.950789510141747840e+01 2.420616329770641784e-03
1.961567352739215764e+01 2.426842575968590765e-03
1.972345195336684398e+01 2.433009636856553470e-03
1.983123037934152322e+01 2.439117811636970501e-03
1.993900880531620601e+01 2.445167398248182522e-03
2.004678723129088880e+01 2.451158693374422270e-03
2.015456565726556803e+01 2.457091992441817752e-03
2.026234408324025438e+01 2.462967589631936960e-03
2.037012250921493361e+01 2.468785777881343790e-03
2.047790093518961640e+01 2.474546848888259376e-03
2.058567936116429919e+01 2.480251093116780936e-03
2.069345778713897843e+01 2.485898799801766756e-03
2.080123621311366477e+01 2.491490256954609350e-03
2.090901463908834756e+01 2.497025751366122037e-03
2.101679306506302680e+01 2.502505568612090059e-03
2.112457149103770959e+01 2.507929993059487828e-03
2.123234991701239238e+01 2.513299307868477328e-03
2.134012834298707517e+01 2.518613794998847411e-03
2.144790676896175796e+01 2.523873735215786951e-03
2.155568519493643720e+01 2.529079408089218717e-03
2.166346362091111999e+01 2.534231092005789776e-03
2.177124204688580278e+01 2.539329064168427408e-03
2.187902047286048557e+01 2.544373600603222485e-03
2.198679889883516836e+01 2.549364976160539698e-03
2.209457732480984760e+01 2.554303464526119782e-03
2.220235575078453039e+01 2.559189338218859078e-03
2.231013417675921673e+01 2.564022868599691307e-03
2.241791260273389597e+01 2.568804325872253713e-03
2.252569102870857876e+01 2.573533979092657020e-03
2.263346945468326155e+01 2.578212096169707479e-03
2.274124788065794434e+01 2.582838943870013892e-03
2.284902630663262713e+01 2.587414787823760776e-03
2.295680473260730636e+01 2.591939892528483114e-03
2.306458315858198915e+01 2.596414521353285210e-03
2.317236158455667194e+01 2.600838936541949309e-03
2.328014001053135473e+01 2.605213399221595338e-03
2.338791843650603752e+01 2.609538169402902952e-03
2.349569686248071676e+01 2.613813505984330376e-03
2.360347528845539955e+01 2.618039666759219841e-03
2.371125371443008234e+01 2.622216908418018022e-03
2.381903214040476513e+01 2.626345486555159425e-03
2.392681056637944792e+01 2.630425655668844342e-03
2.403458899235413071e+01 2.634457669168588367e-03
2.414236741832880995e+01 2.638441779380995555e-03
2.425014584430349274e+01 2.642378237548204112e-03
2.435792427027817553e+01 2.646267293838322487e-03
2.446570269625285832e+01 2.650109197345429379e-03
2.457348112222754111e+01 2.653904196097345292e-03
2.468125954820222034e+01 2.657652537056076625e-03
2.478903797417690669e+01 2.661354466122700657e-03
2.489681640015158592e+01 2.665010228145359150e-03
2.500459482612626871e+01 2.668620066919480394e-03
2.511237325210095150e+01 2.672184225190221696e-03
2.522015167807563074e+01 2.675702944663349570e-03
2.532793010405031708e+01 2.679176466002353152e-03
2.543570853002499987e+01 2.682605028835771677e-03
2.554348695599967911e+01 2.685988871762523544e-03
2.565126538197436190e+01 2.689328232352128367e-03
2.575904380794904469e+01 2.692623347152700575e-03
2.586682223392372393e+01 2.695874451690727369e-03
2.597460065989840672e+01 2.699081780479728465e-03
2.608237908587309306e+01 2.702245567020700179e-03
2.619015751184777585e+01 2.705366043807666543e-03
2.629793593782245864e+01 2.708443442331454065e-03
2.640571436379713788e+01 2.711477993083022398e-03
2.651349278977182067e+01 2.714469925557239094e-03
2.662127121574650346e+01 2.717419468259318904e-03
2.672904964172118270e+01 2.720326848703935596e-03
2.683682806769586549e+01 2.723192293423659649e-03
2.694460649367054828e+01 2.726016027970734612e-03
2.705238491964522751e+01 2.728798276921740040e-03
2.716016334561991385e+01 2.731539263879145807e-03
2.726794177159459664e+01 2.734239211478417531e-03
2.737572019756927943e+01 2.736898341390014977e-03
2.748349862354395867e+01 2.739516874322722728e-03
2.759127704951864146e+01 2.742095030028979252e-03
2.769905547549332425e+01 2.744633027307097350e-03
2.780683390146800349e+01 2.747131084005705048e-03
2.791461232744268628e+01 2.749589417028630578e-03
2.802239075341736907e+01 2.752008242335568511e-03
2.813016917939205541e+01 2.754387774949629275e-03
2.823794760536673820e+01 2.756728228957117111e-03
2.834572603134141744e+01 2.759029817514635496e-03
2.845350445731610023e+01 2.761292752850197374e-03
2.856128288329078302e+01 2.763517246268776262e-03
2.866906130926546226e+01 2.765703508154970791e-03
2.877683973524014505e+01 2.767851747975891286e-03
2.888461816121482784e+01 2.769962174287154966e-03
2.899239658718950707e+01 2.772034994733774127e-03
2.910017501316418986e+01 2.774070416054597032e-03
2.920795343913887621e+01 2.776068644087192894e-03
2.931573186511355900e+01 2.778029883770516406e-03
2.942351029108824179e+01 2.779954339146906150e-03
2.953128871706292102e+01 2.781842213368967975e-03
2.963906714303760381e+01 2.783693708699352953e-03
2.974684556901228660e+01 2.785509026517418718e-03
2.985462399498696584e+01 2.787288367320783777e-03
2.996240242096164863e+01 2.789031930729324316e-03
3.007018084693633142e+01 2.790739915488726908e-03
3.017795927291101776e+01 2.792412519474263277e-03
3.028573769888569700e+01 2.794049939693676876e-03
3.039351612486037979e+01 2.795652372290735599e-03
3.050129455083506258e+01 2.797220012548340407e-03
3.060907297680974182e+01 2.798753054892966219e-03
3.071685140278442461e+01 2.800251692897326450e-03
3.082462982875910740e+01 2.801716119283703677e-03
3.093240825473378663e+01 2.803146525926392130e-03
3.104018668070846942e+01 2.804543103857692898e-03
3.114796510668315221e+01 2.805906043269024153e-03
3.125574353265783856e+01 2.807235533514473858e-03
3.136352195863252135e+01 2.808531763113908397e-03
3.147130038460720058e+01 2.809794919758967779e-03
3.157907881058188337e+01 2.811025190311733368e-03
3.168685723655656616e+01 2.812222760812277400e-03
3.179463566253124540e+01 2.813387816479551162e-03
3.190241408850592819e+01 2.814520541714715662e-03
3.201019251448060743e+01 2.815621120105582520e-03
3.211797094045529377e+01 2.816689734428390324e-03
3.222574936642998011e+01 2.817726566653355746e-03
3.233352779240465935e+01 2.818731797943785367e-03
3.244130621837933859e+01 2.819705608664291319e-03
3.254908464435402493e+01 2.820648178379903115e-03
3.265686307032870417e+01 2.821559685860952627e-03
3.276464149630338341e+01 2.822440309086626797e-03
3.287241992227806975e+01 2.823290225247188090e-03
3.298019834825274899e+01 2.824109610747305155e-03
3.308797677422742822e+01 2.824898641209827588e-03
3.319575520020211457e+01 2.825657491476896155e-03
3.330353362617680091e+01 2.826386335617270262e-03
3.341131205215148015e+01 2.827085346923663423e-03
3.351909047812616649e+01 2.827754697921180949e-03
3.362686890410084573e+01 2.828394560366653820e-03
3.373464733007552496e+01 2.829005105253301622e-03
3.384242575605021131e+01 2.829586502813619120e-03
3.395020418202489054e+01 2.830138922522928979e-03
3.405798260799956978e+01 2.830662533100047895e-03
3.416576103397425612e+01 2.831157502514614066e-03
3.427353945994894246e+01 2.831623997984866747e-03
3.438131788592362170e+01 2.832062185984973723e-03
3.448909631189830094e+01 2.832472232245586419e-03
3.459687473787298728e+01 2.832854301757614657e-03
3.470465316384766652e+01 2.833208558774780172e-03
3.481243158982234576e+01 2.833535166817502393e-03
3.492021001579703210e+01 2.833834288674452750e-03
3.502798844177171134e+01 2.834106086406218417e-03
3.513576686774639057e+01 2.834350721348521951e-03
3.524354529372107692e+01 2.834568354114996858e-03
3.535132371969576326e+01 2.834759144599074965e-03
3.545910214567044250e+01 2.834923251977317094e-03
3.556688057164512173e+01 2.835060834714187017e-03
3.567465899761980808e+01 2.835172050561163282e-03
3.578243742359448731e+01 2.835257056563733613e-03
3.589021584956916655e+01 2.835316009060395714e-03
3.599799427554385289e+01 2.835349063688652471e-03
3.610577270151853213e+01 2.835356375385789107e-03
3.621355112749321137e+01 2.835338098391537720e-03
3.632132955346790482e+01 2.835294386253628396e-03
3.642910797944258405e+01 2.835225391826123875e-03
3.653688640541726329e+01 2.835131267276858047e-03
3.664466483139194963e+01 2.835012164085992659e-03
3.675244325736662887e+01 2.834868233053344788e-03
3.686022168334130811e+01 2.834699624295722309e-03
3.696800010931599445e+01 2.834506487253363183e-03
3.707577853529067369e+01 2.834288970692711018e-03
3.718355696126535292e+01 2.834047222706970182e-03
3.729133538724003927e+01 2.833781390720657711e-03
3.739911381321472561e+01 2.833491621491268653e-03
3.750689223918940485e+01 2.833178061112051616e-03
3.761467066516408408e+01 2.832840855015450465e-03
3.772244909113877043e+01 2.832480147974658635e-03
3.783022751711344966e+01 2.832096084107726952e-03
3.793800594308812890e+01 2.831688806878007725e-03
3.804578436906281524e+01 2.831258459098595637e-03
3.815356279503749448e+01 2.830805182934881259e-03
3.826134122101217372e+01 2.830329119906327406e-03
3.836911964698686717e+01 2.829830410888800607e-03
3.847689807296154640e+01 2.829309196119234038e-03
3.858467649893622564e+01 2.828765615194406280e-03
3.869245492491091198e+01 2.828199807078379813e-03
3.880023335088559122e+01 2.827611910101057724e-03
3.890801177686027046e+01 2.827002061962402557e-03
3.901579020283495680e+01 2.826370399734989824e-03
3.912356862880963604e+01 2.825717059865784364e-03
3.923134705478431528e+01 2.825042178179915098e-03
3.933912548075900162e+01 2.824345889882451388e-03
3.944690390673368796e+01 2.823628329559069172e-03
3.955468233270836720e+01 2.822889631183378434e-03
3.966246075868304644e+01 2.822129928113481512e-03
3.977023918465773278e+01 2.821349353099633639e-03
3.987801761063241202e+01 2.820548038282688630e-03
3.998579603660709125e+01 2.819726115199872041e-03
4.009357446258177760e+01 2.818883714784004013e-03
4.020135288855645683e+01 2.818020967368606300e-03
4.030913131453113607e+01 2.817138002689345555e-03
4.041690974050582241e+01 2.816234949885587646e-03
4.052468816648050876e+01 2.815311937504394457e-03
4.063246659245518799e+01 2.814369093501523089e-03
4.074024501842986723e+01 2.813406545244978574e-03
4.084802344440455357e+01 2.812424419516013074e-03
4.095580187037923281e+01 2.811422842514010867e-03
4.106358029635391205e+01 2.810401939854934028e-03
4.117135872232859839e+01 2.809361836576762528e-03
4.127913714830327763e+01 2.808302657142047742e-03
4.138691557427795686e+01 2.807224525437579388e-03
4.149469400025265031e+01 2.806127564779936634e-03
4.160247242622732955e+01 2.805011897913711749e-03
4.171025085220200879e+01 2.803877647019725750e-03
4.181802927817669513e+01 2.802724933710032396e-03
4.192580770415137437e+01 2.801553879036910999e-03
4.203358613012605360e+01 2.800364603491201088e-03
4.214136455610073995e+01 2.799157227005966142e-03
4.224914298207541918e+01 2.797931868957936885e-03
4.235692140805009842e+01 2.796688648170841951e-03
4.246469983402478476e+01 2.795427682916851175e-03
4.257247825999947111e+01 2.794149090918796041e-03
4.268025668597415034e+01 2.792852989353500348e-03
4.278803511194882958e+01 2.791539494852668390e-03
4.289581353792351592e+01 2.790208723504883359e-03
4.300359196389819516e+01 2.788860790859715166e-03
4.311137038987287440e+01 2.787495811928164535e-03
4.321914881584756074e+01 2.786113901185660602e-03
4.332692724182223998e+01 2.784715172573504205e-03
4.343470566779692632e+01 2.783299739501754466e-03
4.354248409377160556e+01 2.781867714851671280e-03
4.365026251974629190e+01 2.780419210976825539e-03
4.375804094572097114e+01 2.778954339705874688e-03
4.386581937169565037e+01 2.777473212345005216e-03
4.397359779767033672e+01 2.775975939678598792e-03
4.408137622364501595e+01 2.774462631973562132e-03
4.418915464961969519e+01 2.772933398980659270e-03
4.429693307559438153e+01 2.771388349934955642e-03
4.440471150156906077e+01 2.769827593559259782e-03
4.451248992754374711e+01 2.768251238067787057e-03
4.462026835351843346e+01 2.766659391165382509e-03
4.472804677949311269e+01 2.765052160050740504e-03
4.483582520546779193e+01 2.763429651419069266e-03
4.494360363144247827e+01 2.761791971464422346e-03
4.505138205741715751e+01 2.760139225878699420e-03
4.515916048339183675e+01 2.758471519858418652e-03
4.526693890936652309e+01 2.756788958103828513e-03
4.537471733534120233e+01 2.755091644819462893e-03
4.548249576131588867e+01 2.753379683720691418e-03
4.559027418729056791e+01 2.751653178032054115e-03
4.569805261326525425e+01 2.749912230490481058e-03
4.580583103923993349e+01 2.748156943346846681e-03
4.591360946521461273e+01 2.746387418368856359e-03
4.602138789118929907e+01 2.744603756842489695e-03
4.612916631716397831e+01 2.742806059572666655e-03
4.623694474313865754e+01 2.740994426889242774e-03
4.634472316911334389e+01 2.739168958643012353e-03
4.645250159508802312e+01 2.737329754213924105e-03
4.656028002106270947e+01 2.735476912507195379e-03
4.666805844703738870e+01 2.733610531960084522e-03
4.677583687301207505e+01 2.731730710541335760e-03
4.688361529898675428e+01 2.729837545752955563e-03
4.699139372496143352e+01 2.727931134632877175e-03
4.709917215093611986e+01 2.726011573757292084e-03
4.720695057691079910e+01 2.724078959241538200e-03
4.731472900288547834e+01 2.722133386742431327e-03
4.742250742886016468e+01 2.720174951459930490e-03
4.753028585483485102e+01 2.718203748140135545e-03
4.763806428080953026e+01 2.716219871075065129e-03
4.774584270678421660e+01 2.714223414106875509e-03
4.785362113275889584e+01 2.712214470627305474e-03
4.796139955873357508e+01 2.710193133582228242e-03
4.806917798470826142e+01 2.708159495470763289e-03
4.817695641068294066e+01 2.706113648349162126e-03
4.828473483665761989e+01 2.704055683831474433e-03
4.839251326263230624e+01 2.701985693091768503e-03
4.850029168860698547e+01 2.699903766866684762e-03
4.860807011458167182e+01 2.697809995455546783e-03
4.871584854055635105e+01 2.695704468723691960e-03
4.882362696653103740e+01 2.693587276103248662e-03
4.893140539250571663e+01 2.691458506596244860e-03
4.903918381848039587e+01 2.689318248774719144e-03
4.914696224445508221e+01 2.687166590782941178e-03
4.925474067042976145e+01 2.685003620340853381e-03
4.936251909640444069e+01 2.682829424743626845e-03
4.947029752237912703e+01 2.680644090864214846e-03
4.957807594835381337e+01 2.678447705156128400e-03
4.968585437432849261e+01 2.676240353652770132e-03
4.979363280030317185e+01 2.674022121971320054e-03
4.990141122627785819e+01 2.671793095314733968e-03
5.000918965225253743e+01 2.669553358471077331e-03
5.011696807822721667e+01 2.667302995817522060e-03
5.022474650420190301e+01 2.665042091320568574e-03
5.033252493017658225e+01 2.662770728539154419e-03
5.044030335615126148e+01 2.660488990625209382e-03
5.054808178212594783e+01 2.658196960325431846e-03
5.065586020810063417e+01 2.655894719983620256e-03
5.076363863407531340e+01 2.653582351541561302e-03
5.087141706004999975e+01 2.651259936541916495e-03
5.097919548602467898e+01 2.648927556128666261e-03
5.108697391199935822e+01 2.646585291048886290e-03
5.119475233797404456e+01 2.644233221654523902e-03
5.130253076394872380e+01 2.641871427905284619e-03
5.141030918992340304e+01 2.639499989368410127e-03
5.151808761589808938e+01 2.637118985221009737e-03
5.162586604187276862e+01 2.634728494251836750e-03
5.173364446784744786e+01 2.632328594863286853e-03
5.184142289382213420e+01 2.629919365072286297e-03
5.194920131979681344e+01 2.627500882512290303e-03
5.205697974577149267e+01 2.625073224434282260e-03
5.216475817174618612e+01 2.622636467709549279e-03
5.227253659772087246e+01 2.620190688829682202e-03
5.238031502369555170e+01 2.617735963910905461e-03
5.248809344967023094e+01 2.615272368691190508e-03
5.259587187564491728e+01 2.612799978536251011e-03
5.270365030161959652e+01 2.610318868438876727e-03
5.281142872759427576e+01 2.607829113020931899e-03
5.291920715356896210e+01 2.605330786534465481e-03
5.302698557954364134e+01 2.602823962863820562e-03
5.313476400551832057e+01 2.600308715527854808e-03
5.324254243149300692e+01 2.597785117679940470e-03
5.335032085746768615e+01 2.595253242109185621e-03
5.345809928344236539e+01 2.592713161244986075e-03
5.356587770941705173e+01 2.590164947155471076e-03
5.367365613539173097e+01 2.587608671549501693e-03
5.378143456136641021e+01 2.585044405779779453e-03
5.388921298734109655e+01 2.582472220842846333e-03
5.399699141331577579e+01 2.579892187380972146e-03
5.410476983929045502e+01 2.577304375683819870e-03
5.421254826526514847e+01 2.574708855689666898e-03
5.432032669123982771e+01 2.572105696987292411e-03
5.442810511721451405e+01 2.569494968816643521e-03
5.453588354318919329e+01 2.566876740071499796e-03
5.464366196916387253e+01 2.564251079299806335e-03
5.475144039513855887e+01 2.561618054705672165e-03
5.485921882111323811e+01 2.558977734150813532e-03
5.496699724708791734e+01 2.556330185155886170e-03
5.507477567306260369e+01 2.553675474902039610e-03
5.518255409903728292e+01 2.551013670231694341e-03
5.529033252501196216e+01 2.548344837651317363e-03
5.539811095098664850e+01 2.545669043331644232e-03
5.550588937696132774e+01 2.542986353109455422e-03
5.561366780293600698e+01 2.540296832488797563e-03
5.572144622891069332e+01 2.537600546643981048e-03
5.582922465488537256e+01 2.534897560417026519e-03
5.593700308086005180e+01 2.532187938324215182e-03
5.604478150683473814e+01 2.529471744553424273e-03
5.615255993280941738e+01 2.526749042968012837e-03
5.626033835878411082e+01 2.524019897105600485e-03
5.636811678475879006e+01 2.521284370182730328e-03
5.647589521073347640e+01 2.518542525093203643e-03
5.658367363670815564e+01 2.515794424411743613e-03
5.669145206268283488e+01 2.513040130393884297e-03
5.679923048865752122e+01 2.510279704977635973e-03
5.690700891463220046e+01 2.507513209784928421e-03
5.701478734060687970e+01 2.504740706123720351e-03
5.712256576658156604e+01 2.501962254987999401e-03
5.723034419255624528e+01 2.499177917059669518e-03
5.733812261853092451e+01 2.496387752710105268e-03
5.744590104450561086e+01 2.493591822001595126e-03
5.755367947048029009e+01 2.490790184688118636e-03
5.766145789645496933e+01 2.487982900216567650e-03
5.776923632242965567e+01 2.485170027728744735e-03
5.787701474840433491e+01 2.482351626062473393e-03
5.798479317437901415e+01 2.479527753752375219e-03
5.809257160035370049e+01 2.476698469031424210e-03
5.820035002632837973e+01 2.473863829832390060e-03
5.830812845230307317e+01 2.471023893789614512e-03
5.841590687827775241e+01 2.468178718238456248e-03
5.852368530425243875e+01 2.465328360219065651e-03
5.863146373022711799e+01 2.462472876475718664e-03
5.873924215620179723e+01 2.459612323458371108e-03
5.884702058217648357e+01 2.456746757325767305e-03
5.895479900815116281e+01 2.453876233943219631e-03
5.906257743412584205e+01 2.451000808887382476e-03
5.917035586010052839e+01 2.448120537445030998e-03
5.927813428607520763e+01 2.445235474615947702e-03
5.938591271204988686e+01 2.442345675112700398e-03
5.949369113802457321e+01 2.439451193362807135e-03
5.960146956399925244e+01 2.436552083509901934e-03
5.970924798997393168e+01 2.433648399414900521e-03
5.981702641594861802e+01 2.430740194656610953e-03
5.992480484192329726e+01 2.427827522533454463e-03
6.003258326789797650e+01 2.424910436065130792e-03
6.014036169387266284e+01 2.421988987993284326e-03
6.024814011984734208e+01 2.419063230781615115e-03
6.035591854582203553e+01 2.416133216619653634e-03
6.046369697179671476e+01 2.413198997421150960e-03
6.057147539777139400e+01 2.410260624827742504e-03
6.067925382374608034e+01 2.407318150208392904e-03
6.078703224972075958e+01 2.404371624660783802e-03
6.089481067569543882e+01 2.401421099013312244e-03
6.100258910167012516e+01 2.398466623825312727e-03
6.111036752764480440e+01 2.395508249389222133e-03
6.121814595361948363e+01 2.392546025730635240e-03
6.132592437959416998e+01 2.389580002610025566e-03
6.143370280556884921e+01 2.386610229524410709e-03
6.154148123154352845e+01 2.383636755706852739e-03
6.164925965751821479e+01 2.380659630129511317e-03
6.175703808349289403e+01 2.377678901503532671e-03
6.186481650946757327e+01 2.374694618280936975e-03
6.197259493544225961e+01 2.371706828654729371e-03
6.208037336141693885e+01 2.368715580560731837e-03
6.218815178739161809e+01 2.365720921679248523e-03
6.229593021336630443e+01 2.362722899434899215e-03
6.240370863934099788e+01 2.359721560998340184e-03
6.251148706531567711e+01 2.356716953287762983e-03
6.261926549129035635e+01 2.353709122969172007e-03
6.272704391726504269e+01 2.350698116457994313e-03
6.283482234323972193e+01 2.347683979920300867e-03
6.294260076921440117e+01 2.344666759273139611e-03
6.305037919518908751e+01 2.341646500186811419e-03
6.315815762116376675e+01 2.338623248084259476e-03
6.326593604713844599e+01 2.335597048144455457e-03
6.337371447311313233e+01 2.332567945300567658e-03
6.348149289908781157e+01 2.329535984243846780e-03
6.358927132506249080e+01 2.326501209422904282e-03
6.369704975103717715e+01 2.323463665045322202e-03
6.380482817701185638e+01 2.320423395078319295e-03
6.391260660298653562e+01 2.317380443250693922e-03
6.402038502896121486e+01 2.314334853053212626e-03
6.412816345493590120e+01 2.311286667739109735e-03
6.423594188091058754e+01 2.308235930326585361e-03
6.434372030688525967e+01 2.305182683598139270e-03
6.445149873285996023e+01 2.302126970103346437e-03
6.455927715883463236e+01 2.299068832158246423e-03
6.466705558480931870e+01 2.296008311847008709e-03
6.477483401078400505e+01 2.292945451023598036e-03
6.488261243675867718e+01 2.289880291311829907e-03
6.499039086273336352e+01 2.286812874107035931e-03
6.509816928870804986e+01 2.283743240576008304e-03
6.520594771468272199e+01 2.280671431659553328e-03
6.531372614065740834e+01 2.277597488072158338e-03
6.542150456663209468e+01 2.274521450304267667e-03
6.552928299260676681e+01 2.271443358621061392e-03
6.563706141858145315e+01 2.268363253066507657e-03
6.574483984455613950e+01 2.265281173461475284e-03
6.585261827053081163e+01 2.262197159406509339e-03
6.596039669650549797e+01 2.259111250282053174e-03
6.606817512248018431e+01 2.256023485249669669e-03
6.617595354845485645e+01 2.252933903252651859e-03
6.628373197442954279e+01 2.249842543017355201e-03
6.639151040040422913e+01 2.246749443054307793e-03
6.649928882637891547e+01 2.243654641658654469e-03
6.660706725235360182e+01 2.240558176910933952e-03
6.671484567832828816e+01 2.237460086679354809e-03
6.682262410430296029e+01 2.234360408618796257e-03
6.693040253027764663e+01 2.231259180172917578e-03
6.703818095625233298e+01 2.228156438575712439e-03
6.714595938222700511e+01 2.225052220850898266e-03
6.725373780820169145e+01 2.221946563813526065e-03
6.736151623417637779e+01 2.218839504071201674e-03
6.746929466015104992e+01 2.215731078024585354e-03
6.757707308612573627e+01 2.212621321868890600e-03
6.768485151210042261e+01 2.209510271593495556e-03
6.779262993807509474e+01 2.206397962984663064e-03
6.790040836404978108e+01 2.203284431624874529e-03
6.800818679002446743e+01 2.200169712894162188e-03
6.811596521599913956e+01 2.197053841972163024e-03
6.822374364197382590e+01 2.193936853836953027e-03
6.833152206794851224e+01 2.190818783267600711e-03
6.843930049392318438e+01 2.187699664844278136e-03
6.854707891989788493e+01 2.184579532949315617e-03
6.865485734587255706e+01 2.181458421768089906e-03
6.876263577184724340e+01 2.178336365289967880e-03
6.887041419782192975e+01 2.175213397309250229e-03
6.897819262379660188e+01 2.172089551425115950e-03
6.908597104977128822e+01 2.168964861044286874e-03
6.919374947574597456e+01 2.165839359380139495e-03
6.930152790172064670e+01 2.162713079454925413e-03
6.940930632769533304e+01 2.159586054098994179e-03
6.951708475367001938e+01 2.156458315953291294e-03
6.962486317964469151e+01 2.153329897469635767e-03
6.973264160561937786e+01 2.150200830911275229e-03
6.984042003159406420e+01 2.147071148353552061e-03
6.994819845756873633e+01 2.143940881685624245e-03
7.005597688354342267e+01 2.140810062610687403e-03
7.016375530951810902e+01 2.137678722646418894e-03
7.027153373549278115e+01 2.134546893126643141e-03
7.037931216146746749e+01 2.131414605201997770e-03
7.048709058744215383e+01 2.128281889840044627e-03
7.059486901341684018e+01 2.125148777826713076e-03
7.070264743939152652e+01 2.122015299767465724e-03
7.081042586536619865e+01 2.118881486086743315e-03
7.091820429134088499e+01 2.115747367030240689e-03
7.102598271731557134e+01 2.112612972665017796e-03
7.113376114329024347e+01 2.109478332880110329e-03
7.124153956926492981e+01 2.106343477388250562e-03
7.134931799523961615e+01 2.103208435725034686e-03
7.145709642121428828e+01 2.100073237251698366e-03
7.156487484718897463e+01 2.096937911154006517e-03
7.167265327316366097e+01 2.093802486444917843e-03
7.178043169913833310e+01 2.090666991963363586e-03
7.188821012511301944e+01 2.087531456376801042e-03
7.199598855108770579e+01 2.084395908180602941e-03
7.210376697706237792e+01 2.081260375700055842e-03
7.221154540303706426e+01 2.078124887090193607e-03
7.231932382901175060e+01 2.074989470336519037e-03
7.242710225498642274e+01 2.071854153257279840e-03
7.253488068096110908e+01 2.068718963501969821e-03
7.264265910693580963e+01 2.065583928553271775e-03
7.275043753291048176e+01 2.062449075728167713e-03
7.285821595888516811e+01 2.059314432178660503e-03
7.296599438485985445e+01 2.056180024891163249e-03
7.307377281083452658e+01 2.053045880688386671e-03
7.318155123680921292e+01 2.049912026230782391e-03
7.328932966278389927e+01 2.046778488014988628e-03
7.339710808875857140e+01 2.043645292377271883e-03
7.350488651473325774e+01 2.040512465492472227e-03
7.361266494070794408e+01 2.037380033374391886e-03
7.372044336668261622e+01 2.034248021878848345e-03
7.382822179265730256e+01 2.031116456701731465e-03
7.393600021863198890e+01 2.027985363381501482e-03
7.404377864460666103e+01 2.024854767298911451e-03
7.415155707058134738e+01 2.021724693678339513e-03
7.425933549655603372e+01 2.018595167587955430e-03
7.436711392253070585e+01 2.015466213941274898e-03
7.447489234850539219e+01 2.012337857496770965e-03
7.458267077448007853e+01 2.009210122859483860e-03
7.469044920045476488e+01 2.006083034481243033e-03
7.479822762642945122e+01 2.002956616661388800e-03
7.490600605240412335e+01 1.999830893547605015e-03
7.501378447837880969e+01 1.996705889136862755e-03
7.512156290435349604e+01 1.993581627275420320e-03
7.522934133032816817e+01 1.990458131659877949e-03
7.533711975630285451e+01 1.987335425838621106e-03
7.544489818227754085e+01 1.984213533210599234e-03
7.555267660825221299e+01 1.981092477028434384e-03
7.566045503422689933e+01 1.977972280396755878e-03
7.576823346020158567e+01 1.974852966274365240e-03
7.587601188617625780e+01 1.971734557475068872e-03
7.598379031215094415e+01 1.968617076666956400e-03
7.609156873812563049e+01 1.965500546373788460e-03
7.619934716410030262e+01 1.962384988976662026e-03
7.630712559007498896e+01 1.959270426712789170e-03
7.641490401604967531e+01 1.956156881678050574e-03
7.652268244202434744e+01 1.953044375826051837e-03
7.663046086799903378e+01 1.949932930969289213e-03
7.673823929397373433e+01 1.946822568780481877e-03
7.684601771994840647e+01 1.943713310792738458e-03
7.695379614592309281e+01 1.940605178399668063e-03
7.706157457189777915e+01 1.937498192856379475e-03
7.716935299787245128e+01 1.934392375281257515e-03
7.727713142384713763e+01 1.931287746654242188e-03
7.738490984982182397e+01 1.928184327820103849e-03
7.749268827579649610e+01 1.925082139486888888e-03
7.760046670177118244e+01 1.921981202227418528e-03
7.770824512774586879e+01 1.918881536480621097e-03
7.781602355372054092e+01 1.915783162550588337e-03
7.792380197969522726e+01 1.912686100608684825e-03
7.803158040566991360e+01 1.909590370693659001e-03
7.813935883164458573e+01 1.906495992711532139e-03
7.824713725761927208e+01 1.903402986436819599e-03
7.835491568359395842e+01 1.900311371514251668e-03
7.846269410956863055e+01 1.897221167456775159e-03
7.857047253554331689e+01 1.894132393648884083e-03
7.867825096151800324e+01 1.891045069345176355e-03
7.878602938749268958e+01 1.887959213672185665e-03
7.889380781346737592e+01 1.884874845628214945e-03
7.900158623944204805e+01 1.881791984085057212e-03
7.910936466541673440e+01 1.878710647786996368e-03
7.921714309139142074e+01 1.875630855352194981e-03
7.932492151736609287e+01 1.872552625274304106e-03
7.943269994334077921e+01 1.869475975920797950e-03
7.954047836931546556e+01 1.866400925535860456e-03
7.964825679529013769e+01 1.863327492239108540e-03
7.975603522126482403e+01 1.860255694027090900e-03
7.986381364723951037e+01 1.857185548774509254e-03
7.997159207321418251e+01 1.854117074233219142e-03
8.007937049918886885e+01 1.851050288033728730e-03
8.018714892516355519e+01 1.847985207686198006e-03
8.029492735113822732e+01 1.844921850579606115e-03
8.040270577711291367e+01 1.841860233983916295e-03
8.051048420308760001e+01 1.838800375049687297e-03
8.061826262906227214e+01 1.835742290808517474e-03
8.072604105503695848e+01 1.832685998174488073e-03
8.083381948101164483e+01 1.829631513943552612e-03
8.094159790698633117e+01 1.826578854795257723e-03
8.104937633296101751e+01 1.823528037292077020e-03
8.115715475893568964e+01 1.820479077881353991e-03
8.126493318491037599e+01 1.817431992894691373e-03
8.137271161088506233e+01 1.814386798548672797e-03
8.148049003685973446e+01 1.811343510946417101e-03
8.158826846283442080e+01 1.808302146076412598e-03
8.169604688880910714e+01 1.805262719814682004e-03
8.180382531478377928e+01 1.802225247924393869e-03
8.191160374075846562e+01 1.799189746056362171e-03
8.201938216673315196e+01 1.796156229750489608e-03
8.212716059270782409e+01 1.793124714434823908e-03
8.223493901868251044e+01 1.790095215427223163e-03
8.234271744465719678e+01 1.787067747936188500e-03
8.245049587063186891e+01 1.784042327059920385e-03
8.255827429660655525e+01 1.781018967787761920e-03
8.266605272258124160e+01 1.777997685001364570e-03
8.277383114855591373e+01 1.774978493473355901e-03
8.288160957453061428e+01 1.771961407870004113e-03
8.298938800050530062e+01 1.768946442750274350e-03
8.309716642647997276e+01 1.765933612566716882e-03
8.320494485245465910e+01 1.762922931665522608e-03
8.331272327842934544e+01 1.759914414288799023e-03
8.342050170440401757e+01 1.756908074572793854e-03
8.352828013037870392e+01 1.753903926549282843e-03
8.363605855635339026e+01 1.750901984147179569e-03
8.374383698232806239e+01 1.747902261190703577e-03
8.385161540830274873e+01 1.744904771402655541e-03
8.395939383427743508e+01 1.741909528402363350e-03
8.406717226025210721e+01 1.738916545707541728e-03
8.417495068622679355e+01 1.735925836734930616e-03
8.428272911220147989e+01 1.732937414799740061e-03
8.439050753817615202e+01 1.729951293116982480e-03
8.449828596415083837e+01 1.726967484802360842e-03
8.460606439012552471e+01 1.723986002871158441e-03
8.471384281610019684e+01 1.721006860240015257e-03
8.482162124207489740e+01 1.718030069727399800e-03
8.492939966804956953e+01 1.715055644053553596e-03
8.503717809402425587e+01 1.712083595840852013e-03
8.514495651999894221e+01 1.709113937615192036e-03
8.525273494597361434e+01 1.706146681805353893e-03
8.536051337194830069e+01 1.703181840744111275e-03
8.546829179792298703e+01 1.700219426668730938e-03
8.557607022389765916e+01 1.697259451721111478e-03
8.568384864987234550e+01 1.694301927948060893e-03
8.579162707584703185e+01 1.691346867302934154e-03
8.589940550182170398e+01 1.688394281644495232e-03
8.600718392779639032e+01 1.685444182738526919e-03
8.611496235377107666e+01 1.682496582257747564e-03
8.622274077974574880e+01 1.679551491782005357e-03
8.633051920572043514e+01 1.676608922800221224e-03
8.643829763169512148e+01 1.673668886708473691e-03
8.654607605766979361e+01 1.670731394812302595e-03
8.665385448364447996e+01 1.667796458326820108e-03
8.676163290961916630e+01 1.664864088376238893e-03
8.686941133559385264e+01 1.661934295995537436e-03
8.697718976156853898e+01 1.659007092130126981e-03
8.708496818754321112e+01 1.656082487636323375e-03
8.719274661351789746e+01 1.653160493282124222e-03
8.730052503949258380e+01 1.650241119747569707e-03
8.740830346546725593e+01 1.647324377624964642e-03
8.751608189144194228e+01 1.644410277419100508e-03
8.762386031741662862e+01 1.641498829548587723e-03
8.773163874339130075e+01 1.638590044345356045e-03
8.783941716936598709e+01 1.635683932055237433e-03
8.794719559534067344e+01 1.632780502839048520e-03
8.805497402131534557e+01 1.629879766772007743e-03
8.816275244729003191e+01 1.626981733845067613e-03
8.827053087326471825e+01 1.624086413964942466e-03
8.837830929923939038e+01 1.621193816954163980e-03
8.848608772521407673e+01 1.618303952552246905e-03
8.859386615118876307e+01 1.615416830415467020e-03
8.870164457716343520e+01 1.612532460117194200e-03
8.880942300313812154e+01 1.609650851149724282e-03
8.891720142911282210e+01 1.606772012922391690e-03
8.902497985508749423e+01 1.603895954763706611e-03
8.913275828106218057e+01 1.601022685921299482e-03
8.924053670703686691e+01 1.598152215561948752e-03
8.934831513301153905e+01 1.595284552772274766e-03
8.945609355898622539e+01 1.592419706559655701e-03
8.956387198496091173e+01 1.589557685851450408e-03
8.967165041093558386e+01 1.586698499496219661e-03
8.977942883691027021e+01 1.583842156264392287e-03
8.988720726288495655e+01 1.580988664847599035e-03
8.999498568885962868e+01 1.578138033859921574e-03
9.010276411483431502e+01 1.575290271838253320e-03
9.021054254080900137e+01 1.572445387242049630e-03
9.031832096678367350e+01 1.569603388454687831e-03
9.042609939275835984e+01 1.566764283782801082e-03
9.053387781873304618e+01 1.563928081457138797e-03
9.064165624470771832e+01 1.561094789633510338e-03
9.074943467068240466e+01 1.558264416391896834e-03
9.085721309665709100e+01 1.555436969738144271e-03
9.096499152263177734e+01 1.552612457603436136e-03
9.107276994860646369e+01 1.549790887845070575e-03
9.118054837458113582e+01 1.546972268246710192e-03
9.128832680055582216e+01 1.544156606518992669e-03
9.139610522653050850e+01 1.541343910299253217e-03
9.150388365250518063e+01 1.538534187152468258e-03
9.161166207847986698e+01 1.535727444571866052e-03
9.171944050445455332e+01 1.532923689978538118e-03
9.182721893042922545e+01 1.530122930722077612e-03
9.193499735640391179e+01 1.527325174081550774e-03
9.204277578237859814e+01 1.524530427264830790e-03
9.215055420835327027e+01 1.521738697409374952e-03
9.225833263432795661e+01 1.518949991583473658e-03
9.236611106030264295e+01 1.516164316784807120e-03
9.247388948627731509e+01 1.513381679942665814e-03
9.258166791225200143e+01 1.510602087916895764e-03
9.268944633822668777e+01 1.507825547498703456e-03
9.279722476420135990e+01 1.505052065411627282e-03
9.290500319017604625e+01 1.502281648311065698e-03
9.301278161615073259e+01 1.499514302784776820e-03
9.312056004212541893e+01 1.496750035353294761e-03
9.322833846810010527e+01 1.493988852470956585e-03
9.333611689407477741e+01 1.491230760524819843e-03
9.344389532004946375e+01 1.488475765836466680e-03
9.355167374602415009e+01 1.485723874661143418e-03
9.365945217199882222e+01 1.482975093188787508e-03
9.376723059797350857e+01 1.480229427544832443e-03
9.387500902394819491e+01 1.477486883789069783e-03
9.398278744992286704e+01 1.474747467917064681e-03
9.409056587589755338e+01 1.472011185860655491e-03
9.419834430187223973e+01 1.469278043487426411e-03
9.430612272784691186e+01 1.466548046601734434e-03
9.441390115382159820e+01 1.463821200944792622e-03
9.452167957979628454e+01 1.461097512194919901e-03
9.462945800577095667e+01 1.458376985968123929e-03
9.473723643174564302e+01 1.455659627818156610e-03
9.484501485772032936e+01 1.452945443236763889e-03
9.495279328369500149e+01 1.450234437654601694e-03
9.506057170966970205e+01 1.447526616440597547e-03
9.516835013564438839e+01 1.444821984903421619e-03
9.527612856161906052e+01 1.442120548290432014e-03
9.538390698759374686e+01 1.439422311789617659e-03
9.549168541356843321e+01 1.436727280528266038e-03
9.559946383954310534e+01 1.434035459574545257e-03
9.570724226551779168e+01 1.431346853937143226e-03
9.581502069149247802e+01 1.428661468565711745e-03
9.592279911746715015e+01 1.425979308351338348e-03
9.603057754344183650e+01 1.423300378126712840e-03
9.613835596941652284e+01 1.420624682666127292e-03
9.624613439539119497e+01 1.417952226686863826e-03
9.635391282136588131e+01 1.415283014848112142e-03
9.646169124734056766e+01 1.412617051751940966e-03
9.656946967331523979e+01 1.409954341943880918e-03
9.667724809928992613e+01 1.407294889912397151e-03
9.678502652526461247e+01 1.404638700090637959e-03
9.689280495123928461e+01 1.401985776854713928e-03
9.700058337721397095e+01 1.399336124525557556e-03
9.710836180318865729e+01 1.396689747368978773e-03
9.721614022916334363e+01 1.394046649595220844e-03
9.732391865513802998e+01 1.391406835360153860e-03
9.743169708111270211e+01 1.388770308764719630e-03
9.753947550708738845e+01 1.386137073856180679e-03
9.764725393306207479e+01 1.383507134627426360e-03
9.775503235903674693e+01 1.380880495018083076e-03
9.786281078501143327e+01 1.378257158914181213e-03
9.797058921098611961e+01 1.375637130148738008e-03
9.807836763696079174e+01 1.373020412502007348e-03
9.818614606293547808e+01 1.370407009701951617e-03
9.829392448891016443e+01 1.367796925423908627e-03
9.840170291488483656e+01 1.365190163291757353e-03
9.850948134085952290e+01 1.362586726877418331e-03
9.861725976683420924e+01 1.359986619701353261e-03
9.872503819280888138e+01 1.357389845233369918e-03
9.883281661878356772e+01 1.354796406891983773e-03
9.894059504475825406e+01 1.352206308045555971e-03
9.904837347073292619e+01 1.349619552011793733e-03
9.915615189670762675e+01 1.347036142058583019e-03
9.926393032268229888e+01 1.344456081403988534e-03
9.937170874865698522e+01 1.341879373217003124e-03
9.947948717463167156e+01 1.339306020616853887e-03
9.958726560060634370e+01 1.336736026674056887e-03
9.969504402658103004e+01 1.334169394410666953e-03
9.980282245255571638e+01 1.331606126800000123e-03
9.991060087853038851e+01 1.329046226767660599e-03
1.000183793045050749e+02 1.326489697190930128e-03
1.001261577304797612e+02 1.323936540899545156e-03
1.002339361564544333e+02 1.321386760676335204e-03
1.003417145824291197e+02 1.318840359256501227e-03
1.004494930084038060e+02 1.316297339328642568e-03
1.005572714343784781e+02 1.313757703534840227e-03
1.006650498603531645e+02 1.311221454470629100e-03
1.007728282863278508e+02 1.308688594685636364e-03
1.008806067123025230e+02 1.306159126683775762e-03
1.009883851382772093e+02 1.303633052923108826e-03
1.010961635642518957e+02 1.301110375816594278e-03
1.012039419902265820e+02 1.298591097732060273e-03
1.013117204162012683e+02 1.296075220992592980e-03
1.014194988421759547e+02 1.293562747876481067e-03
1.015272772681506268e+02 1.291053680617965105e-03
1.016350556941253132e+02 1.288548021407098787e-03
1.017428341200999995e+02 1.286045772389998731e-03
1.018506125460746716e+02 1.283546935669482858e-03
1.019583909720493580e+02 1.281051513304626299e-03
1.020661693980240443e+02 1.278559507311732846e-03
1.021739478239987164e+02 1.276070919664168413e-03
1.022817262499734028e+02 1.273585752292416551e-03
1.023895046759480891e+02 1.271104007084994381e-03
1.024972831019227613e+02 1.268625685887952992e-03
1.026050615278974476e+02 1.266150790505432555e-03
1.027128399538721339e+02 1.263679322700189678e-03
1.028206183798468061e+02 1.261211284193292093e-03
1.029283968058214924e+02 1.258746676664451725e-03
1.030361752317961788e+02 1.256285501752885114e-03
1.031439536577708509e+02 1.253827761056341972e-03
1.032517320837455372e+02 1.251373456132937045e-03
1.033595105097202236e+02 1.248922588499817854e-03
1.034672889356948957e+02 1.246475159634163887e-03
1.035750673616695821e+02 1.244031170973741718e-03
1.036828457876442684e+02 1.241590623916044578e-03
1.037906242136189405e+02 1.239153519819707894e-03
1.038984026395936269e+02 1.236719860004092952e-03
1.040061810655683132e+02 1.234289645749481190e-03
1.041139594915429853e+02 1.231862878297435016e-03
1.042217379175176717e+02 1.229439558851297409e-03
1.043295163434923722e+02 1.227019688575803347e-03
1.044372947694670586e+02 1.224603268597773686e-03
1.045450731954417449e+02 1.222190300006226193e-03
1.046528516214164171e+02 1.219780783852569828e-03
1.047606300473911034e+02 1.217374721150688011e-03
1.048684084733657897e+02 1.214972112877188426e-03
1.049761868993404619e+02 1.212572959972041398e-03
1.050839653253151482e+02 1.210177263338219067e-03
1.051917437512898346e+02 1.207785023842194994e-03
1.052995221772645067e+02 1.205396242314138444e-03
1.054073006032391930e+02 1.203010919547831126e-03
1.055150790292138794e+02 1.200629056301555364e-03
1.056228574551885515e+02 1.198250653297622259e-03
1.057306358811632379e+02 1.195875711222843529e-03
1.058384143071379242e+02 1.193504230728809068e-03
1.059461927331125963e+02 1.191136212431970209e-03
1.060539711590872827e+02 1.188771656913806263e-03
1.061617495850619690e+02 1.186410564721435135e-03
1.062695280110366411e+02 1.184052936367058217e-03
1.063773064370113275e+02 1.181698772328987346e-03
1.064850848629860138e+02 1.179348073051172952e-03
1.065928632889606860e+02 1.177000838943675909e-03
1.067006417149353723e+02 1.174657070383278157e-03
1.068084201409100586e+02 1.172316767712844321e-03
1.069161985668847308e+02 1.169979931241987847e-03
1.070239769928594171e+02 1.167646561247653869e-03
1.071317554188341035e+02 1.165316657973397563e-03
1.072395338448087756e+02 1.162990221630300081e-03
1.073473122707834619e+02 1.160667252397079574e-03
1.074550906967581483e+02 1.158347750419785882e-03
1.075628691227328204e+02 1.156031715812771976e-03
1.076706475487075068e+02 1.153719148658166604e-03
