0.000000000000000000e+00 -1.275308560821181025e+01
1.077784259746821932e-01 -1.274323331305116191e+01
2.155568519493643864e-01 -1.272071742983212594e+01
3.233352779240465380e-01 -1.269098717159300094e+01
4.311137038987287728e-01 -1.265724740766581391e+01
5.388921298734109522e-01 -1.262135397002608883e+01
6.466705558480930760e-01 -1.258436335754229773e+01
7.544489818227753108e-01 -1.254686547424472742e+01
8.622274077974575457e-01 -1.250918214013024787e+01
9.700058337721396695e-01 -1.247148377867580926e+01
1.077784259746821904e+00 -1.243385696256838457e+01
1.185562685721504028e+00 -1.239634288589009614e+01
1.293341111696186152e+00 -1.235895889650071133e+01
1.401119537670868498e+00 -1.232171031239557379e+01
1.508897963645550622e+00 -1.228459675648805316e+01
1.616676389620232746e+00 -1.224761545333713109e+01
1.724454815594915091e+00 -1.221076287538783589e+01
1.832233241569597437e+00 -1.217403551353309865e+01
1.940011667544279339e+00 -1.213743019687936275e+01
2.047790093518961463e+00 -1.210094419003252142e+01
2.155568519493643809e+00 -1.206457518766348969e+01
2.263346945468325710e+00 -1.202832126727031792e+01
2.371125371443008056e+00 -1.199218082980005917e+01
2.478903797417690402e+00 -1.195615254160471252e+01
2.586682223392372304e+00 -1.192023528308526181e+01
2.694460649367054650e+00 -1.188442810547097217e+01
2.802239075341736996e+00 -1.184873019545764095e+01
2.910017501316419342e+00 -1.181314084674373710e+01
3.017795927291101243e+00 -1.177765943735534293e+01
3.125574353265783589e+00 -1.174228541169206963e+01
3.233352779240465491e+00 -1.170701826636981835e+01
3.341131205215147837e+00 -1.167185753908744950e+01
3.448909631189830183e+00 -1.163680279988639832e+01
3.556688057164512529e+00 -1.160185364429927368e+01
3.664466483139194874e+00 -1.156700968798235785e+01
3.772244909113877220e+00 -1.153227056251624738e+01
3.880023335088558678e+00 -1.149763591212078495e+01
3.987801761063241024e+00 -1.146310539108673332e+01
4.095580187037922926e+00 -1.142867866176866087e+01
4.203358613012605716e+00 -1.139435539301755007e+01
4.311137038987287617e+00 -1.136013525895563170e+01
4.418915464961970407e+00 -1.132601793802012402e+01
4.526693890936651421e+00 -1.129200311221641684e+01
4.634472316911334211e+00 -1.125809046653440149e+01
4.742250742886016113e+00 -1.122427968849318880e+01
4.850029168860698903e+00 -1.119057046778478259e+01
4.957807594835380804e+00 -1.115696249599586665e+01
5.065586020810063594e+00 -1.112345546639032712e+01
5.173364446784744608e+00 -1.109004907373871518e+01
5.281142872759427398e+00 -1.105674301418508954e+01
5.388921298734109300e+00 -1.102353698514211011e+01
5.496699724708792090e+00 -1.099043068520905919e+01
5.604478150683473991e+00 -1.095742381410696531e+01
5.712256576658156781e+00 -1.092451607262777813e+01
5.820035002632838683e+00 -1.089170716259377691e+01
5.927813428607520585e+00 -1.085899678682555880e+01
6.035591854582202487e+00 -1.082638464911645215e+01
6.143370280556885277e+00 -1.079387045421191438e+01
6.251148706531567179e+00 -1.076145390779292299e+01
6.358927132506249968e+00 -1.072913471646251971e+01
6.466705558480930982e+00 -1.069691258773445064e+01
6.574483984455614660e+00 -1.066478723002416729e+01
6.682262410430295674e+00 -1.063275835264085778e+01
6.790040836404978464e+00 -1.060082566578086016e+01
6.897819262379660366e+00 -1.056898888052179153e+01
7.005597688354342267e+00 -1.053724770881764350e+01
7.113376114329025057e+00 -1.050560186349417613e+01
7.221154540303706959e+00 -1.047405105824481275e+01
7.328932966278389749e+00 -1.044259500762690784e+01
7.436711392253071651e+00 -1.041123342705822630e+01
7.544489818227754441e+00 -1.037996603281373886e+01
7.652268244202435454e+00 -1.034879254202242649e+01
7.760046670177117356e+00 -1.031771267266432979e+01
7.867825096151800146e+00 -1.028672614356759674e+01
7.975603522126482048e+00 -1.025583267440578261e+01
8.083381948101164838e+00 -1.022503198569501848e+01
8.191160374075845851e+00 -1.019432379879136796e+01
8.298938800050528641e+00 -1.016370783588815918e+01
8.406717226025211431e+00 -1.013318382001338058e+01
8.514495651999892445e+00 -1.010275147502712301e+01
8.622274077974575235e+00 -1.007241052561896666e+01
8.730052503949258025e+00 -1.004216069730550664e+01
8.837830929923940815e+00 -1.001200171642778969e+01
8.945609355898621828e+00 -9.981933310148839666e+00
9.053387781873302842e+00 -9.951955206451129854e+00
9.161166207847987408e+00 -9.922067134134145761e+00
9.268944633822668422e+00 -9.892268822811905338e+00
9.376723059797351212e+00 -9.862560002910486290e+00
9.484501485772032225e+00 -9.832940405665590688e+00
9.592279911746716792e+00 -9.803409763120114917e+00
9.700058337721397805e+00 -9.773967808121707179e+00
9.807836763696078819e+00 -9.744614274320356984e+00
9.915615189670761609e+00 -9.715348896165965087e+00
1.002339361564544440e+01 -9.686171408905966729e+00
1.013117204162012719e+01 -9.657081548582915786e+00
1.023895046759480820e+01 -9.628079052032097351e+00
1.034672889356948922e+01 -9.599163656879140305e+00
1.045450731954417378e+01 -9.570335101537665423e+00
1.056228574551885480e+01 -9.541593125206892623e+00
1.067006417149353759e+01 -9.512937467869292618e+00
1.077784259746821860e+01 -9.484367870288236801e+00
1.088562102344290139e+01 -9.455884074005640016e+00
1.099339944941758418e+01 -9.427485821339640637e+00
1.110117787539226519e+01 -9.399172855382255776e+00
1.120895630136694798e+01 -9.370944919997047151e+00
1.131673472734163077e+01 -9.342801759816834917e+00
1.142451315331631356e+01 -9.314743120241358199e+00
1.153229157929099458e+01 -9.286768747434983595e+00
1.164007000526567737e+01 -9.258878388324411901e+00
1.174784843124035838e+01 -9.231071790596377724e+00
1.185562685721504117e+01 -9.203348702695377526e+00
1.196340528318972396e+01 -9.175708873821392331e+00
1.207118370916440497e+01 -9.148152053927610439e+00
1.217896213513908776e+01 -9.120677993718173227e+00
1.228674056111377055e+01 -9.093286444645919175e+00
1.239451898708845334e+01 -9.065977158910135003e+00
1.250229741306313436e+01 -9.038749889454306796e+00
1.261007583903781537e+01 -9.011604389963896011e+00
1.271785426501249994e+01 -8.984540414864110147e+00
1.282563269098718095e+01 -8.957557719317664535e+00
1.293341111696186196e+01 -8.930656059222588539e+00
1.304118954293654653e+01 -8.903835191210013988e+00
1.314896796891122932e+01 -8.877094872641958290e+00
1.325674639488591033e+01 -8.850434861609143056e+00
1.336452482086059135e+01 -8.823854916928800307e+00
1.347230324683527414e+01 -8.797354798142494658e+00
1.358008167280995693e+01 -8.770934265513941952e+00
1.368786009878463972e+01 -8.744593080026849208e+00
1.379563852475932073e+01 -8.718331003382745692e+00
1.390341695073400174e+01 -8.692147797998821090e+00
1.401119537670868453e+01 -8.666043227005793881e+00
1.411897380268336910e+01 -8.640017054245749506e+00
1.422675222865805011e+01 -8.614069044270021180e+00
1.433453065463273113e+01 -8.588198962337045828e+00
1.444230908060741392e+01 -8.562406574410243110e+00
1.455008750658209493e+01 -8.536691647155908669e+00
1.465786593255677950e+01 -8.511053947941091380e+00
1.476564435853146051e+01 -8.485493244831491921e+00
1.487342278450614330e+01 -8.460009306589368450e+00
1.498120121048082432e+01 -8.434601902671440499e+00
1.508897963645550888e+01 -8.409270803226799984e+00
1.519675806243018990e+01 -8.384015779094848853e+00
1.530453648840487091e+01 -8.358836601803201205e+00
1.541231491437955370e+01 -8.333733043565633380e+00
1.552009334035423471e+01 -8.308704877280018053e+00
1.562787176632891928e+01 -8.283751876526276092e+00
1.573565019230360029e+01 -8.258873815564314214e+00
1.584342861827828308e+01 -8.234070469331992825e+00
1.595120704425296410e+01 -8.209341613443092101e+00
1.605898547022764689e+01 -8.184687024185276272e+00
1.616676389620232968e+01 -8.160106478518068585e+00
1.627454232217701247e+01 -8.135599754070842238e+00
1.638232074815169170e+01 -8.111166629140800666e+00
1.649009917412637449e+01 -8.086806882690970255e+00
1.659787760010105728e+01 -8.062520294348210825e+00
1.670565602607574007e+01 -8.038306644401210121e+00
1.681343445205042286e+01 -8.014165713798510282e+00
1.692121287802510565e+01 -7.990097284146509438e+00
1.702899130399978489e+01 -7.966101137707497060e+00
1.713676972997447123e+01 -7.942177057397683981e+00
1.724454815594915047e+01 -7.918324826785232418e+00
1.735232658192383326e+01 -7.894544230088304637e+00
1.746010500789851605e+01 -7.870835052173104529e+00
1.756788343387319529e+01 -7.847197078551937821e+00
1.767566185984788163e+01 -7.823630095381265193e+00
1.778344028582256087e+01 -7.800133889459775816e+00
1.789121871179724366e+01 -7.776708248226448461e+00
1.799899713777192645e+01 -7.753352959758638363e+00
1.810677556374660568e+01 -7.730067812770153424e+00
1.821455398972129203e+01 -7.706852596609342854e+00
1.832233241569597482e+01 -7.683707101257196470e+00
1.843011084167065405e+01 -7.660631117325442219e+00
1.853788926764533684e+01 -7.637624436054650801e+00
1.864566769362001963e+01 -7.614686849312346517e+00
1.875344611959470242e+01 -7.591818149591125220e+00
1.886122454556938521e+01 -7.569018130006780254e+00
1.896900297154406445e+01 -7.546286584296428401e+00
1.907678139751874724e+01 -7.523623306816638490e+00
1.918455982349343358e+01 -7.501028092541581316e+00
1.929233824946811282e+01 -7.478500737061168913e+00
1.940011667544279561e+01 -7.456041036579202697e+00
1.950789510141747840e+01 -7.433648787911538491e+00
1.961567352739215764e+01 -7.411323788484236452e+00
1.972345195336684398e+01 -7.389065836331740300e+00
1.983123037934152322e+01 -7.366874730095046786e+00
1.993900880531620601e+01 -7.344750269019874267e+00
2.004678723129088880e+01 -7.322692252954860592e+00
2.015456565726556803e+01 -7.300700482349746778e+00
2.026234408324025438e+01 -7.278774758253566901e+00
2.037012250921493361e+01 -7.256914882312859305e+00
2.047790093518961640e+01 -7.235120656769859160e+00
2.058567936116429919e+01 -7.213391884460717662e+00
2.069345778713897843e+01 -7.191728368813720351e+00
2.080123621311366477e+01 -7.170129913847498315e+00
2.090901463908834756e+01 -7.148596324169268712e+00
2.101679306506302680e+01 -7.127127404973055746e+00
2.112457149103770959e+01 -7.105722962037934742e+00
2.123234991701239238e+01 -7.084382801726271772e+00
2.134012834298707517e+01 -7.063106730981976611e+00
2.144790676896175796e+01 -7.041894557328749471e+00
2.155568519493643720e+01 -7.020746088868345502e+00
2.166346362091111999e+01 -6.999661134278835739e+00
2.177124204688580278e+01 -6.978639502812875151e+00
2.187902047286048557e+01 -6.957681004295981353e+00
2.198679889883516836e+01 -6.936785449124812430e+00
2.209457732480984760e+01 -6.915952648265450087e+00
2.220235575078453039e+01 -6.895182413251687237e+00
2.231013417675921673e+01 -6.874474556183331586e+00
2.241791260273389597e+01 -6.853828889724496776e+00
2.252569102870857876e+01 -6.833245227101913066e+00
2.263346945468326155e+01 -6.812723382103234471e+00
2.274124788065794434e+01 -6.792263169075354767e+00
2.284902630663262713e+01 -6.771864402922733284e+00
2.295680473260730636e+01 -6.751526899105710910e+00
2.306458315858198915e+01 -6.731250473638846543e+00
2.317236158455667194e+01 -6.711034943089252636e+00
2.328014001053135473e+01 -6.690880124574935195e+00
2.338791843650603752e+01 -6.670785835763139104e+00
2.349569686248071676e+01 -6.650751894868696112e+00
2.360347528845539955e+01 -6.630778120652383478e+00
2.371125371443008234e+01 -6.610864332419287059e+00
2.381903214040476513e+01 -6.591010350017156405e+00
2.392681056637944792e+01 -6.571215993834787383e+00
2.403458899235413071e+01 -6.551481084800391486e+00
2.414236741832880995e+01 -6.531805444379969572e+00
2.425014584430349274e+01 -6.512188894575711373e+00
2.435792427027817553e+01 -6.492631257924369237e+00
2.446570269625285832e+01 -6.473132357495667399e+00
2.457348112222754111e+01 -6.453692016890689942e+00
2.468125954820222034e+01 -6.434310060240289175e+00
2.478903797417690669e+01 -6.414986312203499352e+00
2.489681640015158592e+01 -6.395720597965938836e+00
2.500459482612626871e+01 -6.376512743238240688e+00
2.511237325210095150e+01 -6.357362574254472598e+00
2.522015167807563074e+01 -6.338269917770555928e+00
2.532793010405031708e+01 -6.319234601062710510e+00
2.543570853002499987e+01 -6.300256451925890566e+00
2.554348695599967911e+01 -6.281335298672216183e+00
2.565126538197436190e+01 -6.262470970129431436e+00
2.575904380794904469e+01 -6.243663295639352739e+00
2.586682223392372393e+01 -6.224912105056322531e+00
2.597460065989840672e+01 -6.206217228745671832e+00
2.608237908587309306e+01 -6.187578497582183701e+00
2.619015751184777585e+01 -6.168995742948569116e+00
2.629793593782245864e+01 -6.150468796733934873e+00
2.640571436379713788e+01 -6.131997491332264794e+00
2.651349278977182067e+01 -6.113581659640904498e+00
2.662127121574650346e+01 -6.095221135059047946e+00
2.672904964172118270e+01 -6.076915751486234640e+00
2.683682806769586549e+01 -6.058665343320839725e+00
2.694460649367054828e+01 -6.040469745458583617e+00
2.705238491964522751e+01 -6.022328793291030991e+00
2.716016334561991385e+01 -6.004242322704106627e+00
2.726794177159459664e+01 -5.986210170076612158e+00
2.737572019756927943e+01 -5.968232172278741032e+00
2.748349862354395867e+01 -5.950308166670601473e+00
2.759127704951864146e+01 -5.932437991100753649e+00
2.769905547549332425e+01 -5.914621483904733523e+00
2.780683390146800349e+01 -5.896858483903598014e+00
2.791461232744268628e+01 -5.879148830402459502e+00
2.802239075341736907e+01 -5.861492363189038990e+00
2.813016917939205541e+01 -5.843888922532210373e+00
2.823794760536673820e+01 -5.826338349180561593e+00
2.834572603134141744e+01 -5.808840484360949574e+00
2.845350445731610023e+01 -5.791395169777064034e+00
2.856128288329078302e+01 -5.774002247607999294e+00
2.866906130926546226e+01 -5.756661560506820763e+00
2.877683973524014505e+01 -5.739372951599145622e+00
2.888461816121482784e+01 -5.722136264481726187e+00
2.899239658718950707e+01 -5.704951343221022597e+00
2.910017501316418986e+01 -5.687818032351811937e+00
2.920795343913887621e+01 -5.670736176875761814e+00
2.931573186511355900e+01 -5.653705622260041253e+00
2.942351029108824179e+01 -5.636726214435919147e+00
2.953128871706292102e+01 -5.619797799797367155e+00
2.963906714303760381e+01 -5.602920225199675031e+00
2.974684556901228660e+01 -5.586093337958061511e+00
2.985462399498696584e+01 -5.569316985846295864e+00
2.996240242096164863e+01 -5.552591017095316772e+00
3.007018084693633142e+01 -5.535915280391863647e+00
3.017795927291101776e+01 -5.519289624877107947e+00
3.028573769888569700e+01 -5.502713900145283610e+00
3.039351612486037979e+01 -5.486187956242330799e+00
3.050129455083506258e+01 -5.469711643664535217e+00
3.060907297680974182e+01 -5.453284813357182514e+00
3.071685140278442461e+01 -5.436907316713200267e+00
3.082462982875910740e+01 -5.420579005571823927e+00
3.093240825473378663e+01 -5.404299732217248575e+00
3.104018668070846942e+01 -5.388069349377296646e+00
3.114796510668315221e+01 -5.371887710222081225e+00
3.125574353265783856e+01 -5.355754668362683546e+00
3.136352195863252135e+01 -5.339670077849827834e+00
3.147130038460720058e+01 -5.323633793172556139e+00
3.157907881058188337e+01 -5.307645669256913834e+00
3.168685723655656616e+01 -5.291705561464641328e+00
3.179463566253124540e+01 -5.275813325591861336e+00
3.190241408850592819e+01 -5.259968817867775925e+00
3.201019251448060743e+01 -5.244171894953362667e+00
3.211797094045529377e+01 -5.228422413940084112e+00
3.222574936642998011e+01 -5.212720232348591054e+00
3.233352779240465935e+01 -5.197065208127433777e+00
3.244130621837933859e+01 -5.181457199651774204e+00
3.254908464435402493e+01 -5.165896065722110464e+00
3.265686307032870417e+01 -5.150381665562997924e+00
3.276464149630338341e+01 -5.134913858821773758e+00
3.287241992227806975e+01 -5.119492505567285079e+00
3.298019834825274899e+01 -5.104117466288626837e+00
3.308797677422742822e+01 -5.088788601893883268e+00
3.319575520020211457e+01 -5.073505773708859579e+00
3.330353362617680091e+01 -5.058268843475834053e+00
3.341131205215148015e+01 -5.043077673352309276e+00
3.351909047812616649e+01 -5.027932125909758909e+00
3.362686890410084573e+01 -5.012832064132387799e+00
3.373464733007552496e+01 -4.997777351415894742e+00
3.384242575605021131e+01 -4.982767851566229034e+00
3.395020418202489054e+01 -4.967803428798367449e+00
3.405798260799956978e+01 -4.952883947735082337e+00
3.416576103397425612e+01 -4.938009273405714161e+00
3.427353945994894246e+01 -4.923179271244951138e+00
3.438131788592362170e+01 -4.908393807091618655e+00
3.448909631189830094e+01 -4.893652747187457130e+00
3.459687473787298728e+01 -4.878955958175914098e+00
3.470465316384766652e+01 -4.864303307100941609e+00
3.481243158982234576e+01 -4.849694661405788310e+00
3.492021001579703210e+01 -4.835129888931803066e+00
3.502798844177171134e+01 -4.820608857917242140e+00
3.513576686774639057e+01 -4.806131436996068373e+00
3.524354529372107692e+01 -4.791697495196771683e+00
3.535132371969576326e+01 -4.777306901941181572e+00
3.545910214567044250e+01 -4.762959527043284957e+00
3.556688057164512173e+01 -4.748655240708045788e+00
3.567465899761980808e+01 -4.734393913530236198e+00
3.578243742359448731e+01 -4.720175416493264109e+00
3.589021584956916655e+01 -4.705999620968001729e+00
3.599799427554385289e+01 -4.691866398711629138e+00
3.610577270151853213e+01 -4.677775621866468114e+00
3.621355112749321137e+01 -4.663727162958830164e+00
3.632132955346790482e+01 -4.649720894897857448e+00
3.642910797944258405e+01 -4.635756690974378813e+00
3.653688640541726329e+01 -4.621834424859761370e+00
3.664466483139194963e+01 -4.607953970604766525e+00
3.675244325736662887e+01 -4.594115202638411333e+00
3.686022168334130811e+01 -4.580317995766832517e+00
3.696800010931599445e+01 -4.566562225172155820e+00
3.707577853529067369e+01 -4.552847766411363573e+00
3.718355696126535292e+01 -4.539174495415171151e+00
3.729133538724003927e+01 -4.525542288486901654e+00
3.739911381321472561e+01 -4.511951022301373015e+00
3.750689223918940485e+01 -4.498400573903772681e+00
3.761467066516408408e+01 -4.484890820708557158e+00
3.772244909113877043e+01 -4.471421640498332017e+00
3.783022751711344966e+01 -4.457992911422753224e+00
3.793800594308812890e+01 -4.444604511997424012e+00
3.804578436906281524e+01 -4.431256321102789109e+00
3.815356279503749448e+01 -4.417948217983049375e+00
3.826134122101217372e+01 -4.404680082245064909e+00
3.836911964698686717e+01 -4.391451793857259034e+00
3.847689807296154640e+01 -4.378263233148544487e+00
3.858467649893622564e+01 -4.365114280807236291e+00
3.869245492491091198e+01 -4.352004817879963738e+00
3.880023335088559122e+01 -4.338934725770609013e+00
3.890801177686027046e+01 -4.325903886239222729e+00
3.901579020283495680e+01 -4.312912181400960776e+00
3.912356862880963604e+01 -4.299959493725012294e+00
3.923134705478431528e+01 -4.287045706033543624e+00
3.933912548075900162e+01 -4.274170701500633385e+00
3.944690390673368796e+01 -4.261334363651211987e+00
3.955468233270836720e+01 -4.248536576360019801e+00
3.966246075868304644e+01 -4.235777223850544004e+00
3.977023918465773278e+01 -4.223056190693977641e+00
3.987801761063241202e+01 -4.210373361808174231e+00
3.998579603660709125e+01 -4.197728622456607717e+00
4.009357446258177760e+01 -4.185121858247330628e+00
4.020135288855645683e+01 -4.172552955131946462e+00
4.030913131453113607e+01 -4.160021799404567844e+00
4.041690974050582241e+01 -4.147528277700797794e+00
4.052468816648050876e+01 -4.135072276996698548e+00
4.063246659245518799e+01 -4.122653684607770153e+00
4.074024501842986723e+01 -4.110272388187931725e+00
4.084802344440455357e+01 -4.097928275728502712e+00
4.095580187037923281e+01 -4.085621235557193032e+00
4.106358029635391205e+01 -4.073351156337092327e+00
4.117135872232859839e+01 -4.061117927065660993e+00
4.127913714830327763e+01 -4.048921437073724761e+00
4.138691557427795686e+01 -4.036761576024477272e+00
4.149469400025265031e+01 -4.024638233912479990e+00
4.160247242622732955e+01 -4.012551301062667441e+00
4.171025085220200879e+01 -4.000500668129354231e+00
4.181802927817669513e+01 -3.988486226095244724e+00
4.192580770415137437e+01 -3.976507866270451608e+00
4.203358613012605360e+01 -3.964565480291506461e+00
4.214136455610073995e+01 -3.952658960120384535e+00
4.224914298207541918e+01 -3.940788198043523316e+00
4.235692140805009842e+01 -3.928953086670850858e+00
4.246469983402478476e+01 -3.917153518934812784e+00
4.257247825999947111e+01 -3.905389388089406388e+00
4.268025668597415034e+01 -3.893660587709209864e+00
4.278803511194882958e+01 -3.881967011688423952e+00
4.289581353792351592e+01 -3.870308554239911825e+00
4.300359196389819516e+01 -3.858685109894238074e+00
4.311137038987287440e+01 -3.847096573498718364e+00
4.321914881584756074e+01 -3.835542840216468186e+00
4.332692724182223998e+01 -3.824023805525452513e+00
4.343470566779692632e+01 -3.812539365217540333e+00
4.354248409377160556e+01 -3.801089415397564508e+00
4.365026251974629190e+01 -3.789673852482378535e+00
4.375804094572097114e+01 -3.778292573199920845e+00
4.386581937169565037e+01 -3.766945474588281328e+00
4.397359779767033672e+01 -3.755632453994769193e+00
4.408137622364501595e+01 -3.744353409074983929e+00
4.418915464961969519e+01 -3.733108237791888939e+00
4.429693307559438153e+01 -3.721896838414891828e+00
4.440471150156906077e+01 -3.710719109518919367e+00
4.451248992754374711e+01 -3.699574949983501782e+00
4.462026835351843346e+01 -3.688464258991861477e+00
4.472804677949311269e+01 -3.677386936029994668e+00
4.483582520546779193e+01 -3.666342880885765876e+00
4.494360363144247827e+01 -3.655331993648001543e+00
4.505138205741715751e+01 -3.644354174705584093e+00
4.515916048339183675e+01 -3.633409324746553537e+00
4.526693890936652309e+01 -3.622497344757206417e+00
4.537471733534120233e+01 -3.611618136021202297e+00
4.548249576131588867e+01 -3.600771600118666704e+00
4.559027418729056791e+01 -3.589957638925307393e+00
4.569805261326525425e+01 -3.579176154611521721e+00
4.580583103923993349e+01 -3.568427049641511140e+00
4.591360946521461273e+01 -3.557710226772401452e+00
4.602138789118929907e+01 -3.547025589053362182e+00
4.612916631716397831e+01 -3.536373039824731279e+00
4.623694474313865754e+01 -3.525752482717134928e+00
4.634472316911334389e+01 -3.515163821650623799e+00
4.645250159508802312e+01 -3.504606960833795526e+00
4.656028002106270947e+01 -3.494081804762935839e+00
4.666805844703738870e+01 -3.483588258221149481e+00
4.677583687301207505e+01 -3.473126226277500450e+00
4.688361529898675428e+01 -3.462695614286153578e+00
4.699139372496143352e+01 -3.452296327885516547e+00
4.709917215093611986e+01 -3.441928272997388571e+00
4.720695057691079910e+01 -3.431591355826108192e+00
4.731472900288547834e+01 -3.421285482857705063e+00
4.742250742886016468e+01 -3.411010560859052632e+00
4.753028585483485102e+01 -3.400766496877026146e+00
4.763806428080953026e+01 -3.390553198237662436e+00
4.774584270678421660e+01 -3.380370572545319252e+00
4.785362113275889584e+01 -3.370218527681841714e+00
4.796139955873357508e+01 -3.360096971805726085e+00
4.806917798470826142e+01 -3.350005813351292439e+00
4.817695641068294066e+01 -3.339944961027852877e+00
4.828473483665761989e+01 -3.329914323818888633e+00
4.839251326263230624e+01 -3.319913810981226732e+00
4.850029168860698547e+01 -3.309943332044213093e+00
4.860807011458167182e+01 -3.300002796808902517e+00
4.871584854055635105e+01 -3.290092115347238888e+00
4.882362696653103740e+01 -3.280211198001238948e+00
4.893140539250571663e+01 -3.270359955382186712e+00
4.903918381848039587e+01 -3.260538298369819898e+00
4.914696224445508221e+01 -3.250746138111526129e+00
4.925474067042976145e+01 -3.240983386021540014e+00
4.936251909640444069e+01 -3.231249953780138906e+00
4.947029752237912703e+01 -3.221545753332846651e+00
4.957807594835381337e+01 -3.211870696889632892e+00
4.968585437432849261e+01 -3.202224696924126590e+00
4.979363280030317185e+01 -3.192607666172816216e+00
4.990141122627785819e+01 -3.183019517634262829e+00
5.000918965225253743e+01 -3.173460164568316255e+00
5.011696807822721667e+01 -3.163929520495325942e+00
5.022474650420190301e+01 -3.154427499195359808e+00
5.033252493017658225e+01 -3.144954014707427525e+00
5.044030335615126148e+01 -3.135508981328697153e+00
5.054808178212594783e+01 -3.126092313613725082e+00
5.065586020810063417e+01 -3.116703926373680211e+00
5.076363863407531340e+01 -3.107343734675573899e+00
5.087141706004999975e+01 -3.098011653841490798e+00
5.097919548602467898e+01 -3.088707599447824137e+00
5.108697391199935822e+01 -3.079431487324512773e+00
5.119475233797404456e+01 -3.070183233554276470e+00
5.130253076394872380e+01 -3.060962754471859171e+00
5.141030918992340304e+01 -3.051769966663272271e+00
5.151808761589808938e+01 -3.042604786965039221e+00
5.162586604187276862e+01 -3.033467132463443683e+00
5.173364446784744786e+01 -3.024356920493776357e+00
5.184142289382213420e+01 -3.015274068639594240e+00
5.194920131979681344e+01 -3.006218494731966562e+00
5.205697974577149267e+01 -2.997190116848738484e+00
5.216475817174618612e+01 -2.988188853313784143e+00
5.227253659772087246e+01 -2.979214622696274795e+00
5.238031502369555170e+01 -2.970267343809934069e+00
5.248809344967023094e+01 -2.961346935712309669e+00
5.259587187564491728e+01 -2.952453317704037516e+00
5.270365030161959652e+01 -2.943586409328112552e+00
5.281142872759427576e+01 -2.934746130369164430e+00
5.291920715356896210e+01 -2.925932400852724768e+00
5.302698557954364134e+01 -2.917145141044510837e+00
5.313476400551832057e+01 -2.908384271449699909e+00
5.324254243149300692e+01 -2.899649712812209845e+00
5.335032085746768615e+01 -2.890941386113985878e+00
5.345809928344236539e+01 -2.882259212574282525e+00
5.356587770941705173e+01 -2.873603113648950824e+00
5.367365613539173097e+01 -2.864973011029729122e+00
5.378143456136641021e+01 -2.856368826643535197e+00
5.388921298734109655e+01 -2.847790482651757493e+00
5.399699141331577579e+01 -2.839237901449553902e+00
5.410476983929045502e+01 -2.830711005665147439e+00
5.421254826526514847e+01 -2.822209718159125913e+00
5.432032669123982771e+01 -2.813733962023747370e+00
5.442810511721451405e+01 -2.805283660582241989e+00
5.453588354318919329e+01 -2.796858737388117966e+00
5.464366196916387253e+01 -2.788459116224468737e+00
5.475144039513855887e+01 -2.780084721103289525e+00
5.485921882111323811e+01 -2.771735476264782339e+00
5.496699724708791734e+01 -2.763411306176674742e+00
5.507477567306260369e+01 -2.755112135533535955e+00
5.518255409903728292e+01 -2.746837889256096510e+00
5.529033252501196216e+01 -2.738588492490567017e+00
5.539811095098664850e+01 -2.730363870607960486e+00
5.550588937696132774e+01 -2.722163949203421751e+00
5.561366780293600698e+01 -2.713988654095548902e+00
5.572144622891069332e+01 -2.705837911325724487e+00
5.582922465488537256e+01 -2.697711647157447601e+00
5.593700308086005180e+01 -2.689609788075665531e+00
5.604478150683473814e+01 -2.681532260786108957e+00
5.615255993280941738e+01 -2.673478992214626704e+00
5.626033835878411082e+01 -2.665449909506529380e+00
5.636811678475879006e+01 -2.657444940025927238e+00
5.647589521073347640e+01 -2.649464011355073367e+00
5.658367363670815564e+01 -2.641507051293706887e+00
5.669145206268283488e+01 -2.633573987858403243e+00
5.679923048865752122e+01 -2.625664749281921395e+00
5.690700891463220046e+01 -2.617779264012553675e+00
5.701478734060687970e+01 -2.609917460713480963e+00
5.712256576658156604e+01 -2.602079268262122991e+00
5.723034419255624528e+01 -2.594264615749499736e+00
5.733812261853092451e+01 -2.586473432479587053e+00
5.744590104450561086e+01 -2.578705647968677628e+00
5.755367947048029009e+01 -2.570961191944744151e+00
5.766145789645496933e+01 -2.563239994346803385e+00
5.776923632242965567e+01 -2.555541985324280674e+00
5.787701474840433491e+01 -2.547867095236379775e+00
5.798479317437901415e+01 -2.540215254651452703e+00
5.809257160035370049e+01 -2.532586394346371783e+00
5.820035002632837973e+01 -2.524980445305902599e+00
5.830812845230307317e+01 -2.517397338722078270e+00
5.841590687827775241e+01 -2.509837005993582615e+00
5.852368530425243875e+01 -2.502299378725122203e+00
5.863146373022711799e+01 -2.494784388726810853e+00
5.873924215620179723e+01 -2.487291968013556342e+00
5.884702058217648357e+01 -2.479822048804437351e+00
5.895479900815116281e+01 -2.472374563522099056e+00
5.906257743412584205e+01 -2.464949444792134958e+00
5.917035586010052839e+01 -2.457546625442480703e+00
5.927813428607520763e+01 -2.450166038502806565e+00
5.938591271204988686e+01 -2.442807617203908599e+00
5.949369113802457321e+01 -2.435471294977109125e+00
5.960146956399925244e+01 -2.428157005453651429e+00
5.970924798997393168e+01 -2.420864682464098916e+00
5.981702641594861802e+01 -2.413594260037738692e+00
5.992480484192329726e+01 -2.406345672401983826e+00
6.003258326789797650e+01 -2.399118853981776933e+00
6.014036169387266284e+01 -2.391913739398999539e+00
6.024814011984734208e+01 -2.384730263471878331e+00
6.035591854582203553e+01 -2.377568361214397186e+00
6.046369697179671476e+01 -2.370427967835708749e+00
6.057147539777139400e+01 -2.363309018739547795e+00
6.067925382374608034e+01 -2.356211449523645918e+00
6.078703224972075958e+01 -2.349135195979150659e+00
6.089481067569543882e+01 -2.342080194090045531e+00
6.100258910167012516e+01 -2.335046380032568702e+00
6.111036752764480440e+01 -2.328033690174635240e+00
6.121814595361948363e+01 -2.321042061075263341e+00
6.132592437959416998e+01 -2.314071429483999687e+00
6.143370280556884921e+01 -2.307121732340347897e+00
6.154148123154352845e+01 -2.300192906773196100e+00
6.164925965751821479e+01 -2.293284890100249385e+00
6.175703808349289403e+01 -2.286397619827464478e+00
6.186481650946757327e+01 -2.279531033648480420e+00
6.197259493544225961e+01 -2.272685069444058126e+00
6.208037336141693885e+01 -2.265859665281518609e+00
6.218815178739161809e+01 -2.259054759414179436e+00
6.229593021336630443e+01 -2.252270290280799614e+00
6.240370863934099788e+01 -2.245506196505019147e+00
6.251148706531567711e+01 -2.238762416894809704e+00
6.261926549129035635e+01 -2.232038890441914170e+00
6.272704391726504269e+01 -2.225335556321299535e+00
6.283482234323972193e+01 -2.218652353890602669e+00
6.294260076921440117e+01 -2.211989222689586754e+00
6.305037919518908751e+01 -2.205346102439588840e+00
6.315815762116376675e+01 -2.198722933042978944e+00
6.326593604713844599e+01 -2.192119654582614707e+00
6.337371447311313233e+01 -2.185536207321298274e+00
6.348149289908781157e+01 -2.178972531701237170e+00
6.358927132506249080e+01 -2.172428568343505617e+00
6.369704975103717715e+01 -2.165904258047505415e+00
6.380482817701185638e+01 -2.159399541790435251e+00
6.391260660298653562e+01 -2.152914360726749798e+00
6.402038502896121486e+01 -2.146448656187632142e+00
6.412816345493590120e+01 -2.140002369680463090e+00
6.423594188091058754e+01 -2.133575442888289153e+00
6.434372030688525967e+01 -2.127167817669297634e+00
6.445149873285996023e+01 -2.120779436056288159e+00
6.455927715883463236e+01 -2.114410240256151763e+00
6.466705558480931870e+01 -2.108060172649345088e+00
6.477483401078400505e+01 -2.101729175789368576e+00
6.488261243675867718e+01 -2.095417192402250883e+00
6.499039086273336352e+01 -2.089124165386025744e+00
6.509816928870804986e+01 -2.082850037810218602e+00
6.520594771468272199e+01 -2.076594752915331021e+00
6.531372614065740834e+01 -2.070358254112327323e+00
6.542150456663209468e+01 -2.064140484982120771e+00
6.552928299260676681e+01 -2.057941389275065092e+00
6.563706141858145315e+01 -2.051760910910445990e+00
6.574483984455613950e+01 -2.045598993975973112e+00
6.585261827053081163e+01 -2.039455582727271565e+00
6.596039669650549797e+01 -2.033330621587383202e+00
6.606817512248018431e+01 -2.027224055146259030e+00
6.617595354845485645e+01 -2.021135828160260051e+00
6.628373197442954279e+01 -2.015065885551656777e+00
6.639151040040422913e+01 -2.009014172408132293e+00
6.649928882637891547e+01 -2.002980633982282654e+00
6.660706725235360182e+01 -1.996965215691126394e+00
6.671484567832828816e+01 -1.990967863115604697e+00
6.682262410430296029e+01 -1.984988522000093791e+00
6.693040253027764663e+01 -1.979027138251912454e+00
6.703818095625233298e+01 -1.973083657940831515e+00
6.714595938222700511e+01 -1.967158027298589129e+00
6.725373780820169145e+01 -1.961250192718400287e+00
6.736151623417637779e+01 -1.955360100754475194e+00
6.746929466015104992e+01 -1.949487698121534773e+00
6.757707308612573627e+01 -1.943632931694327493e+00
6.768485151210042261e+01 -1.937795748507149529e+00
6.779262993807509474e+01 -1.931976095753366263e+00
6.790040836404978108e+01 -1.926173920784934879e+00
6.800818679002446743e+01 -1.920389171111925419e+00
6.811596521599913956e+01 -1.914621794402048494e+00
6.822374364197382590e+01 -1.908871738480181213e+00
6.833152206794851224e+01 -1.903138951327894457e+00
6.843930049392318438e+01 -1.897423381082984140e+00
6.854707891989788493e+01 -1.891724976038998918e+00
6.865485734587255706e+01 -1.886043684644776341e+00
6.876263577184724340e+01 -1.880379455503972563e+00
6.887041419782192975e+01 -1.874732237374600707e+00
6.897819262379660188e+01 -1.869101979168563687e+00
6.908597104977128822e+01 -1.863488629951196796e+00
6.919374947574597456e+01 -1.857892138940802518e+00
6.930152790172064670e+01 -1.852312455508193345e+00
6.940930632769533304e+01 -1.846749529176233917e+00
6.951708475367001938e+01 -1.841203309619382278e+00
6.962486317964469151e+01 -1.835673746663237349e+00
6.973264160561937786e+01 -1.830160790284083738e+00
6.984042003159406420e+01 -1.824664390608438325e+00
6.994819845756873633e+01 -1.819184497912600840e+00
7.005597688354342267e+01 -1.813721062622202673e+00
7.016375530951810902e+01 -1.808274035311758343e+00
7.027153373549278115e+01 -1.802843366704220962e+00
7.037931216146746749e+01 -1.797429007670531487e+00
7.048709058744215383e+01 -1.792030909229179736e+00
7.059486901341684018e+01 -1.786649022545755860e+00
7.070264743939152652e+01 -1.781283298932515136e+00
7.081042586536619865e+01 -1.775933689847930541e+00
7.091820429134088499e+01 -1.770600146896258220e+00
7.102598271731557134e+01 -1.765282621827098275e+00
7.113376114329024347e+01 -1.759981066534957561e+00
7.124153956926492981e+01 -1.754695433058815812e+00
7.134931799523961615e+01 -1.749425673581691099e+00
7.145709642121428828e+01 -1.744171740430207507e+00
7.156487484718897463e+01 -1.738933586074162596e+00
7.167265327316366097e+01 -1.733711163126099519e+00
7.178043169913833310e+01 -1.728504424340877588e+00
7.188821012511301944e+01 -1.723313322615242837e+00
7.199598855108770579e+01 -1.718137810987404812e+00
7.210376697706237792e+01 -1.712977842636611348e+00
7.221154540303706426e+01 -1.707833370882722024e+00
7.231932382901175060e+01 -1.702704349185789834e+00
7.242710225498642274e+01 -1.697590731145636855e+00
7.253488068096110908e+01 -1.692492470501437252e+00
7.264265910693580963e+01 -1.687409521131296941e+00
7.275043753291048176e+01 -1.682341837051837263e+00
7.285821595888516811e+01 -1.677289372417777980e+00
7.296599438485985445e+01 -1.672252081521523159e+00
7.307377281083452658e+01 -1.667229918792748400e+00
7.318155123680921292e+01 -1.662222838797986935e+00
7.328932966278389927e+01 -1.657230796240220627e+00
7.339710808875857140e+01 -1.652253745958467857e+00
7.350488651473325774e+01 -1.647291642927376953e+00
7.361266494070794408e+01 -1.642344442256817860e+00
7.372044336668261622e+01 -1.637412099191476678e+00
7.382822179265730256e+01 -1.632494569110450211e+00
7.393600021863198890e+01 -1.627591807526841627e+00
7.404377864460666103e+01 -1.622703770087359665e+00
7.415155707058134738e+01 -1.617830412571916732e+00
7.425933549655603372e+01 -1.612971690893228782e+00
7.436711392253070585e+01 -1.608127561096416080e+00
7.447489234850539219e+01 -1.603297979358604408e+00
7.458267077448007853e+01 -1.598482901988532934e+00
7.469044920045476488e+01 -1.593682285426153200e+00
7.479822762642945122e+01 -1.588896086242241434e+00
7.490600605240412335e+01 -1.584124261137998868e+00
7.501378447837880969e+01 -1.579366766944664713e+00
7.512156290435349604e+01 -1.574623560623124252e+00
7.522934133032816817e+01 -1.569894599263519597e+00
7.533711975630285451e+01 -1.565179840084860885e+00
7.544489818227754085e+01 -1.560479240434639925e+00
7.555267660825221299e+01 -1.555792757788444725e+00
7.566045503422689933e+01 -1.551120349749573801e+00
7.576823346020158567e+01 -1.546461974048652932e+00
7.587601188617625780e+01 -1.541817588543252571e+00
7.598379031215094415e+01 -1.537187151217508152e+00
7.609156873812563049e+01 -1.532570620181737286e+00
7.619934716410030262e+01 -1.527967953672063617e+00
7.630712559007498896e+01 -1.523379110050036900e+00
7.641490401604967531e+01 -1.518804047802257307e+00
7.652268244202434744e+01 -1.514242725539999057e+00
7.663046086799903378e+01 -1.509695101998837163e+00
7.673823929397373433e+01 -1.505161136038273728e+00
7.684601771994840647e+01 -1.500640786641365132e+00
7.695379614592309281e+01 -1.496134012914351885e+00
7.706157457189777915e+01 -1.491640774086287369e+00
7.716935299787245128e+01 -1.487161029508670573e+00
7.727713142384713763e+01 -1.482694738655077504e+00
7.738490984982182397e+01 -1.478241861120793921e+00
7.749268827579649610e+01 -1.473802356622452070e+00
7.760046670177118244e+01 -1.469376184997662982e+00
7.770824512774586879e+01 -1.464963306204656313e+00
7.781602355372054092e+01 -1.460563680321916635e+00
7.792380197969522726e+01 -1.456177267547820176e+00
7.803158040566991360e+01 -1.451804028200279983e+00
7.813935883164458573e+01 -1.447443922716382225e+00
7.824713725761927208e+01 -1.443096911652030023e+00
7.835491568359395842e+01 -1.438762955681586853e+00
7.846269410956863055e+01 -1.434442015597519937e+00
7.857047253554331689e+01 -1.430134052310046311e+00
7.867825096151800324e+01 -1.425839026846779767e+00
7.878602938749268958e+01 -1.421556900352375363e+00
7.889380781346737592e+01 -1.417287634088182591e+00
7.900158623944204805e+01 -1.413031189431890322e+00
7.910936466541673440e+01 -1.408787527877180645e+00
7.921714309139142074e+01 -1.404556611033378921e+00
7.932492151736609287e+01 -1.400338400625106061e+00
7.943269994334077921e+01 -1.396132858491933693e+00
7.954047836931546556e+01 -1.391939946588038879e+00
7.964825679529013769e+01 -1.387759626981858840e+00
7.975603522126482403e+01 -1.383591861855748117e+00
7.986381364723951037e+01 -1.379436613505636178e+00
7.997159207321418251e+01 -1.375293844340688576e+00
8.007937049918886885e+01 -1.371163516882962785e+00
8.018714892516355519e+01 -1.367045593767072909e+00
8.029492735113822732e+01 -1.362940037739850840e+00
8.040270577711291367e+01 -1.358846811660006093e+00
8.051048420308760001e+01 -1.354765878497794951e+00
8.061826262906227214e+01 -1.350697201334681186e+00
8.072604105503695848e+01 -1.346640743363004322e+00
8.083381948101164483e+01 -1.342596467885646572e+00
8.094159790698633117e+01 -1.338564338315699320e+00
8.104937633296101751e+01 -1.334544318176133615e+00
8.115715475893568964e+01 -1.330536371099470205e+00
8.126493318491037599e+01 -1.326540460827448253e+00
8.137271161088506233e+01 -1.322556551210701592e+00
8.148049003685973446e+01 -1.318584606208427434e+00
8.158826846283442080e+01 -1.314624589888062633e+00
8.169604688880910714e+01 -1.310676466424958164e+00
8.180382531478377928e+01 -1.306740200102054938e+00
8.191160374075846562e+01 -1.302815755309560286e+00
8.201938216673315196e+01 -1.298903096544627100e+00
8.212716059270782409e+01 -1.295002188411030764e+00
8.223493901868251044e+01 -1.291112995618850956e+00
8.234271744465719678e+01 -1.287235482984150137e+00
8.245049587063186891e+01 -1.283369615428657573e+00
8.255827429660655525e+01 -1.279515357979450263e+00
8.266605272258124160e+01 -1.275672675768637854e+00
8.277383114855591373e+01 -1.271841534033046228e+00
8.288160957453061428e+01 -1.268021898113902868e+00
8.298938800050530062e+01 -1.264213733456524658e+00
8.309716642647997276e+01 -1.260417005610003915e+00
8.320494485245465910e+01 -1.256631680226897529e+00
8.331272327842934544e+01 -1.252857723062915651e+00
8.342050170440401757e+01 -1.249095099976611944e+00
8.352828013037870392e+01 -1.245343776929075608e+00
8.363605855635339026e+01 -1.241603719983622067e+00
8.374383698232806239e+01 -1.237874895305487666e+00
8.385161540830274873e+01 -1.234157269161521464e+00
8.395939383427743508e+01 -1.230450807919881928e+00
8.406717226025210721e+01 -1.226755478049731396e+00
8.417495068622679355e+01 -1.223071246120933875e+00
8.428272911220147989e+01 -1.219398078803752394e+00
8.439050753817615202e+01 -1.215735942868545916e+00
8.449828596415083837e+01 -1.212084805185470016e+00
8.460606439012552471e+01 -1.208444632724178236e+00
8.471384281610019684e+01 -1.204815392553521214e+00
8.482162124207489740e+01 -1.201197051841249586e+00
8.492939966804956953e+01 -1.197589577853718001e+00
8.503717809402425587e+01 -1.193992937955586697e+00
8.514495651999894221e+01 -1.190407099609528840e+00
8.525273494597361434e+01 -1.186832030375933655e+00
8.536051337194830069e+01 -1.183267697912615102e+00
8.546829179792298703e+01 -1.179714069974518553e+00
8.557607022389765916e+01 -1.176171114413428143e+00
8.568384864987234550e+01 -1.172638799177677882e+00
8.579162707584703185e+01 -1.169117092311859452e+00
8.589940550182170398e+01 -1.165605961956534209e+00
8.600718392779639032e+01 -1.162105376347946306e+00
8.611496235377107666e+01 -1.158615303817732478e+00
8.622274077974574880e+01 -1.155135712792637825e+00
8.633051920572043514e+01 -1.151666571794229821e+00
8.643829763169512148e+01 -1.148207849438611872e+00
8.654607605766979361e+01 -1.144759514436142211e+00
8.665385448364447996e+01 -1.141321535591148351e+00
8.676163290961916630e+01 -1.137893881801645968e+00
8.686941133559385264e+01 -1.134476522059056691e+00
8.697718976156853898e+01 -1.131069425447930765e+00
8.708496818754321112e+01 -1.127672561145662389e+00
8.719274661351789746e+01 -1.124285898422213714e+00
8.730052503949258380e+01 -1.120909406639837291e+00
8.740830346546725593e+01 -1.117543055252797846e+00
8.751608189144194228e+01 -1.114186813807096055e+00
8.762386031741662862e+01 -1.110840651940193435e+00
8.773163874339130075e+01 -1.107504539380737008e+00
8.783941716936598709e+01 -1.104178445948286180e+00
8.794719559534067344e+01 -1.100862341553039414e+00
8.805497402131534557e+01 -1.097556196195561773e+00
8.816275244729003191e+01 -1.094259979966514251e+00
8.827053087326471825e+01 -1.090973663046381326e+00
8.837830929923939038e+01 -1.087697215705204723e+00
8.848608772521407673e+01 -1.084430608302310528e+00
8.859386615118876307e+01 -1.081173811286043396e+00
8.870164457716343520e+01 -1.077926795193499210e+00
8.880942300313812154e+01 -1.074689530650256852e+00
8.891720142911282210e+01 -1.071461988370113971e+00
8.902497985508749423e+01 -1.068244139154821859e+00
8.913275828106218057e+01 -1.065035953893822107e+00
8.924053670703686691e+01 -1.061837403563979931e+00
8.934831513301153905e+01 -1.058648459229325489e+00
8.945609355898622539e+01 -1.055469092040789869e+00
8.956387198496091173e+01 -1.052299273235945520e+00
8.967165041093558386e+01 -1.049138974138744684e+00
8.977942883691027021e+01 -1.045988166159260713e+00
8.988720726288495655e+01 -1.042846820793429163e+00
8.999498568885962868e+01 -1.039714909622790229e+00
9.010276411483431502e+01 -1.036592404314232052e+00
9.021054254080900137e+01 -1.033479276619732712e+00
9.031832096678367350e+01 -1.030375498376106425e+00
9.042609939275835984e+01 -1.027281041504747972e+00
9.053387781873304618e+01 -1.024195878011379346e+00
9.064165624470771832e+01 -1.021119979985795290e+00
9.074943467068240466e+01 -1.018053319601612383e+00
9.085721309665709100e+01 -1.014995869116015248e+00
9.096499152263177734e+01 -1.011947600869507635e+00
9.107276994860646369e+01 -1.008908487285661515e+00
9.118054837458113582e+01 -1.005878500870866832e+00
9.128832680055582216e+01 -1.002857614214083481e+00
9.139610522653050850e+01 -9.998457999865935086e-01
9.150388365250518063e+01 -9.968430309417533053e-01
9.161166207847986698e+01 -9.938492799147475854e-01
9.171944050445455332e+01 -9.908645198223431372e-01
9.182721893042922545e+01 -9.878887236626445745e-01
9.193499735640391179e+01 -9.849218645148494211e-01
9.204277578237859814e+01 -9.819639155390045282e-01
9.215055420835327027e+01 -9.790148499757640455e-01
9.225833263432795661e+01 -9.760746411461462824e-01
9.236611106030264295e+01 -9.731432624512930118e-01
9.247388948627731509e+01 -9.702206873722287739e-01
9.258166791225200143e+01 -9.673068894696210673e-01
9.268944633822668777e+01 -9.644018423835400977e-01
9.279722476420135990e+01 -9.615055198332227437e-01
9.290500319017604625e+01 -9.586178956168316390e-01
9.301278161615073259e+01 -9.557389436112206926e-01
9.312056004212541893e+01 -9.528686377716980571e-01
9.322833846810010527e+01 -9.500069521317892063e-01
9.333611689407477741e+01 -9.471538608030041217e-01
9.344389532004946375e+01 -9.443093379746014815e-01
9.355167374602415009e+01 -9.414733579133562902e-01
9.365945217199882222e+01 -9.386458949633259552e-01
9.376723059797350857e+01 -9.358269235456188051e-01
9.387500902394819491e+01 -9.330164181581628302e-01
9.398278744992286704e+01 -9.302143533754752003e-01
9.409056587589755338e+01 -9.274207038484311161e-01
9.419834430187223973e+01 -9.246354443040358806e-01
9.430612272784691186e+01 -9.218585495451947498e-01
9.441390115382159820e+01 -9.190899944504870023e-01
9.452167957979628454e+01 -9.163297539739365671e-01
9.462945800577095667e+01 -9.135778031447865377e-01
9.473723643174564302e+01 -9.108341170672733522e-01
9.484501485772032936e+01 -9.080986709204013074e-01
9.495279328369500149e+01 -9.053714399577177385e-01
9.506057170966970205e+01 -9.026523995070900863e-01
9.516835013564438839e+01 -8.999415249704814102e-01
9.527612856161906052e+01 -8.972387918237286764e-01
9.538390698759374686e+01 -8.945441756163210467e-01
9.549168541356843321e+01 -8.918576519711780559e-01
9.559946383954310534e+01 -8.891791965844295653e-01
9.570724226551779168e+01 -8.865087852251953837e-01
9.581502069149247802e+01 -8.838463937353666644e-01
9.592279911746715015e+01 -8.811919980293874133e-01
9.603057754344183650e+01 -8.785455740940355529e-01
9.613835596941652284e+01 -8.759070979882072061e-01
9.624613439539119497e+01 -8.732765458426985372e-01
9.635391282136588131e+01 -8.706538938599910349e-01
9.646169124734056766e+01 -8.680391183140356848e-01
9.656946967331523979e+01 -8.654321955500386965e-01
9.667724809928992613e+01 -8.628331019842470084e-01
9.678502652526461247e+01 -8.602418141037345700e-01
9.689280495123928461e+01 -8.576583084661912881e-01
9.700058337721397095e+01 -8.550825616997093093e-01
9.710836180318865729e+01 -8.525145505025719661e-01
9.721614022916334363e+01 -8.499542516430442785e-01
9.732391865513802998e+01 -8.474016419591599014e-01
9.743169708111270211e+01 -8.448566983585147350e-01
9.753947550708738845e+01 -8.423193978180564256e-01
9.764725393306207479e+01 -8.397897173838757556e-01
9.775503235903674693e+01 -8.372676341710000303e-01
9.786281078501143327e+01 -8.347531253631854664e-01
9.797058921098611961e+01 -8.322461682127106908e-01
9.807836763696079174e+01 -8.297467400401717930e-01
9.818614606293547808e+01 -8.272548182342751577e-01
9.829392448891016443e+01 -8.247703802516355154e-01
9.840170291488483656e+01 -8.222934036165701066e-01
9.850948134085952290e+01 -8.198238659208965107e-01
9.861725976683420924e+01 -8.173617448237285865e-01
9.872503819280888138e+01 -8.149070180512756334e-01
9.883281661878356772e+01 -8.124596633966407744e-01
9.894059504475825406e+01 -8.100196587196191178e-01
9.904837347073292619e+01 -8.075869819464980282e-01
9.915615189670762675e+01 -8.051616110698577300e-01
9.926393032268229888e+01 -8.027435241483722450e-01
9.937170874865698522e+01 -8.003326993066103290e-01
9.947948717463167156e+01 -7.979291147348377411e-01
9.958726560060634370e+01 -7.955327486888197352e-01
9.969504402658103004e+01 -7.931435794896252167e-01
9.980282245255571638e+01 -7.907615855234300106e-01
9.991060087853038851e+01 -7.883867452413209076e-01
1.000183793045050749e+02 -7.860190371591018188e-01
1.001261577304797612e+02 -7.836584398570983767e-01
1.002339361564544333e+02 -7.813049319799647563e-01
1.003417145824291197e+02 -7.789584922364899411e-01
1.004494930084038060e+02 -7.766190993994059877e-01
1.005572714343784781e+02 -7.742867323051951800e-01
1.006650498603531645e+02 -7.719613698538989599e-01
1.007728282863278508e+02 -7.696429910089267468e-01
1.008806067123025230e+02 -7.673315747968662004e-01
1.009883851382772093e+02 -7.650271003072925957e-01
1.010961635642518957e+02 -7.627295466925809730e-01
1.012039419902265820e+02 -7.604388931677152907e-01
1.013117204162012683e+02 -7.581551190101037951e-01
1.014194988421759547e+02 -7.558782035593880622e-01
1.015272772681506268e+02 -7.536081262172581452e-01
1.016350556941253132e+02 -7.513448664472657246e-01
1.017428341200999995e+02 -7.490884037746381452e-01
1.018506125460746716e+02 -7.468387177860935644e-01
1.019583909720493580e+02 -7.445957881296556558e-01
1.020661693980240443e+02 -7.423595945144707553e-01
1.021739478239987164e+02 -7.401301167106223433e-01
1.022817262499734028e+02 -7.379073345489498559e-01
1.023895046759480891e+02 -7.356912279208653871e-01
1.024972831019227613e+02 -7.334817767781716125e-01
1.026050615278974476e+02 -7.312789611328812667e-01
1.027128399538721339e+02 -7.290827610570349560e-01
1.028206183798468061e+02 -7.268931566825221902e-01
1.029283968058214924e+02 -7.247101282009009715e-01
1.030361752317961788e+02 -7.225336558632188266e-01
1.031439536577708509e+02 -7.203637199798342827e-01
1.032517320837455372e+02 -7.182003009202380106e-01
1.033595105097202236e+02 -7.160433791128758552e-01
1.034672889356948957e+02 -7.138929350449719768e-01
1.035750673616695821e+02 -7.117489492623518821e-01
1.036828457876442684e+02 -7.096114023692667860e-01
1.037906242136189405e+02 -7.074802750282173092e-01
1.038984026395936269e+02 -7.053555479597797273e-01
1.040061810655683132e+02 -7.032372019424308895e-01
1.041139594915429853e+02 -7.011252178123743573e-01
1.042217379175176717e+02 -6.990195764633669873e-01
1.043295163434923722e+02 -6.969202588465459591e-01
1.044372947694670586e+02 -6.948272459702580228e-01
1.045450731954417449e+02 -6.927405188998849717e-01
1.046528516214164171e+02 -6.906600587576741113e-01
1.047606300473911034e+02 -6.885858467225671742e-01
1.048684084733657897e+02 -6.865178640300301227e-01
1.049761868993404619e+02 -6.844560919718831737e-01
1.050839653253151482e+02 -6.824005118961313787e-01
1.051917437512898346e+02 -6.803511052067967579e-01
1.052995221772645067e+02 -6.783078533637485474e-01
1.054073006032391930e+02 -6.762707378825372206e-01
1.055150790292138794e+02 -6.742397403342261786e-01
1.056228574551885515e+02 -6.722148423452249943e-01
1.057306358811632379e+02 -6.701960255971237679e-01
1.058384143071379242e+02 -6.681832718265272586e-01
1.059461927331125963e+02 -6.661765628248892401e-01
1.060539711590872827e+02 -6.641758804383479653e-01
1.061617495850619690e+02 -6.621812065675625192e-01
1.062695280110366411e+02 -6.601925231675478400e-01
1.063773064370113275e+02 -6.582098122475130708e-01
1.064850848629860138e+02 -6.562330558706974681e-01
1.065928632889606860e+02 -6.542622361542088649e-01
1.067006417149353723e+02 -6.522973352688612447e-01
1.068084201409100586e+02 -6.503383354390143145e-01
1.069161985668847308e+02 -6.483852189424118562e-01
1.070239769928594171e+02 -6.464379681100220765e-01
1.071317554188341035e+02 -6.444965653258776239e-01
1.072395338448087756e+02 -6.425609930269151615e-01
1.073473122707834619e+02 -6.406312337028187143e-01
1.074550906967581483e+02 -6.387072698958587980e-01
1.075628691227328204e+02 -6.367890842007364327e-01
1.076706475487075068e+02 -6.348766592644243811e-01
