0.000000000000000000e+00 -6.376879091113684339e+00
2.866480638593815744e+00 -6.358207376600076621e+00
5.732961277187631488e+00 -6.341171925204684534e+00
8.599441915781447676e+00 -6.324028106262530535e+00
1.146592255437526298e+01 -6.306812526745467551e+00
1.433240319296907650e+01 -6.289552009763238694e+00
1.719888383156289535e+01 -6.272265885945623509e+00
2.006536447015670888e+01 -6.254968056381785324e+00
2.293184510875052595e+01 -6.237668509881266310e+00
2.579832574734434303e+01 -6.220374431874207133e+00
2.866480638593815300e+01 -6.203091010395308302e+00
3.153128702453197363e+01 -6.185822018504624431e+00
3.439776766312579070e+01 -6.168570232577494039e+00
3.726424830171961133e+01 -6.151337730763242639e+00
4.013072894031341775e+01 -6.134126104467108931e+00
4.299720957890723838e+01 -6.116936607093442113e+00
4.586369021750105190e+01 -6.099770257835628762e+00
4.873017085609486543e+01 -6.082627913484053295e+00
5.159665149468868606e+01 -6.065510317658878492e+00
5.446313213328249958e+01 -6.048418134239764932e+00
5.732961277187630600e+01 -6.031351969836628690e+00
6.019609341047014084e+01 -6.014312388738544790e+00
6.306257404906394726e+01 -5.997299922758200452e+00
6.592905468765775368e+01 -5.980315077658529432e+00
6.879553532625158141e+01 -5.963358337322847369e+00
7.166201596484538072e+01 -5.946430166462202571e+00
7.452849660343922267e+01 -5.929531012391831446e+00
7.739497724203302198e+01 -5.912661306229904490e+00
8.026145788062683550e+01 -5.895821463746963254e+00
8.312793851922064903e+01 -5.879011886011430654e+00
8.599441915781447676e+01 -5.862232959920527620e+00
8.886089979640829029e+01 -5.845485058669336986e+00
9.172738043500210381e+01 -5.828768542187355628e+00
9.459386107359590312e+01 -5.812083757558469621e+00
9.746034171218973086e+01 -5.795431039429757902e+00
1.003268223507835444e+02 -5.778810710412026097e+00
1.031933029893773721e+02 -5.762223081470742692e+00
1.060597836279711714e+02 -5.745668452306472496e+00
1.089262642665649992e+02 -5.729147111722664221e+00
1.117927449051587985e+02 -5.712659337979512308e+00
1.146592255437526120e+02 -5.696205399133162040e+00
1.175257061823464255e+02 -5.679785553359496753e+00
1.203921868209402817e+02 -5.663400049262485858e+00
1.232586674595340668e+02 -5.647049126167953403e+00
1.261251480981278945e+02 -5.630733014402240499e+00
1.289916287367217080e+02 -5.614451935557909223e+00
1.318581093753155074e+02 -5.598206102746397406e+00
1.347245900139093351e+02 -5.581995720839076469e+00
1.375910706525031628e+02 -5.565820986696940587e+00
1.404575512910969621e+02 -5.549682089391651196e+00
1.433240319296907614e+02 -5.533579210415977556e+00
1.461905125682846176e+02 -5.517512523887496023e+00
1.490569932068784453e+02 -5.501482196743752162e+00
1.519234738454722162e+02 -5.485488388931056392e+00
1.547899544840660440e+02 -5.469531253587290642e+00
1.576564351226598717e+02 -5.453610937218267729e+00
1.605229157612536710e+02 -5.437727579869333638e+00
1.633893963998474703e+02 -5.421881315291953385e+00
1.662558770384412981e+02 -5.406072271105331062e+00
1.691223576770351258e+02 -5.390300568953996674e+00
1.719888383156289535e+02 -5.374566324661260275e+00
1.748553189542227528e+02 -5.358869648378630224e+00
1.777217995928165806e+02 -5.343210644731295922e+00
1.805882802314103799e+02 -5.327589412960390902e+00
1.834547608700042076e+02 -5.312006047061522018e+00
1.863212415085980069e+02 -5.296460635919891580e+00
1.891877221471918062e+02 -5.280953263442146550e+00
1.920542027857856340e+02 -5.265484008685261230e+00
1.949206834243794617e+02 -5.250052945981951602e+00
1.977871640629732894e+02 -5.234660145063141812e+00
2.006536447015670888e+02 -5.219305671177752792e+00
2.035201253401609165e+02 -5.203989585209059854e+00
2.063866059787547442e+02 -5.188711943788613112e+00
2.092530866173485435e+02 -5.173472799407266010e+00
2.121195672559423429e+02 -5.158272200523109419e+00
2.149860478945361706e+02 -5.143110191667500608e+00
2.178525285331299983e+02 -5.127986813547738443e+00
2.207190091717238261e+02 -5.112902103147322741e+00
2.235854898103175969e+02 -5.097856093824187695e+00
2.264519704489114531e+02 -5.082848815405776932e+00
2.293184510875052240e+02 -5.067880294282341325e+00
2.321849317260990802e+02 -5.052950553497572272e+00
2.350514123646928510e+02 -5.038059612836712553e+00
2.379178930032867072e+02 -5.023207488913272734e+00
2.407843736418805634e+02 -5.008394195252647840e+00
2.436508542804743058e+02 -4.993619742374030501e+00
2.465173349190681336e+02 -4.978884137870333682e+00
2.493838155576619329e+02 -4.964187386485821918e+00
2.522502961962557890e+02 -4.949529490192118075e+00
2.551167768348495883e+02 -4.934910448261975446e+00
2.579832574734434161e+02 -4.920330257341285041e+00
2.608497381120372438e+02 -4.905788911519232798e+00
2.637162187506310147e+02 -4.891286402396901600e+00
2.665826993892248424e+02 -4.876822719153764751e+00
2.694491800278186702e+02 -4.862397848612909357e+00
2.723156606664124979e+02 -4.848011775304080118e+00
2.751821413050063256e+02 -4.833664481525812739e+00
2.780486219436001534e+02 -4.819355947405378870e+00
2.809151025821939243e+02 -4.805086150957569302e+00
2.837815832207877520e+02 -4.790855068141995687e+00
2.866480638593815229e+02 -4.776662672918772223e+00
2.895145444979753506e+02 -4.762508937302893486e+00
2.923810251365692352e+02 -4.748393831417311084e+00
2.952475057751630061e+02 -4.734317323544771305e+00
2.981139864137568907e+02 -4.720279380177825779e+00
3.009804670523506047e+02 -4.706279966068433573e+00
3.038469476909444325e+02 -4.692319044275612860e+00
3.067134283295382602e+02 -4.678396576212203506e+00
3.095799089681320879e+02 -4.664512521690648228e+00
3.124463896067259157e+02 -4.650666838967121741e+00
3.153128702453197434e+02 -4.636859484785122554e+00
3.181793508839135711e+02 -4.623090414417581506e+00
3.210458315225073420e+02 -4.609359581708214471e+00
3.239123121611011697e+02 -4.595666939111727523e+00
3.267787927996949406e+02 -4.582012437732922550e+00
3.296452734382888252e+02 -4.568396027365022150e+00
3.325117540768825961e+02 -4.554817656527029079e+00
3.353782347154764238e+02 -4.541277272500034989e+00
3.382447153540702516e+02 -4.527774821362834601e+00
3.411111959926640225e+02 -4.514310248026366601e+00
3.439776766312579070e+02 -4.500883496267721995e+00
3.468441572698516779e+02 -4.487494508762959633e+00
3.497106379084455057e+02 -4.474143227119445676e+00
3.525771185470393334e+02 -4.460829591906930958e+00
3.554435991856331611e+02 -4.447553542688437389e+00
3.583100798242269889e+02 -4.434315018049958645e+00
3.611765604628207598e+02 -4.421113955629651926e+00
3.640430411014145307e+02 -4.407950292146381344e+00
3.669095217400084152e+02 -4.394823963427077373e+00
3.697760023786022430e+02 -4.381734904434431144e+00
3.726424830171960139e+02 -4.368683049292649834e+00
3.755089636557898984e+02 -4.355668331313678365e+00
3.783754442943836125e+02 -4.342690683022088827e+00
3.812419249329774971e+02 -4.329750036179795813e+00
3.841084055715712680e+02 -4.316846321809991061e+00
3.869748862101650957e+02 -4.303979470220285819e+00
3.898413668487589234e+02 -4.291149411025831029e+00
3.927078474873527512e+02 -4.278356073171411644e+00
3.955743281259465789e+02 -4.265599384953143947e+00
3.984408087645403498e+02 -4.252879274039733204e+00
4.013072894031341775e+02 -4.240195667493090070e+00
4.041737700417280053e+02 -4.227548491788657437e+00
4.070402506803218330e+02 -4.214937672834946802e+00
4.099067313189156039e+02 -4.202363135992952969e+00
4.127732119575094885e+02 -4.189824806094613052e+00
4.156396925961032593e+02 -4.177322607461645632e+00
4.185061732346970871e+02 -4.164856463922828489e+00
4.213726538732909148e+02 -4.152426298831839446e+00
4.242391345118846857e+02 -4.140032035084213469e+00
4.271056151504785703e+02 -4.127673595133915185e+00
4.299720957890723412e+02 -4.115350901009421136e+00
4.328385764276661689e+02 -4.103063874329997418e+00
4.357050570662599966e+02 -4.090812436320636181e+00
4.385715377048537675e+02 -4.078596507827486839e+00
4.414380183434476521e+02 -4.066416009332384007e+00
4.443044989820413662e+02 -4.054270860967349677e+00
4.471709796206351939e+02 -4.042160982528565150e+00
4.500374602592290785e+02 -4.030086293490012572e+00
4.529039408978229062e+02 -4.018046713016948601e+00
4.557704215364166771e+02 -4.006042159978739470e+00
4.586369021750104480e+02 -3.994072552961928313e+00
4.615033828136042757e+02 -3.982137810282328161e+00
4.643698634521981603e+02 -3.970237849997256596e+00
4.672363440907919880e+02 -3.958372589917448447e+00
4.701028247293857021e+02 -3.946541947618487978e+00
4.729693053679795867e+02 -3.934745840452178012e+00
4.758357860065734144e+02 -3.922984185557474746e+00
4.787022666451672421e+02 -3.911256899871218273e+00
4.815687472837611267e+02 -3.899563900138639294e+00
4.844352279223548408e+02 -3.887905102923625567e+00
4.873017085609486116e+02 -3.876280424618598452e+00
4.901681891995424394e+02 -3.864689781454332174e+00
4.930346698381362671e+02 -3.853133089509387599e+00
4.959011504767300380e+02 -3.841610264719522938e+00
4.987676311153238657e+02 -3.830121222886518240e+00
5.016341117539177503e+02 -3.818665879687229925e+00
5.045005923925115781e+02 -3.807244150682044470e+00
5.073670730311054058e+02 -3.795855951323443556e+00
5.102335536696991767e+02 -3.784501196964008773e+00
5.131000343082930613e+02 -3.773179802864583099e+00
5.159665149468868321e+02 -3.761891684202031794e+00
5.188329955854807167e+02 -3.750636756076842104e+00
5.216994762240744876e+02 -3.739414933520604833e+00
5.245659568626681448e+02 -3.728226131503193930e+00
5.274324375012620294e+02 -3.717070264939921653e+00
5.302989181398559140e+02 -3.705947248698327368e+00
5.331653987784496849e+02 -3.694856997605074245e+00
5.360318794170434558e+02 -3.683799426452341041e+00
5.388983600556373403e+02 -3.672774450004351543e+00
5.417648406942311112e+02 -3.661781983003590035e+00
5.446313213328249958e+02 -3.650821940176830704e+00
5.474978019714187667e+02 -3.639894236241163927e+00
5.503642826100126513e+02 -3.628998785909733460e+00
5.532307632486064222e+02 -3.618135503897453642e+00
5.560972438872003067e+02 -3.607304304926418848e+00
5.589637245257941913e+02 -3.596505103731414188e+00
5.618302051643878485e+02 -3.585737815064929723e+00
5.646966858029816194e+02 -3.575002353702565028e+00
5.675631664415755040e+02 -3.564298634447759628e+00
5.704296470801692749e+02 -3.553626572136776574e+00
5.732961277187630458e+02 -3.542986081643368035e+00
5.761626083573569304e+02 -3.532377077883435579e+00
5.790290889959507012e+02 -3.521799475819490599e+00
5.818955696345445858e+02 -3.511253190465066343e+00
5.847620502731384704e+02 -3.500738136888945640e+00
5.876285309117322413e+02 -3.490254230219299814e+00
5.904950115503260122e+02 -3.479801385647872003e+00
5.933614921889198968e+02 -3.469379518433776344e+00
5.962279728275137813e+02 -3.458988543907414837e+00
5.990944534661074385e+02 -3.448628377474161955e+00
6.019609341047012094e+02 -3.438298934618131852e+00
6.048274147432950940e+02 -3.428000130905617837e+00
6.076938953818888649e+02 -3.417731881988609555e+00
6.105603760204827495e+02 -3.407494103608145863e+00
6.134268566590765204e+02 -3.397286711597600206e+00
6.162933372976702913e+02 -3.387109621885845190e+00
6.191598179362641758e+02 -3.376962750500422494e+00
6.220262985748580604e+02 -3.366846013570508500e+00
6.248927792134518313e+02 -3.356759327329911446e+00
6.277592598520456022e+02 -3.346702608119898947e+00
6.306257404906394868e+02 -3.336675772391930472e+00
6.334922211292332577e+02 -3.326678736710551032e+00
6.363587017678271422e+02 -3.316711417755832336e+00
6.392251824064209131e+02 -3.306773732326067083e+00
6.420916630450146840e+02 -3.296865597340143950e+00
6.449581436836084549e+02 -3.286986929840108651e+00
6.478246243222023395e+02 -3.277137646993448783e+00
6.506911049607961104e+02 -3.267317666095369333e+00
6.535575855993898813e+02 -3.257526904571045989e+00
6.564240662379837659e+02 -3.247765279977836261e+00
6.592905468765776504e+02 -3.238032710007250348e+00
6.621570275151714213e+02 -3.228329112487153818e+00
6.650235081537651922e+02 -3.218654405383635453e+00
6.678899887923590768e+02 -3.209008506802990546e+00
6.707564694309528477e+02 -3.199391334993518132e+00
6.736229500695467323e+02 -3.189802808347434127e+00
6.764894307081405032e+02 -3.180242845402585505e+00
6.793559113467342740e+02 -3.170711364844143620e+00
6.822223919853280449e+02 -3.161208285506262428e+00
6.850888726239219295e+02 -3.151733526373706518e+00
6.879553532625158141e+02 -3.142287006583381004e+00
6.908218339011094713e+02 -3.132868645425907594e+00
6.936883145397033559e+02 -3.123478362346922221e+00
6.965547951782972405e+02 -3.114116076948724832e+00
6.994212758168910113e+02 -3.104781708991476652e+00
7.022877564554847822e+02 -3.095475178394560434e+00
7.051542370940786668e+02 -3.086196405237895846e+00
7.080207177326724377e+02 -3.076945309763168712e+00
7.108871983712663223e+02 -3.067721812375035828e+00
7.137536790098602069e+02 -3.058525833642295133e+00
7.166201596484539778e+02 -3.049357294298976839e+00
7.194866402870476350e+02 -3.040216115245451434e+00
7.223531209256415195e+02 -3.031102217549466182e+00
7.252196015642354041e+02 -3.022015522447190072e+00
7.280860822028290613e+02 -3.012955951344109540e+00
7.309525628414229459e+02 -3.003923425816076964e+00
7.338190434800168305e+02 -2.994917867610141560e+00
7.366855241186106014e+02 -2.985939198645353621e+00
7.395520047572044859e+02 -2.976987341013852539e+00
7.424184853957982568e+02 -2.968062216981407264e+00
7.452849660343920277e+02 -2.959163748988284492e+00
7.481514466729859123e+02 -2.950291859650067572e+00
7.510179273115797969e+02 -2.941446471758272896e+00
7.538844079501735678e+02 -2.932627508281112849e+00
7.567508885887672250e+02 -2.923834892364169935e+00
7.596173692273611096e+02 -2.915068547330842197e+00
7.624838498659549941e+02 -2.906328396683229176e+00
7.653503305045487650e+02 -2.897614364102498286e+00
7.682168111431425359e+02 -2.888926373449560714e+00
7.710832917817364205e+02 -2.880264348765527060e+00
7.739497724203301914e+02 -2.871628214272254453e+00
7.768162530589240760e+02 -2.863017894372764882e+00
7.796827336975178468e+02 -2.854433313651785653e+00
7.825492143361116177e+02 -2.845874396876108214e+00
7.854156949747055023e+02 -2.837341068995091309e+00
7.882821756132993869e+02 -2.828833255140871916e+00
7.911486562518931578e+02 -2.820350880629026058e+00
7.940151368904869287e+02 -2.811893870958561692e+00
7.968816175290806996e+02 -2.803462151812559977e+00
7.997480981676745841e+02 -2.795055649058259206e+00
8.026145788062683550e+02 -2.786674288747482020e+00
8.054810594448621259e+02 -2.778317997116808158e+00
8.083475400834560105e+02 -2.769986700587885320e+00
8.112140207220497814e+02 -2.761680325767646327e+00
8.140805013606436660e+02 -2.753398799448517398e+00
8.169469819992375506e+02 -2.745142048608580687e+00
8.198134626378312078e+02 -2.736910000411840294e+00
8.226799432764250923e+02 -2.728702582208291538e+00
8.255464239150189769e+02 -2.720519721534154556e+00
8.284129045536127478e+02 -2.712361346111862748e+00
8.312793851922065187e+02 -2.704227383850394517e+00
8.341458658308002896e+02 -2.696117762845186672e+00
8.370123464693941742e+02 -2.688032411378329378e+00
8.398788271079879451e+02 -2.679971257918552396e+00
8.427453077465818296e+02 -2.671934231121372516e+00
8.456117883851756005e+02 -2.663921259829087784e+00
8.484782690237693714e+02 -2.655932273070791272e+00
8.513447496623632560e+02 -2.647967200062451454e+00
8.542112303009571406e+02 -2.640025970206891781e+00
8.570777109395507978e+02 -2.632108513093744939e+00
8.599441915781446824e+02 -2.624214758499469724e+00
8.628106722167385669e+02 -2.616344636387368361e+00
8.656771528553323378e+02 -2.608498076907406205e+00
8.685436334939261087e+02 -2.600675010396353848e+00
8.714101141325199933e+02 -2.592875367377571294e+00
8.742765947711137642e+02 -2.585099078560947117e+00
8.771430754097075351e+02 -2.577346074842914891e+00
8.800095560483014197e+02 -2.569616287306270674e+00
8.828760366868953042e+02 -2.561909647220064645e+00
8.857425173254890751e+02 -2.554226086039583343e+00
8.886089979640827323e+02 -2.546565535406091652e+00
8.914754786026766169e+02 -2.538927927146826580e+00
8.943419592412703878e+02 -2.531313193274777440e+00
8.972084398798642724e+02 -2.523721265988553952e+00
9.000749205184581569e+02 -2.516152077672223708e+00
9.029414011570519278e+02 -2.508605560895197595e+00
9.058078817956458124e+02 -2.501081648412022407e+00
9.086743624342396970e+02 -2.493580273162139260e+00
9.115408430728333542e+02 -2.486101368269786782e+00
9.144073237114270114e+02 -2.478644867043772848e+00
9.172738043500208960e+02 -2.471210702977258755e+00
9.201402849886147806e+02 -2.463798809747532736e+00
9.230067656272085515e+02 -2.456409121215861635e+00
9.258732462658024360e+02 -2.449041571427177377e+00
9.287397269043963206e+02 -2.441696094609915324e+00
9.316062075429900915e+02 -2.434372625175780680e+00
9.344726881815839761e+02 -2.427071097719381232e+00
9.373391688201778607e+02 -2.419791447018210029e+00
9.402056494587714042e+02 -2.412533608032166210e+00
9.430721300973652887e+02 -2.405297515903405792e+00
9.459386107359591733e+02 -2.398083105956045014e+00
9.488050913745529442e+02 -2.390890313695961833e+00
9.516715720131468288e+02 -2.383719074810383809e+00
9.545380526517407134e+02 -2.376569325167708691e+00
9.574045332903344843e+02 -2.369441000817224641e+00
9.602710139289283688e+02 -2.362334037988746527e+00
9.631374945675222534e+02 -2.355248373092351244e+00
9.660039752061159106e+02 -2.348183942718162331e+00
9.688704558447096815e+02 -2.341140683635877018e+00
9.717369364833033387e+02 -2.334118532794665413e+00
9.746034171218972233e+02 -2.327117427322617615e+00
9.774698977604909942e+02 -2.320137304526645128e+00
9.803363783990848788e+02 -2.313178101892058081e+00
9.832028590376787633e+02 -2.306239757082227282e+00
9.860693396762725342e+02 -2.299322207938305329e+00
9.889358203148664188e+02 -2.292425392478879775e+00
9.918023009534600760e+02 -2.285549248899638286e+00
9.946687815920539606e+02 -2.278693715572992051e+00
9.975352622306477315e+02 -2.271858731047786684e+00
1.000401742869241616e+03 -2.265044234048974925e+00
1.003268223507835501e+03 -2.258250163477162786e+00
1.006134704146429272e+03 -2.251476458408401271e+00
1.009001184785023156e+03 -2.244723058093757828e+00
1.011867665423617041e+03 -2.237989901958923777e+00
1.014734146062210812e+03 -2.231276929603907000e+00
1.017600626700804469e+03 -2.224584080802745500e+00
1.020467107339398353e+03 -2.217911295502928315e+00
1.023333587977992124e+03 -2.211258513825303140e+00
1.026200068616586123e+03 -2.204625676063460826e+00
1.029066549255179780e+03 -2.198012722683527542e+00
1.031933029893773664e+03 -2.191419594323744224e+00
1.034799510532367549e+03 -2.184846231794058902e+00
1.037665991170961433e+03 -2.178292576075837150e+00
1.040532471809555318e+03 -2.171758568321342953e+00
1.043398952448148975e+03 -2.165244149853538413e+00
1.046265433086742632e+03 -2.158749262165501559e+00
1.049131913725336290e+03 -2.152273846920241596e+00
1.051998394363930174e+03 -2.145817845950142466e+00
1.054864875002524059e+03 -2.139381201256736365e+00
1.057731355641117943e+03 -2.132963855010173493e+00
1.060597836279711828e+03 -2.126565749548909423e+00
1.063464316918305713e+03 -2.120186827379320071e+00
1.066330797556899370e+03 -2.113827031175222082e+00
1.069197278195493027e+03 -2.107486303777621472e+00
1.072063758834086912e+03 -2.101164588194194938e+00
1.074930239472680796e+03 -2.094861827598972770e+00
1.077796720111274681e+03 -2.088577965331880115e+00
1.080663200749868565e+03 -2.082312944898369711e+00
1.083529681388462222e+03 -2.076066709969053292e+00
1.086396162027056107e+03 -2.069839204379238407e+00
1.089262642665649992e+03 -2.063630372128575363e+00
1.092129123304243876e+03 -2.057440157380643342e+00
1.094995603942837533e+03 -2.051268504462541831e+00
1.097862084581431418e+03 -2.045115357864474070e+00
1.100728565220025303e+03 -2.038980662239399333e+00
1.103595045858618960e+03 -2.032864362402538649e+00
1.106461526497212844e+03 -2.026766403331077271e+00
1.109328007135806729e+03 -2.020686730163636646e+00
1.112194487774400613e+03 -2.014625288199987541e+00
1.115060968412994498e+03 -2.008582022900568198e+00
1.117927449051588383e+03 -2.002556879886096652e+00
1.120793929690181812e+03 -1.996549804937156392e+00
1.123660410328775697e+03 -1.990560743993836201e+00
1.126526890967369354e+03 -1.984589643155214578e+00
1.129393371605963239e+03 -1.978636448679087279e+00
1.132259852244557123e+03 -1.972701106981439523e+00
1.135126332883151008e+03 -1.966783564636118253e+00
1.137992813521744893e+03 -1.960883768374370950e+00
1.140859294160338550e+03 -1.955001665084471707e+00
1.143725774798932434e+03 -1.949137201811300013e+00
1.146592255437526092e+03 -1.943290325755911541e+00
1.149458736076119976e+03 -1.937460984275145792e+00
1.152325216714713861e+03 -1.931649124881221313e+00
1.155191697353307745e+03 -1.925854695241322467e+00
1.158058177991901402e+03 -1.920077643177178883e+00
1.160924658630495287e+03 -1.914317916664662000e+00
1.163791139269089172e+03 -1.908575463833378727e+00
1.166657619907683056e+03 -1.902850232966271538e+00
1.169524100546276941e+03 -1.897142172499173718e+00
1.172390581184870598e+03 -1.891451231020422785e+00
1.175257061823464483e+03 -1.885777357270461918e+00
1.178123542462058140e+03 -1.880120500141416073e+00
1.180990023100652024e+03 -1.874480608676689641e+00
1.183856503739245909e+03 -1.868857632070541896e+00
1.186722984377839794e+03 -1.863251519667702416e+00
1.189589465016433678e+03 -1.857662220962934541e+00
1.192455945655027563e+03 -1.852089685600671221e+00
1.195322426293621220e+03 -1.846533863374543394e+00
1.198188906932214877e+03 -1.840994704227034928e+00
1.201055387570808762e+03 -1.835472158249032537e+00
1.203921868209402419e+03 -1.829966175679453411e+00
1.206788348847996303e+03 -1.824476706904795797e+00
1.209654829486590188e+03 -1.819003702458781735e+00
1.212521310125184073e+03 -1.813547113021908963e+00
1.215387790763777730e+03 -1.808106889421088326e+00
1.218254271402371614e+03 -1.802682982629178365e+00
1.221120752040965499e+03 -1.797275343764656697e+00
1.223987232679559156e+03 -1.791883924091151492e+00
1.226853713318153041e+03 -1.786508675017071335e+00
1.229720193956746925e+03 -1.781149548095194435e+00
1.232586674595340583e+03 -1.775806495022284714e+00
1.235453155233934467e+03 -1.770479467638637505e+00
1.238319635872528352e+03 -1.765168417927714062e+00
1.241186116511122236e+03 -1.759873298015784293e+00
1.244052597149716121e+03 -1.754594060171458025e+00
1.246919077788310005e+03 -1.749330656805277551e+00
1.249785558426903663e+03 -1.744083040469415868e+00
1.252652039065497320e+03 -1.738851163857146664e+00
1.255518519704091204e+03 -1.733634979802549214e+00
1.258385000342685089e+03 -1.728434441280070510e+00
1.261251480981278974e+03 -1.723249501404144235e+00
1.264117961619872858e+03 -1.718080113428767985e+00
1.266984442258466515e+03 -1.712926230747106038e+00
1.269850922897060400e+03 -1.707787806891159388e+00
1.272717403535654284e+03 -1.702664795531297015e+00
1.275583884174247942e+03 -1.697557150475893728e+00
1.278450364812841826e+03 -1.692464825670939810e+00
1.281316845451435483e+03 -1.687387775199641116e+00
1.284183326090029368e+03 -1.682325953282037823e+00
1.287049806728623025e+03 -1.677279314274611854e+00
1.289916287367216910e+03 -1.672247812669866329e+00
1.292782768005810794e+03 -1.667231403095997821e+00
1.295649248644404679e+03 -1.662230040316458268e+00
1.298515729282998564e+03 -1.657243679229577937e+00
1.301382209921592221e+03 -1.652272274868222812e+00
1.304248690560186105e+03 -1.647315782399303208e+00
1.307115171198779763e+03 -1.642374157123519307e+00
1.309981651837373647e+03 -1.637447354474889982e+00
1.312848132475967532e+03 -1.632535330020371989e+00
1.315714613114561416e+03 -1.627638039459525565e+00
1.318581093753155301e+03 -1.622755438624114088e+00
1.321447574391749185e+03 -1.617887483477677080e+00
1.324314055030342843e+03 -1.613034130115228892e+00
1.327180535668936500e+03 -1.608195334762793527e+00
1.330047016307530384e+03 -1.603371053777093769e+00
1.332913496946124269e+03 -1.598561243645163277e+00
1.335779977584718154e+03 -1.593765860983928473e+00
1.338646458223312038e+03 -1.588984862539872589e+00
1.341512938861905695e+03 -1.584218205188652195e+00
1.344379419500499580e+03 -1.579465845934696189e+00
1.347245900139093465e+03 -1.574727741910867396e+00
1.350112380777687349e+03 -1.570003850378083099e+00
1.352978861416281006e+03 -1.565294128724932898e+00
1.355845342054874891e+03 -1.560598534467277032e+00
1.358711822693468548e+03 -1.555917025247950614e+00
1.361578303332062205e+03 -1.551249558836357956e+00
1.364444783970656090e+03 -1.546596093128052241e+00
1.367311264609249974e+03 -1.541956586144439756e+00
1.370177745247843859e+03 -1.537330996032392427e+00
1.373044225886437744e+03 -1.532719281063879668e+00
1.375910706525031628e+03 -1.528121399635583577e+00
1.378777187163625285e+03 -1.523537310268559652e+00
1.381643667802218943e+03 -1.518966971607870642e+00
1.384510148440812827e+03 -1.514410342422202405e+00
1.387376629079406712e+03 -1.509867381603537284e+00
1.390243109718000596e+03 -1.505338048166757536e+00
1.393109590356594481e+03 -1.500822301249310264e+00
1.395976070995188365e+03 -1.496320100110846152e+00
1.398842551633782023e+03 -1.491831404132830663e+00
1.401709032272375907e+03 -1.487356172818251165e+00
1.404575512910969564e+03 -1.482894365791190827e+00
1.407441993549563449e+03 -1.478445942796508650e+00
1.410308474188157334e+03 -1.474010863699475760e+00
1.413174954826751218e+03 -1.469589088485450112e+00
1.416041435465344875e+03 -1.465180577259459715e+00
1.418907916103938760e+03 -1.460785290245934176e+00
1.421774396742532645e+03 -1.456403187788269937e+00
1.424640877381126529e+03 -1.452034230348524746e+00
1.427507358019720414e+03 -1.447678378507117669e+00
1.430373838658314071e+03 -1.443335592962348812e+00
1.433240319296907956e+03 -1.439005834530182382e+00
1.436106799935501385e+03 -1.434689064143825687e+00
1.438973280574095270e+03 -1.430385242853394523e+00
1.441839761212689154e+03 -1.426094331825620065e+00
1.444706241851283039e+03 -1.421816292343443644e+00
1.447572722489876924e+03 -1.417551085805668354e+00
1.450439203128470808e+03 -1.413298673726679056e+00
1.453305683767064465e+03 -1.409059017736055797e+00
1.456172164405658123e+03 -1.404832079578242077e+00
1.459038645044252007e+03 -1.400617821112194905e+00
1.461905125682845892e+03 -1.396416204311077047e+00
1.464771606321439776e+03 -1.392227191261889097e+00
1.467638086960033661e+03 -1.388050744165155281e+00
1.470504567598627546e+03 -1.383886825334565751e+00
1.473371048237221203e+03 -1.379735397196655056e+00
1.476237528875815087e+03 -1.375596422290476184e+00
1.479104009514408972e+03 -1.371469863267245737e+00
1.481970490153002629e+03 -1.367355682890034396e+00
1.484836970791596514e+03 -1.363253844033417428e+00
1.487703451430190398e+03 -1.359164309683164928e+00
1.490569932068784055e+03 -1.355087042935872788e+00
1.493436412707377940e+03 -1.351022006998688463e+00
1.496302893345971825e+03 -1.346969165188954598e+00
1.499169373984565709e+03 -1.342928480933849755e+00
1.502035854623159594e+03 -1.338899917770155712e+00
1.504902335261753478e+03 -1.334883439343816480e+00
1.507768815900347136e+03 -1.330879009409708935e+00
1.510635296538940793e+03 -1.326886591831252016e+00
1.513501777177534450e+03 -1.322906150580148044e+00
1.516368257816128335e+03 -1.318937649736005246e+00
1.519234738454722219e+03 -1.314981053486043550e+00
1.522101219093316104e+03 -1.311036326124774165e+00
1.524967699731909988e+03 -1.307103432053673187e+00
1.527834180370503645e+03 -1.303182335780880718e+00
1.530700661009097530e+03 -1.299273001920859594e+00
1.533567141647691187e+03 -1.295375395194093171e+00
1.536433622286285072e+03 -1.291489480426780245e+00
1.539300102924878956e+03 -1.287615222550495542e+00
1.542166583563472841e+03 -1.283752586601891954e+00
1.545033064202066726e+03 -1.279901537722400784e+00
1.547899544840660383e+03 -1.276062041157878246e+00
1.550766025479254267e+03 -1.272234062258357890e+00
1.553632506117848152e+03 -1.268417566477680891e+00
1.556498986756442036e+03 -1.264612519373203403e+00
1.559365467395035694e+03 -1.260818886605513889e+00
1.562231948033629578e+03 -1.257036633938104497e+00
1.565098428672223235e+03 -1.253265727237059979e+00
1.567964909310817120e+03 -1.249506132470779685e+00
1.570831389949411005e+03 -1.245757815709620075e+00
1.573697870588004889e+03 -1.242020743125666682e+00
1.576564351226598774e+03 -1.238294880992344194e+00
1.579430831865192658e+03 -1.234580195684197523e+00
1.582297312503786316e+03 -1.230876653676530763e+00
1.585163793142379973e+03 -1.227184221545139620e+00
1.588030273780973857e+03 -1.223502865965980790e+00
1.590896754419567515e+03 -1.219832553714927714e+00
1.593763235058161399e+03 -1.216173251667401756e+00
1.596629715696755284e+03 -1.212524926798132618e+00
1.599496196335349168e+03 -1.208887546180843486e+00
1.602362676973942825e+03 -1.205261076987937052e+00
1.605229157612536710e+03 -1.201645486490231285e+00
1.608095638251130595e+03 -1.198040742056646568e+00
1.610962118889724252e+03 -1.194446811153931698e+00
1.613828599528318136e+03 -1.190863661346336588e+00
1.616695080166912021e+03 -1.187291260295363582e+00
1.619561560805505906e+03 -1.183729575759441488e+00
1.622428041444099563e+03 -1.180178575593680224e+00
1.625294522082693447e+03 -1.176638227749509547e+00
1.628161002721287332e+03 -1.173108500274475663e+00
1.631027483359881217e+03 -1.169589361311910158e+00
1.633893963998475101e+03 -1.166080779100624243e+00
1.636760444637068758e+03 -1.162582721974677824e+00
1.639626925275662416e+03 -1.159095158363041111e+00
1.642493405914256300e+03 -1.155618056789357029e+00
1.645359886552850185e+03 -1.152151385871621914e+00
1.648226367191444069e+03 -1.148695114321918398e+00
1.651092847830037954e+03 -1.145249210946152063e+00
1.653959328468631838e+03 -1.141813644643725034e+00
1.656825809107225496e+03 -1.138388384407322818e+00
1.659692289745819380e+03 -1.134973399322558141e+00
1.662558770384413037e+03 -1.131568658567765784e+00
1.665425251023006922e+03 -1.128174131413674841e+00
1.668291731661600579e+03 -1.124789787223161142e+00
1.671158212300194464e+03 -1.121415595450949043e+00
1.674024692938788348e+03 -1.118051525643363409e+00
1.676891173577382006e+03 -1.114697547438032732e+00
1.679757654215975890e+03 -1.111353630563631123e+00
1.682624134854569775e+03 -1.108019744839590315e+00
1.685490615493163659e+03 -1.104695860175854527e+00
1.688357096131757316e+03 -1.101381946572574044e+00
1.691223576770351201e+03 -1.098077974119874733e+00
1.694090057408944858e+03 -1.094783912997550512e+00
1.696956538047538743e+03 -1.091499733474823763e+00
1.699823018686132627e+03 -1.088225405910072219e+00
1.702689499324726512e+03 -1.084960900750550294e+00
1.705555979963320397e+03 -1.081706188532135293e+00
1.708422460601914281e+03 -1.078461239879050737e+00
1.711288941240507938e+03 -1.075226025503626115e+00
1.714155421879101596e+03 -1.072000516205995346e+00
1.717021902517695480e+03 -1.068784682873863856e+00
1.719888383156289365e+03 -1.065578496482256554e+00
1.722754863794883249e+03 -1.062381928093203198e+00
1.725621344433477134e+03 -1.059194948855547214e+00
1.728487825072071018e+03 -1.056017530004615512e+00
1.731354305710664676e+03 -1.052849642862031088e+00
1.734220786349258560e+03 -1.049691258835405039e+00
1.737087266987852217e+03 -1.046542349418094320e+00
1.739953747626446329e+03 -1.043402886188938838e+00
1.742820228265039987e+03 -1.040272840812008548e+00
1.745686708903633871e+03 -1.037152185036371632e+00
1.748553189542227528e+03 -1.034040890695803849e+00
1.751419670180820958e+03 -1.030938929708552498e+00
1.754286150819415070e+03 -1.027846274077083732e+00
1.757152631458008727e+03 -1.024762895887824321e+00
1.760019112096602839e+03 -1.021688767310920065e+00
1.762885592735196497e+03 -1.018623860599971342e+00
1.765752073373790608e+03 -1.015568148091800627e+00
1.768618554012384038e+03 -1.012521602206195137e+00
1.771485034650978150e+03 -1.009484195445650156e+00
1.774351515289571807e+03 -1.006455900395131664e+00
1.777217995928165465e+03 -1.003436689721815434e+00
1.780084476566759577e+03 -1.000426536174875647e+00
1.782950957205353234e+03 -9.974254125851959030e-01
1.785817437843947118e+03 -9.944332918651537234e-01
1.788683918482540776e+03 -9.914501470083596502e-01
1.791550399121134888e+03 -9.884759510894228773e-01
1.794416879759728545e+03 -9.855106772637103330e-01
1.797283360398322657e+03 -9.825542987671037620e-01
1.800149841036916314e+03 -9.796067889157502595e-01
1.803016321675509971e+03 -9.766681211058254597e-01
1.805882802314103856e+03 -9.737382688133031650e-01
1.808749282952697513e+03 -9.708172055937120959e-01
1.811615763591291625e+03 -9.679049050818793187e-01
1.814482244229885282e+03 -9.650013409917274076e-01
1.817348724868479394e+03 -9.621064871160044385e-01
1.820215205507073051e+03 -9.592203173260672733e-01
1.823081686145666708e+03 -9.563428055716379772e-01
1.825948166784260366e+03 -9.534739258805727813e-01
1.828814647422854023e+03 -9.506136523586284914e-01
1.831681128061448135e+03 -9.477619591892277873e-01
1.834547608700041792e+03 -9.449188206332200801e-01
1.837414089338635904e+03 -9.420842110286657967e-01
1.840280569977229561e+03 -9.392581047905829150e-01
1.843147050615823446e+03 -9.364404764107318035e-01
1.846013531254417103e+03 -9.336313004573937313e-01
1.848880011893011215e+03 -9.308305515751075232e-01
1.851746492531604872e+03 -9.280382044844858180e-01
1.854612973170198529e+03 -9.252542339819486150e-01
1.857479453808792641e+03 -9.224786149395155510e-01
1.860345934447386298e+03 -9.197113223045789709e-01
1.863212415085980183e+03 -9.169523310996747778e-01
1.866078895724573613e+03 -9.142016164222516172e-01
1.868945376363167952e+03 -9.114591534444588250e-01
1.871811857001761382e+03 -9.087249174129098384e-01
1.874678337640355721e+03 -9.059988836484684782e-01
1.877544818278949151e+03 -9.032810275460247951e-01
1.880411298917542808e+03 -9.005713245742615891e-01
1.883277779556136693e+03 -8.978697502754559023e-01
1.886144260194730577e+03 -8.951762802652334372e-01
1.889010740833324462e+03 -8.924908902323700488e-01
1.891877221471918347e+03 -8.898135559385600413e-01
1.894743702110512231e+03 -8.871442532181966767e-01
1.897610182749105888e+03 -8.844829579781595674e-01
1.900476663387699773e+03 -8.818296461976071754e-01
1.903343144026293658e+03 -8.791842939277315638e-01
1.906209624664887087e+03 -8.765468772915734341e-01
1.909076105303481427e+03 -8.739173724837820956e-01
1.911942585942074857e+03 -8.712957557704259504e-01
1.914809066580668969e+03 -8.686820034887514641e-01
1.917675547219262398e+03 -8.660760920469915414e-01
1.920542027857856738e+03 -8.634779979241389292e-01
1.923408508496450168e+03 -8.608876976697393824e-01
1.926274989135044507e+03 -8.583051679036846071e-01
1.929141469773637937e+03 -8.557303853159933249e-01
1.932007950412231821e+03 -8.531633266665989979e-01
1.934874431050825478e+03 -8.506039687851582043e-01
1.937740911689419363e+03 -8.480522885708204894e-01
1.940607392328013248e+03 -8.455082629920289694e-01
1.943473872966606677e+03 -8.429718690863140518e-01
1.946340353605201017e+03 -8.404430839600827152e-01
1.949206834243794447e+03 -8.379218847884165600e-01
1.952073314882388559e+03 -8.354082488148640850e-01
1.954939795520981988e+03 -8.329021533512271924e-01
1.957806276159575873e+03 -8.304035757773717830e-01
1.960672756798169758e+03 -8.279124935410122621e-01
1.963539237436763642e+03 -8.254288841575088131e-01
1.966405718075357527e+03 -8.229527252096719980e-01
1.969272198713951411e+03 -8.204839943475531472e-01
1.972138679352545068e+03 -8.180226692882514028e-01
1.975005159991138953e+03 -8.155687278156967812e-01
1.977871640629732838e+03 -8.131221477804669862e-01
1.980738121268326722e+03 -8.106829070995742459e-01
1.983604601906920152e+03 -8.082509837562825705e-01
1.986471082545514491e+03 -8.058263557998860405e-01
1.989337563184107921e+03 -8.034090013455270629e-01
1.992204043822702033e+03 -8.009988985740090772e-01
1.995070524461295463e+03 -7.985960257315629640e-01
1.997937005099889802e+03 -7.962003611296941674e-01
2.000803485738483232e+03 -7.938118831449535451e-01
2.003669966377077571e+03 -7.914305702187584002e-01
2.006536447015671001e+03 -7.890564008572003019e-01
2.009402927654264658e+03 -7.866893536308394719e-01
2.012269408292858543e+03 -7.843294071745211538e-01
2.015135888931452428e+03 -7.819765401871761057e-01
2.018002369570046312e+03 -7.796307314316350823e-01
2.020868850208639742e+03 -7.772919597344392084e-01
2.023735330847234081e+03 -7.749602039856241520e-01
2.026601811485827511e+03 -7.726354431385771271e-01
2.029468292124421623e+03 -7.703176562097970859e-01
2.032334772763015053e+03 -7.680068222787338472e-01
2.035201253401608938e+03 -7.657029204875959172e-01
2.038067734040202822e+03 -7.634059300411539795e-01
2.040934214678796707e+03 -7.611158302065661463e-01
2.043800695317390591e+03 -7.588326003131783404e-01
2.046667175955984249e+03 -7.565562197523366672e-01
2.049533656594578133e+03 -7.542866679772171068e-01
2.052400137233172245e+03 -7.520239245026296704e-01
2.055266617871765902e+03 -7.497679689048318830e-01
2.058133098510359559e+03 -7.475187808213412666e-01
2.060999579148953217e+03 -7.452763399507665865e-01
2.063866059787547329e+03 -7.430406260526131179e-01
2.066732540426140986e+03 -7.408116189471007917e-01
2.069599021064735098e+03 -7.385892985149841161e-01
2.072465501703328755e+03 -7.363736446973646599e-01
2.075331982341922867e+03 -7.341646374955207444e-01
2.078198462980516069e+03 -7.319622569707326942e-01
2.081064943619110636e+03 -7.297664832440665661e-01
2.083931424257703839e+03 -7.275772964962418099e-01
2.086797904896297950e+03 -7.253946769674231021e-01
2.089664385534891608e+03 -7.232186049570495934e-01
2.092530866173485265e+03 -7.210490608236563848e-01
2.095397346812079377e+03 -7.188860249846984463e-01
2.098263827450672579e+03 -7.167294779163810858e-01
2.101130308089267146e+03 -7.145794001534617745e-01
2.103996788727860348e+03 -7.124357722891031530e-01
2.106863269366454915e+03 -7.102985749746705268e-01
2.109729750005048118e+03 -7.081677889195876485e-01
2.112596230643641775e+03 -7.060433948911264412e-01
2.115462711282235887e+03 -7.039253737142645573e-01
2.118329191920829544e+03 -7.018137062715007479e-01
2.121195672559423656e+03 -6.997083735026746742e-01
2.124062153198017313e+03 -6.976093564048049256e-01
2.126928633836611425e+03 -6.955166360319163799e-01
2.129795114475205082e+03 -6.934301934948701174e-01
2.132661595113798739e+03 -6.913500099611816774e-01
2.135528075752392851e+03 -6.892760666548689574e-01
2.138394556390986054e+03 -6.872083448562704699e-01
2.141261037029580621e+03 -6.851468259018747009e-01
2.144127517668173823e+03 -6.830914911841645676e-01
2.146993998306767935e+03 -6.810423221514351200e-01
2.149860478945361592e+03 -6.789993003076336686e-01
2.152726959583955704e+03 -6.769624072121994685e-01
2.155593440222549361e+03 -6.749316244798798659e-01
2.158459920861143473e+03 -6.729069337805739792e-01
2.161326401499737131e+03 -6.708883168391701624e-01
2.164192882138330788e+03 -6.688757554353872425e-01
2.167059362776924445e+03 -6.668692314035843394e-01
2.169925843415518557e+03 -6.648687266326238632e-01
2.172792324054112214e+03 -6.628742230656945456e-01
2.175658804692705871e+03 -6.608857027001560080e-01
2.178525285331299983e+03 -6.589031475873672328e-01
2.181391765969893640e+03 -6.569265398325311311e-01
2.184258246608487752e+03 -6.549558615945307860e-01
2.187124727247080955e+03 -6.529910950857721330e-01
2.189991207885675067e+03 -6.510322225720152067e-01
2.192857688524268724e+03 -6.490792263722240385e-01
2.195724169162862836e+03 -6.471320888583982356e-01
2.198590649801456493e+03 -6.451907924554186602e-01
2.201457130440050605e+03 -6.432553196408928864e-01
2.204323611078644262e+03 -6.413256529449842258e-01
2.207190091717237920e+03 -6.394017749502675096e-01
2.210056572355832031e+03 -6.374836682915633324e-01
2.212923052994425689e+03 -6.355713156557933896e-01
2.215789533633019346e+03 -6.336646997817972915e-01
2.218656014271613458e+03 -6.317638034602098829e-01
2.221522494910207115e+03 -6.298686095332863832e-01
2.224388975548801227e+03 -6.279791008947552822e-01
2.227255456187394429e+03 -6.260952604896509177e-01
2.230121936825988996e+03 -6.242170713141810268e-01
2.232988417464582199e+03 -6.223445164155507747e-01
2.235854898103176765e+03 -6.204775788918298618e-01
2.238721378741769968e+03 -6.186162418917827699e-01
2.241587859380363625e+03 -6.167604886147292076e-01
2.244454340018957737e+03 -6.149103023103887899e-01
2.247320820657551394e+03 -6.130656662787231648e-01
2.250187301296145506e+03 -6.112265638697990111e-01
2.253053781934738709e+03 -6.093929784836200625e-01
2.255920262573333275e+03 -6.075648935699945463e-01
2.258786743211926478e+03 -6.057422926283749787e-01
2.261653223850520590e+03 -6.039251592077108377e-01
2.264519704489114247e+03 -6.021134769063101189e-01
2.267386185127707904e+03 -6.003072293716718022e-01
2.270252665766302016e+03 -5.985064003003550681e-01
2.273119146404895673e+03 -5.967109734378266417e-01
2.275985627043489785e+03 -5.949209325783144653e-01
2.278852107682083442e+03 -5.931362615646562642e-01
2.281718588320677100e+03 -5.913569442881625449e-01
2.284585068959271211e+03 -5.895829646884650499e-01
2.287451549597864869e+03 -5.878143067533763144e-01
2.290318030236458981e+03 -5.860509545187407854e-01
2.293184510875052183e+03 -5.842928920682898264e-01
2.296050991513646295e+03 -5.825401035335052713e-01
2.298917472152239952e+03 -5.807925730934710984e-01
2.301783952790834064e+03 -5.790502849747289904e-01
2.304650433429427721e+03 -5.773132234511368921e-01
2.307516914068021833e+03 -5.755813728437357835e-01
2.310383394706615491e+03 -5.738547175205889195e-01
2.313249875345209603e+03 -5.721332418966651456e-01
2.316116355983802805e+03 -5.704169304336778046e-01
2.318982836622396917e+03 -5.687057676399540629e-01
2.321849317260990574e+03 -5.669997380702954670e-01
2.324715797899584686e+03 -5.652988263258299506e-01
2.327582278538178343e+03 -5.636030170538889328e-01
2.330448759176772001e+03 -5.619122949478537743e-01
2.333315239815366112e+03 -5.602266447470205524e-01
2.336181720453959315e+03 -5.585460512364713859e-01
2.339048201092553882e+03 -5.568704992469279969e-01
2.341914681731147084e+03 -5.551999736546151532e-01
2.344781162369741196e+03 -5.535344593811258873e-01
2.347647643008334853e+03 -5.518739413932902682e-01
2.350514123646928965e+03 -5.502184047030271863e-01
2.353380604285522622e+03 -5.485678343672296675e-01
2.356247084924116280e+03 -5.469222154876064446e-01
2.359113565562710392e+03 -5.452815332105642732e-01
2.361980046201304049e+03 -5.436457727270656015e-01
2.364846526839898161e+03 -5.420149192724970089e-01
2.367713007478491818e+03 -5.403889581265409747e-01
2.370579488117085475e+03 -5.387678746130335483e-01
2.373445968755679587e+03 -5.371516540998383382e-01
2.376312449394272790e+03 -5.355402819987147289e-01
2.379178930032867356e+03 -5.339337437651797691e-01
2.382045410671460559e+03 -5.323320248983866021e-01
2.384911891310055125e+03 -5.307351109409852441e-01
2.387778371948648328e+03 -5.291429874789983501e-01
2.390644852587242440e+03 -5.275556401416855445e-01
2.393511333225836097e+03 -5.259730546014129704e-01
2.396377813864429754e+03 -5.243952165735344950e-01
2.399244294503023866e+03 -5.228221118162561520e-01
2.402110775141617523e+03 -5.212537261304960312e-01
2.404977255780211635e+03 -5.196900453597765868e-01
2.407843736418804838e+03 -5.181310553900877469e-01
2.410710217057398950e+03 -5.165767421497532430e-01
2.413576697695992607e+03 -5.150270916093121487e-01
2.416443178334586719e+03 -5.134820897813914264e-01
2.419309658973180376e+03 -5.119417227205776966e-01
2.422176139611774033e+03 -5.104059765232883406e-01
2.425042620250368145e+03 -5.088748373276490433e-01
2.427909100888961802e+03 -5.073482913133771088e-01
2.430775581527555460e+03 -5.058263247016377973e-01
2.433642062166149572e+03 -5.043089237549369663e-01
2.436508542804743229e+03 -5.027960747769844030e-01
2.439375023443337341e+03 -5.012877641125871309e-01
2.442241504081930998e+03 -4.997839781475034715e-01
2.445107984720524655e+03 -4.982847033083429023e-01
2.447974465359118312e+03 -4.967899260624256685e-01
2.450840945997712424e+03 -4.952996329176717616e-01
2.453707426636306081e+03 -4.938138104224710778e-01
2.456573907274900193e+03 -4.923324451655703982e-01
2.459440387913493851e+03 -4.908555237759452683e-01
2.462306868552087963e+03 -4.893830329226848130e-01
2.465173349190681165e+03 -4.879149593148668917e-01
2.468039829829275732e+03 -4.864512897014399151e-01
2.470906310467868934e+03 -4.849920108711018862e-01
2.473772791106463046e+03 -4.835371096521876577e-01
2.476639271745056703e+03 -4.820865729125398680e-01
2.479505752383650815e+03 -4.806403875593975306e-01
2.482372233022244473e+03 -4.791985405392750197e-01
2.485238713660837675e+03 -4.777610188378463851e-01
2.488105194299432242e+03 -4.763278094798256146e-01
2.490971674938025444e+03 -4.748988995288512815e-01
2.493838155576620011e+03 -4.734742760873659750e-01
2.496704636215213213e+03 -4.720539262965082750e-01
2.499571116853807325e+03 -4.706378373359873524e-01
2.502437597492400982e+03 -4.692259964239696712e-01
2.505304078130994640e+03 -4.678183908169694649e-01
2.508170558769588752e+03 -4.664150078097284435e-01
2.511037039408182409e+03 -4.650158347351003862e-01
2.513903520046776521e+03 -4.636208589639387312e-01
2.516770000685370178e+03 -4.622300679049819450e-01
2.519636481323963835e+03 -4.608434490047436660e-01
2.522502961962557947e+03 -4.594609897473903026e-01
2.525369442601151150e+03 -4.580826776546386703e-01
2.528235923239745716e+03 -4.567085002856366982e-01
2.531102403878338919e+03 -4.553384452368538504e-01
2.533968884516933031e+03 -4.539725001419647743e-01
2.536835365155526688e+03 -4.526106526717449952e-01
2.539701845794120800e+03 -4.512528905339542318e-01
2.542568326432714457e+03 -4.498992014732266509e-01
2.545434807071308569e+03 -4.485495732709625094e-01
2.548301287709902226e+03 -4.472039937452118030e-01
2.551167768348495883e+03 -4.458624507505722923e-01
2.554034248987089541e+03 -4.445249321780747609e-01
2.556900729625683653e+03 -4.431914259550755464e-01
2.559767210264277310e+03 -4.418619200451459061e-01
2.562633690902870967e+03 -4.405364024479653251e-01
2.565500171541465079e+03 -4.392148611992121587e-01
2.568366652180058736e+03 -4.378972843704546092e-01
2.571233132818652848e+03 -4.365836600690454761e-01
2.574099613457246051e+03 -4.352739764380148535e-01
2.576966094095840162e+03 -4.339682216559603845e-01
2.579832574734433820e+03 -4.326663839369410680e-01
2.582699055373027932e+03 -4.313684515303738420e-01
2.585565536011621589e+03 -4.300744127209248924e-01
2.588432016650215701e+03 -4.287842558284037930e-01
2.591298497288809358e+03 -4.274979692076596449e-01
2.594164977927403015e+03 -4.262155412484744388e-01
2.597031458565997127e+03 -4.249369603754605262e-01
2.599897939204590784e+03 -4.236622150479517623e-01
2.602764419843184442e+03 -4.223912937599067496e-01
2.605630900481778554e+03 -4.211241850397969277e-01
2.608497381120372211e+03 -4.198608774505054875e-01
2.611363861758966323e+03 -4.186013595892286721e-01
2.614230342397559525e+03 -4.173456200873649213e-01
2.617096823036154092e+03 -4.160936476104227233e-01
2.619963303674747294e+03 -4.148454308579085370e-01
2.622829784313341861e+03 -4.136009585632262064e-01
2.625696264951935063e+03 -4.123602194935830356e-01
2.628562745590528721e+03 -4.111232024498793769e-01
2.631429226229122833e+03 -4.098898962666114310e-01
2.634295706867716490e+03 -4.086602898117709382e-01
2.637162187506310602e+03 -4.074343719867436486e-01
2.640028668144903804e+03 -4.062121317262104014e-01
2.642895148783498371e+03 -4.049935579980446509e-01
2.645761629422091573e+03 -4.037786398032138235e-01
2.648628110060685685e+03 -4.025673661756837829e-01
2.651494590699279343e+03 -4.013597261823146911e-01
2.654361071337873000e+03 -4.001557089227649189e-01
2.657227551976467112e+03 -3.989553035293919581e-01
2.660094032615060769e+03 -3.977584991671524461e-01
2.662960513253654881e+03 -3.965652850335120161e-01
2.665826993892248538e+03 -3.953756503583370496e-01
2.668693474530842195e+03 -3.941895844038034169e-01
2.671559955169436307e+03 -3.930070764643028847e-01
2.674426435808029964e+03 -3.918281158663360353e-01
2.677292916446624076e+03 -3.906526919684268906e-01
2.680159397085217279e+03 -3.894807941610207158e-01
2.683025877723811391e+03 -3.883124118663895397e-01
2.685892358362405048e+03 -3.871475345385383959e-01
2.688758839000999160e+03 -3.859861516631066247e-01
2.691625319639592817e+03 -3.848282527572752243e-01
2.694491800278186929e+03 -3.836738273696747026e-01
2.697358280916780586e+03 -3.825228650802844910e-01
2.700224761555374698e+03 -3.813753555003452922e-01
2.703091242193967901e+03 -3.802312882722601595e-01
2.705957722832562013e+03 -3.790906530695051790e-01
2.708824203471155670e+03 -3.779534395965332139e-01
2.711690684109749782e+03 -3.768196375886830873e-01
2.714557164748343439e+03 -3.756892368120846593e-01
2.717423645386937096e+03 -3.745622270635684536e-01
2.720290126025531208e+03 -3.734385981705739543e-01
2.723156606664124411e+03 -3.723183399910555691e-01
2.726023087302718977e+03 -3.712014424133930901e-01
2.728889567941312180e+03 -3.700878953562981577e-01
2.731756048579906292e+03 -3.689776887687268858e-01
2.734622529218499949e+03 -3.678708126297838832e-01
2.737489009857094061e+03 -3.667672569486388201e-01
2.740355490495687718e+03 -3.656670117644287288e-01
2.743221971134281375e+03 -3.645700671461738485e-01
2.746088451772875487e+03 -3.634764131926856434e-01
2.748954932411469144e+03 -3.623860400324754316e-01
2.751821413050063256e+03 -3.612989378236719507e-01
2.754687893688656914e+03 -3.602150967539228255e-01
2.757554374327250571e+03 -3.591345070403130779e-01
2.760420854965844683e+03 -3.580571589292775303e-01
2.763287335604437885e+03 -3.569830426965068249e-01
2.766153816243032452e+03 -3.559121486468649342e-01
2.769020296881625654e+03 -3.548444671142998441e-01
2.771886777520220221e+03 -3.537799884617530144e-01
2.774753258158813424e+03 -3.527187030810807755e-01
2.777619738797407535e+03 -3.516606013929583496e-01
2.780486219436001193e+03 -3.506056738467984712e-01
2.783352700074594850e+03 -3.495539109206662887e-01
2.786219180713188962e+03 -3.485053031211868269e-01
2.789085661351782619e+03 -3.474598409834677715e-01
2.791952141990376731e+03 -3.464175150710088746e-01
2.794818622628969933e+03 -3.453783159756181886e-01
2.797685103267564045e+03 -3.443422343173250799e-01
2.800551583906157703e+03 -3.433092607442985722e-01
2.803418064544751815e+03 -3.422793859327634136e-01
2.806284545183345472e+03 -3.412526005869124801e-01
2.809151025821939129e+03 -3.402288954388237863e-01
2.812017506460533241e+03 -3.392082612483784398e-01
2.814883987099126898e+03 -3.381906888031782077e-01
2.817750467737720555e+03 -3.371761689184571975e-01
2.820616948376314667e+03 -3.361646924370071954e-01
2.823483429014908324e+03 -3.351562502290847956e-01
2.826349909653502436e+03 -3.341508331923378483e-01
2.829216390292096094e+03 -3.331484322517192509e-01
2.832082870930689751e+03 -3.321490383594051243e-01
2.834949351569283408e+03 -3.311526424947145442e-01
2.837815832207877520e+03 -3.301592356640246084e-01
2.840682312846471177e+03 -3.291688089006956641e-01
2.843548793485065289e+03 -3.281813532649847098e-01
2.846415274123658946e+03 -3.271968598439664033e-01
2.849281754762253058e+03 -3.262153197514536251e-01
2.852148235400846261e+03 -3.252367241279151555e-01
2.855014716039440827e+03 -3.242610641403971261e-01
2.857881196678034030e+03 -3.232883309824445273e-01
2.860747677316628142e+03 -3.223185158740201617e-01
2.863614157955221799e+03 -3.213516100614244309e-01
