0.000000000000000000e+00 -1.163685979028191222e-03
2.866480638593815744e+00 3.326104718997257865e-04
5.732961277187631488e+00 2.955607834181363486e-04
8.599441915781447676e+00 2.610056548030824960e-04
1.146592255437526298e+01 2.286797971943155760e-04
1.433240319296907650e+01 1.983563336452530911e-04
1.719888383156289535e+01 1.698406397964307736e-04
2.006536447015670888e+01 1.429651441119521597e-04
2.293184510875052595e+01 1.175849955999186468e-04
2.579832574734434303e+01 9.357445590785708916e-05
2.866480638593815300e+01 7.082389517264654907e-05
3.153128702453197363e+01 4.923729036411938901e-05
3.439776766312579070e+01 2.873014132977280989e-05
3.726424830171961133e+01 9.227733727535944664e-06
4.013072894031341775e+01 -9.336310243319229641e-06
4.299720957890723838e+01 -2.702124242480232348e-05
4.586369021750105190e+01 -4.388020144738631931e-05
4.873017085609486543e+01 -5.996106149804183831e-05
5.159665149468868606e+01 -7.530714514442924713e-05
5.446313213328249958e+01 -8.995782342601365970e-05
5.732961277187630600e+01 -1.039490223897533174e-04
6.019609341047014084e+01 -1.173136518966112838e-04
6.306257404906394726e+01 -1.300819697780832940e-04
6.592905468765775368e+01 -1.422818921374061204e-04
6.879553532625158141e+01 -1.539392586787286291e-04
7.166201596484538072e+01 -1.650780604411109182e-04
7.452849660343922267e+01 -1.757206359901809073e-04
7.739497724203302198e+01 -1.858878410966708858e-04
8.026145788062683550e+01 -1.955991960473302206e-04
8.312793851922064903e+01 -2.048730140523483709e-04
8.599441915781447676e+01 -2.137265135930997912e-04
8.886089979640829029e+01 -2.221759170929768566e-04
9.172738043500210381e+01 -2.302365379103160441e-04
9.459386107359590312e+01 -2.379228572970899563e-04
9.746034171218973086e+01 -2.452485927320350516e-04
1.003268223507835444e+02 -2.522267587876390383e-04
1.031933029893773721e+02 -2.588697215263558110e-04
1.060597836279711714e+02 -2.651892472657653562e-04
1.089262642665649992e+02 -2.711965464190754294e-04
1.117927449051587985e+02 -2.769023130193359688e-04
1.146592255437526120e+02 -2.823167604503922304e-04
1.175257061823464255e+02 -2.874496538254812830e-04
1.203921868209402817e+02 -2.923103394014129513e-04
1.232586674595340668e+02 -2.969077713623934555e-04
1.261251480981278945e+02 -3.012505362612458897e-04
1.289916287367217080e+02 -3.053468753648077259e-04
1.318581093753155074e+02 -3.092047051324194572e-04
1.347245900139093351e+02 -3.128316360137126844e-04
1.375910706525031628e+02 -3.162349897388651190e-04
1.404575512910969621e+02 -3.194218152486094143e-04
1.433240319296907614e+02 -3.223989034003281223e-04
1.461905125682846176e+02 -3.251728005540415519e-04
1.490569932068784453e+02 -3.277498211691795386e-04
1.519234738454722162e+02 -3.301360594720614155e-04
1.547899544840660440e+02 -3.323374003070794086e-04
1.576564351226598717e+02 -3.343595292208215728e-04
1.605229157612536710e+02 -3.362079418610635761e-04
1.633893963998474703e+02 -3.378879527520077530e-04
1.662558770384412981e+02 -3.394047034803054940e-04
1.691223576770351258e+02 -3.407631703654453331e-04
1.719888383156289535e+02 -3.419681716358919711e-04
1.748553189542227528e+02 -3.430243741676548006e-04
1.777217995928165806e+02 -3.439362998089755871e-04
1.805882802314103799e+02 -3.447083313286965689e-04
1.834547608700042076e+02 -3.453447180203142995e-04
1.863212415085980069e+02 -3.458495809736594957e-04
1.891877221471918062e+02 -3.462269180686539105e-04
1.920542027857856340e+02 -3.464806086731788922e-04
1.949206834243794617e+02 -3.466144181007683339e-04
1.977871640629732894e+02 -3.466320018268624842e-04
2.006536447015670888e+02 -3.465369094840301239e-04
2.035201253401609165e+02 -3.463325886528120182e-04
2.063866059787547442e+02 -3.460223884680110429e-04
2.092530866173485435e+02 -3.456095630373641589e-04
2.121195672559423429e+02 -3.450972747053087319e-04
2.149860478945361706e+02 -3.444885971548941627e-04
2.178525285331299983e+02 -3.437865183668102013e-04
2.207190091717238261e+02 -3.429939434455730085e-04
2.235854898103175969e+02 -3.421136973151400469e-04
2.264519704489114531e+02 -3.411485272940479371e-04
2.293184510875052240e+02 -3.401011055670243488e-04
2.321849317260990802e+02 -3.389740315424642487e-04
2.350514123646928510e+02 -3.377698341112748124e-04
2.379178930032867072e+02 -3.364909738208418893e-04
2.407843736418805634e+02 -3.351398449520183779e-04
2.436508542804743058e+02 -3.337187775157316404e-04
2.465173349190681336e+02 -3.322300391728153640e-04
2.493838155576619329e+02 -3.306758370764288982e-04
2.522502961962557890e+02 -3.290583196513158530e-04
2.551167768348495883e+02 -3.273795782930715077e-04
2.579832574734434161e+02 -3.256416490197825732e-04
2.608497381120372438e+02 -3.238465140525680118e-04
2.637162187506310147e+02 -3.219961033418156397e-04
2.665826993892248424e+02 -3.200922960436732023e-04
2.694491800278186702e+02 -3.181369219396147706e-04
2.723156606664124979e+02 -3.161317628065078321e-04
2.751821413050063256e+02 -3.140785537473793007e-04
2.780486219436001534e+02 -3.119789844691048426e-04
2.809151025821939243e+02 -3.098347005214884616e-04
2.837815832207877520e+02 -3.076473044916039996e-04
2.866480638593815229e+02 -3.054183571707676345e-04
2.895145444979753506e+02 -3.031493786665254435e-04
2.923810251365692352e+02 -3.008418494953832051e-04
2.952475057751630061e+02 -2.984972116285450360e-04
2.981139864137568907e+02 -2.961168695182203603e-04
3.009804670523506047e+02 -2.937021910800937112e-04
3.038469476909444325e+02 -2.912545086492219853e-04
3.067134283295382602e+02 -2.887751199132073060e-04
3.095799089681320879e+02 -2.862652888113231754e-04
3.124463896067259157e+02 -2.837262464069245280e-04
3.153128702453197434e+02 -2.811591917363458312e-04
3.181793508839135711e+02 -2.785652926330531385e-04
3.210458315225073420e+02 -2.759456865283836094e-04
3.239123121611011697e+02 -2.733014812235620206e-04
3.267787927996949406e+02 -2.706337556515439917e-04
3.296452734382888252e+02 -2.679435606037757823e-04
3.325117540768825961e+02 -2.652319194447467880e-04
3.353782347154764238e+02 -2.624998288067067727e-04
3.382447153540702516e+02 -2.597482592615789690e-04
3.411111959926640225e+02 -2.569781559748121049e-04
3.439776766312579070e+02 -2.541904393448226793e-04
3.468441572698516779e+02 -2.513860056211304414e-04
3.497106379084455057e+02 -2.485657275088303756e-04
3.525771185470393334e+02 -2.457304547532880796e-04
3.554435991856331611e+02 -2.428810147118199726e-04
3.583100798242269889e+02 -2.400182129114815409e-04
3.611765604628207598e+02 -2.371428335890481305e-04
3.640430411014145307e+02 -2.342556402158354231e-04
3.669095217400084152e+02 -2.313573760140429688e-04
3.697760023786022430e+02 -2.284487644561201698e-04
3.726424830171960139e+02 -2.255305097476272642e-04
3.755089636557898984e+02 -2.226032973058988495e-04
3.783754442943836125e+02 -2.196677942211779967e-04
3.812419249329774971e+02 -2.167246497041058436e-04
3.841084055715712680e+02 -2.137744955265689320e-04
3.869748862101650957e+02 -2.108179464491720162e-04
3.898413668487589234e+02 -2.078556006356061740e-04
3.927078474873527512e+02 -2.048880400618287398e-04
3.955743281259465789e+02 -2.019158309083110081e-04
3.984408087645403498e+02 -1.989395239472340968e-04
4.013072894031341775e+02 -1.959596549213341770e-04
4.041737700417280053e+02 -1.929767449066876334e-04
4.070402506803218330e+02 -1.899913006712184772e-04
4.099067313189156039e+02 -1.870038150252246762e-04
4.127732119575094885e+02 -1.840147671596854991e-04
4.156396925961032593e+02 -1.810246229770481289e-04
4.185061732346970871e+02 -1.780338354191576204e-04
4.213726538732909148e+02 -1.750428447770032152e-04
4.242391345118846857e+02 -1.720520790011552392e-04
4.271056151504785703e+02 -1.690619540046502339e-04
4.299720957890723412e+02 -1.660728739483204150e-04
4.328385764276661689e+02 -1.630852315362834877e-04
4.357050570662599966e+02 -1.600994082858229290e-04
4.385715377048537675e+02 -1.571157748073572326e-04
4.414380183434476521e+02 -1.541346910609241953e-04
4.443044989820413662e+02 -1.511565066226725526e-04
4.471709796206351939e+02 -1.481815609357397482e-04
4.500374602592290785e+02 -1.452101835528240366e-04
4.529039408978229062e+02 -1.422426943834414505e-04
4.557704215364166771e+02 -1.392794039211825451e-04
4.586369021750104480e+02 -1.363206134804162298e-04
4.615033828136042757e+02 -1.333666154154908626e-04
4.643698634521981603e+02 -1.304176933381172472e-04
4.672363440907919880e+02 -1.274741223361709850e-04
4.701028247293857021e+02 -1.245361691731974114e-04
4.729693053679795867e+02 -1.216040924997904572e-04
4.758357860065734144e+02 -1.186781430468220863e-04
4.787022666451672421e+02 -1.157585638192414019e-04
4.815687472837611267e+02 -1.128455902872812887e-04
4.844352279223548408e+02 -1.099394505680373400e-04
4.873017085609486116e+02 -1.070403656071124745e-04
4.901681891995424394e+02 -1.041485493541890171e-04
4.930346698381362671e+02 -1.012642089346575642e-04
4.959011504767300380e+02 -9.838754481383253528e-05
4.987676311153238657e+02 -9.551875096629457726e-05
5.016341117539177503e+02 -9.265801502981183338e-05
5.045005923925115781e+02 -8.980551846613273601e-05
5.073670730311054058e+02 -8.696143670764668510e-05
5.102335536696991767e+02 -8.412593931088112266e-05
5.131000343082930613e+02 -8.129919010026305461e-05
5.159665149468868321e+02 -7.848134730466633190e-05
5.188329955854807167e+02 -7.567256370328015664e-05
5.216994762240744876e+02 -7.287298675731517016e-05
5.245659568626681448e+02 -7.008275873963386315e-05
5.274324375012620294e+02 -6.730201686548459522e-05
5.302989181398559140e+02 -6.453089341975300794e-05
5.331653987784496849e+02 -6.176951587502411977e-05
5.360318794170434558e+02 -5.901800701674372944e-05
5.388983600556373403e+02 -5.627648505555693975e-05
5.417648406942311112e+02 -5.354506374554634737e-05
5.446313213328249958e+02 -5.082385249089159022e-05
5.474978019714187667e+02 -4.811295645966915909e-05
5.503642826100126513e+02 -4.541247668753116163e-05
5.532307632486064222e+02 -4.272251018176258805e-05
5.560972438872003067e+02 -4.004315002133554662e-05
5.589637245257941913e+02 -3.737448545967559017e-05
5.618302051643878485e+02 -3.471660201865742982e-05
5.646966858029816194e+02 -3.206958158098165027e-05
5.675631664415755040e+02 -2.943350248698952870e-05
5.704296470801692749e+02 -2.680843962130566909e-05
5.732961277187630458e+02 -2.419446450091268112e-05
5.761626083573569304e+02 -2.159164536292651777e-05
5.790290889959507012e+02 -1.900004724590498393e-05
5.818955696345445858e+02 -1.641973207250969189e-05
5.847620502731384704e+02 -1.385075873178929148e-05
5.876285309117322413e+02 -1.129318315113938786e-05
5.904950115503260122e+02 -8.747058379741327866e-06
5.933614921889198968e+02 -6.212434656878005923e-06
5.962279728275137813e+02 -3.689359488485053621e-06
5.990944534661074385e+02 -1.177877715766452300e-06
6.019609341047012094e+02 1.321968415201689655e-06
6.048274147432950940e+02 3.810139184839733219e-06
6.076938953818888649e+02 6.286597335697464981e-06
6.105603760204827495e+02 8.751308005875170211e-06
6.134268566590765204e+02 1.120423866996677694e-05
6.162933372976702913e+02 1.364535907216790778e-05
6.191598179362641758e+02 1.607464117216496821e-05
6.220262985748580604e+02 1.849205908223305176e-05
6.248927792134518313e+02 2.089758901216310635e-05
6.277592598520456022e+02 2.329120921310471037e-05
6.306257404906394868e+02 2.567289992362095828e-05
6.334922211292332577e+02 2.804264331504395627e-05
6.363587017678271422e+02 3.040042344009195372e-05
6.392251824064209131e+02 3.274622618494389719e-05
6.420916630450146840e+02 3.508003921519323620e-05
6.449581436836084549e+02 3.740185193075492155e-05
6.478246243222023395e+02 3.971165541704007142e-05
6.506911049607961104e+02 4.200944240102729441e-05
6.535575855993898813e+02 4.429520720377592860e-05
6.564240662379837659e+02 4.656894569867440527e-05
6.592905468765776504e+02 4.883065526740709879e-05
6.621570275151714213e+02 5.108033475805873538e-05
6.650235081537651922e+02 5.331798444577228092e-05
6.678899887923590768e+02 5.554360599172341510e-05
6.707564694309528477e+02 5.775720240349410759e-05
6.736229500695467323e+02 5.995877799993235165e-05
6.764894307081405032e+02 6.214833837137348439e-05
6.793559113467342740e+02 6.432589034430780659e-05
6.822223919853280449e+02 6.649144194691355167e-05
6.850888726239219295e+02 6.864500237345083254e-05
6.879553532625158141e+02 7.078658195214137974e-05
6.908218339011094713e+02 7.291619211120235766e-05
6.936883145397033559e+02 7.503384534700467483e-05
6.965547951782972405e+02 7.713955519322638862e-05
6.994212758168910113e+02 7.923333618943183504e-05
7.022877564554847822e+02 8.131520385349702009e-05
7.051542370940786668e+02 8.338517465099013761e-05
7.080207177326724377e+02 8.544326596591158185e-05
7.108871983712663223e+02 8.748949607546786973e-05
7.137536790098602069e+02 8.952388412128626290e-05
7.166201596484539778e+02 9.154645008485395646e-05
7.194866402870476350e+02 9.355721475915044409e-05
7.223531209256415195e+02 9.555619972690324721e-05
7.252196015642354041e+02 9.754342733235820415e-05
7.280860822028290613e+02 9.951892066207755855e-05
7.309525628414229459e+02 1.014827035176735622e-04
7.338190434800168305e+02 1.034348003951014467e-04
7.366855241186106014e+02 1.053752364622956533e-04
7.395520047572044859e+02 1.073040375377904771e-04
7.424184853957982568e+02 1.092212300669954603e-04
7.452849660343920277e+02 1.111268411074229885e-04
7.481514466729859123e+02 1.130208983031014993e-04
7.510179273115797969e+02 1.149034298681466065e-04
7.538844079501735678e+02 1.167744645654908165e-04
7.567508885887672250e+02 1.186340316909652846e-04
7.596173692273611096e+02 1.204821610525247670e-04
7.624838498659549941e+02 1.223188829552498524e-04
7.653503305045487650e+02 1.241442281814603762e-04
7.682168111431425359e+02 1.259582279759259408e-04
7.710832917817364205e+02 1.277609140281699206e-04
7.739497724203301914e+02 1.295523184576258117e-04
7.768162530589240760e+02 1.313324737974123641e-04
7.796827336975178468e+02 1.331014129785205741e-04
7.825492143361116177e+02 1.348591693168034477e-04
7.854156949747055023e+02 1.366057764972547169e-04
7.882821756132993869e+02 1.383412685586368860e-04
7.911486562518931578e+02 1.400656798838056754e-04
7.940151368904869287e+02 1.417790451819425776e-04
7.968816175290806996e+02 1.434813994782351769e-04
7.997480981676745841e+02 1.451727780998948443e-04
8.026145788062683550e+02 1.468532166660547382e-04
8.054810594448621259e+02 1.485227510706489510e-04
8.083475400834560105e+02 1.501814174769374236e-04
8.112140207220497814e+02 1.518292523012339679e-04
8.140805013606436660e+02 1.534662922049062107e-04
8.169469819992375506e+02 1.550925740809150875e-04
8.198134626378312078e+02 1.567081350457259629e-04
8.226799432764250923e+02 1.583130124266238442e-04
8.255464239150189769e+02 1.599072437535052399e-04
8.284129045536127478e+02 1.614908667480548666e-04
8.312793851922065187e+02 1.630639193151816181e-04
8.341458658308002896e+02 1.646264395315789040e-04
8.370123464693941742e+02 1.661784656401033868e-04
8.398788271079879451e+02 1.677200360377212015e-04
8.427453077465818296e+02 1.692511892690124462e-04
8.456117883851756005e+02 1.707719640156983045e-04
8.484782690237693714e+02 1.722823990925900859e-04
8.513447496623632560e+02 1.737825334335675923e-04
8.542112303009571406e+02 1.752724060904007253e-04
8.570777109395507978e+02 1.767520562198015915e-04
8.599441915781446824e+02 1.782215230795611922e-04
8.628106722167385669e+02 1.796808460202186308e-04
8.656771528553323378e+02 1.811300644778113776e-04
8.685436334939261087e+02 1.825692179677067294e-04
8.714101141325199933e+02 1.839983460790508836e-04
8.742765947711137642e+02 1.854174884654192395e-04
8.771430754097075351e+02 1.868266848411735876e-04
8.800095560483014197e+02 1.882259749757812155e-04
8.828760366868953042e+02 1.896153986854247548e-04
8.857425173254890751e+02 1.909949958294078617e-04
8.886089979640827323e+02 1.923648063043142129e-04
8.914754786026766169e+02 1.937248700369666697e-04
8.943419592412703878e+02 1.950752269817612251e-04
8.972084398798642724e+02 1.964159171146073973e-04
9.000749205184581569e+02 1.977469804263303453e-04
9.029414011570519278e+02 1.990684569193452676e-04
9.058078817956458124e+02 2.003803866037765283e-04
9.086743624342396970e+02 2.016828094919632453e-04
9.115408430728333542e+02 2.029757655926283429e-04
9.144073237114270114e+02 2.042592949085314980e-04
9.172738043500208960e+02 2.055334374331060801e-04
9.201402849886147806e+02 2.067982331428112712e-04
9.230067656272085515e+02 2.080537219973522124e-04
9.258732462658024360e+02 2.092999439322519454e-04
9.287397269043963206e+02 2.105369388584241825e-04
9.316062075429900915e+02 2.117647466556337788e-04
9.344726881815839761e+02 2.129834071711812695e-04
9.373391688201778607e+02 2.141929602151279078e-04
9.402056494587714042e+02 2.153934455583025225e-04
9.430721300973652887e+02 2.165849029266270198e-04
9.459386107359591733e+02 2.177673720017558195e-04
9.488050913745529442e+02 2.189408924147100155e-04
9.516715720131468288e+02 2.201055037458220546e-04
9.545380526517407134e+02 2.212612455176669012e-04
9.574045332903344843e+02 2.224081571978485990e-04
9.602710139289283688e+02 2.235462781916653730e-04
9.631374945675222534e+02 2.246756478428471029e-04
9.660039752061159106e+02 2.257963054283873116e-04
9.688704558447096815e+02 2.269082901587834782e-04
9.717369364833033387e+02 2.280116411730201637e-04
9.746034171218972233e+02 2.291063975374125193e-04
9.774698977604909942e+02 2.301925982440833894e-04
9.803363783990848788e+02 2.312702822101650132e-04
9.832028590376787633e+02 2.323394882706472479e-04
9.860693396762725342e+02 2.334002551819555984e-04
9.889358203148664188e+02 2.344526216175824246e-04
9.918023009534600760e+02 2.354966261653662987e-04
9.946687815920539606e+02 2.365323073274868554e-04
9.975352622306477315e+02 2.375597035180741258e-04
1.000401742869241616e+03 2.385788530613415146e-04
1.003268223507835501e+03 2.395897941910955775e-04
1.006134704146429272e+03 2.405925650460899988e-04
1.009001184785023156e+03 2.415872036723247496e-04
1.011867665423617041e+03 2.425737480196278432e-04
1.014734146062210812e+03 2.435522359400567598e-04
1.017600626700804469e+03 2.445227051876968120e-04
1.020467107339398353e+03 2.454851934165135302e-04
1.023333587977992124e+03 2.464397381798025927e-04
1.026200068616586123e+03 2.473863769268063286e-04
1.029066549255179780e+03 2.483251470055902418e-04
1.031933029893773664e+03 2.492560856582115352e-04
1.034799510532367549e+03 2.501792300210218200e-04
1.037665991170961433e+03 2.510946171243439145e-04
1.040532471809555318e+03 2.520022838911241815e-04
1.043398952448148975e+03 2.529022671346677921e-04
1.046265433086742632e+03 2.537946035593787483e-04
1.049131913725336290e+03 2.546793297590316642e-04
1.051998394363930174e+03 2.555564822171379558e-04
1.054864875002524059e+03 2.564260973037517811e-04
1.057731355641117943e+03 2.572882112772173946e-04
1.060597836279711828e+03 2.581428602821914543e-04
1.063464316918305713e+03 2.589900803494510633e-04
1.066330797556899370e+03 2.598299073948645913e-04
1.069197278195493027e+03 2.606623772181741153e-04
1.072063758834086912e+03 2.614875255044680374e-04
1.074930239472680796e+03 2.623053878210270863e-04
1.077796720111274681e+03 2.631159996190880973e-04
1.080663200749868565e+03 2.639193962311891812e-04
1.083529681388462222e+03 2.647156128727807937e-04
1.086396162027056107e+03 2.655046846405164371e-04
1.089262642665649992e+03 2.662866465119054986e-04
1.092129123304243876e+03 2.670615333450164497e-04
1.094995603942837533e+03 2.678293798786196360e-04
1.097862084581431418e+03 2.685902207312628322e-04
1.100728565220025303e+03 2.693440904012658205e-04
1.103595045858618960e+03 2.700910232651643986e-04
1.106461526497212844e+03 2.708310535806492721e-04
1.109328007135806729e+03 2.715642154817192911e-04
1.112194487774400613e+03 2.722905429834545960e-04
1.115060968412994498e+03 2.730100699765417222e-04
1.117927449051588383e+03 2.737228302323024007e-04
1.120793929690181812e+03 2.744288573983933409e-04
1.123660410328775697e+03 2.751281850000922031e-04
1.126526890967369354e+03 2.758208464422510597e-04
1.129393371605963239e+03 2.765068750046343260e-04
1.132259852244557123e+03 2.771863038461251389e-04
1.135126332883151008e+03 2.778591660023205972e-04
1.137992813521744893e+03 2.785254943866825872e-04
1.140859294160338550e+03 2.791853217884784498e-04
1.143725774798932434e+03 2.798386808752010820e-04
1.146592255437526092e+03 2.804856041915466426e-04
1.149458736076119976e+03 2.811261241586374506e-04
1.152325216714713861e+03 2.817602730748103084e-04
1.155191697353307745e+03 2.823880831156543947e-04
1.158058177991901402e+03 2.830095863338281427e-04
1.160924658630495287e+03 2.836248146594605576e-04
1.163791139269089172e+03 2.842337998989880846e-04
1.166657619907683056e+03 2.848365737371533354e-04
1.169524100546276941e+03 2.854331677350864299e-04
1.172390581184870598e+03 2.860236133326574982e-04
1.175257061823464483e+03 2.866079418455977443e-04
1.178123542462058140e+03 2.871861844678610552e-04
1.180990023100652024e+03 2.877583722720053689e-04
1.183856503739245909e+03 2.883245362075680519e-04
1.186722984377839794e+03 2.888847071020351760e-04
1.189589465016433678e+03 2.894389156615727039e-04
1.192455945655027563e+03 2.899871924705600115e-04
1.195322426293621220e+03 2.905295679911334928e-04
1.198188906932214877e+03 2.910660725650768667e-04
1.201055387570808762e+03 2.915967364120401035e-04
1.203921868209402419e+03 2.921215896315655278e-04
1.206788348847996303e+03 2.926406622015544860e-04
1.209654829486590188e+03 2.931539839800826252e-04
1.212521310125184073e+03 2.936615847042222337e-04
1.215387790763777730e+03 2.941634939910889291e-04
1.218254271402371614e+03 2.946597413380274907e-04
1.221120752040965499e+03 2.951503561225612819e-04
1.223987232679559156e+03 2.956353676023587475e-04
1.226853713318153041e+03 2.961148049164449565e-04
1.229720193956746925e+03 2.965886970842742830e-04
1.232586674595340583e+03 2.970570730073992648e-04
1.235453155233934467e+03 2.975199614682504426e-04
1.238319635872528352e+03 2.979773911305762203e-04
1.241186116511122236e+03 2.984293905411209390e-04
1.244052597149716121e+03 2.988759881287632075e-04
1.246919077788310005e+03 2.993172122044152343e-04
1.249785558426903663e+03 2.997530909630671445e-04
1.252652039065497320e+03 3.001836524814826710e-04
1.255518519704091204e+03 3.006089247204628604e-04
1.258385000342685089e+03 3.010289355251285072e-04
1.261251480981278974e+03 3.014437126236246410e-04
1.264117961619872858e+03 3.018532836295180228e-04
1.266984442258466515e+03 3.022576760407643878e-04
1.269850922897060400e+03 3.026569172393188921e-04
1.272717403535654284e+03 3.030510344939882144e-04
1.275583884174247942e+03 3.034400549580779463e-04
1.278450364812841826e+03 3.038240056714698687e-04
1.281316845451435483e+03 3.042029135598169867e-04
1.284183326090029368e+03 3.045768054360995219e-04
1.287049806728623025e+03 3.049457079991410731e-04
1.289916287367216910e+03 3.053096478359606852e-04
1.292782768005810794e+03 3.056686514209666357e-04
1.295649248644404679e+03 3.060227451161925743e-04
1.298515729282998564e+03 3.063719551719600791e-04
1.301382209921592221e+03 3.067163077272247332e-04
1.304248690560186105e+03 3.070558288106906312e-04
1.307115171198779763e+03 3.073905443393870379e-04
1.309981651837373647e+03 3.077204801195648613e-04
1.312848132475967532e+03 3.080456618488364878e-04
1.315714613114561416e+03 3.083661151142025347e-04
1.318581093753155301e+03 3.086818653938401330e-04
1.321447574391749185e+03 3.089929380562648933e-04
1.324314055030342843e+03 3.092993583621278086e-04
1.327180535668936500e+03 3.096011514638096537e-04
1.330047016307530384e+03 3.098983424046868182e-04
1.332913496946124269e+03 3.101909561223851596e-04
1.335779977584718154e+03 3.104790174457183792e-04
1.338646458223312038e+03 3.107625510974094778e-04
1.341512938861905695e+03 3.110415816936742592e-04
1.344379419500499580e+03 3.113161337448447472e-04
1.347245900139093465e+03 3.115862316547573152e-04
1.350112380777687349e+03 3.118518997226843014e-04
1.352978861416281006e+03 3.121131621424012696e-04
1.355845342054874891e+03 3.123700430032445396e-04
1.358711822693468548e+03 3.126225662902911112e-04
1.361578303332062205e+03 3.128707558841800412e-04
1.364444783970656090e+03 3.131146355627609733e-04
1.367311264609249974e+03 3.133542290000315114e-04
1.370177745247843859e+03 3.135895597677701365e-04
1.373044225886437744e+03 3.138206513347172543e-04
1.375910706525031628e+03 3.140475270676468212e-04
1.378777187163625285e+03 3.142702102316624396e-04
1.381643667802218943e+03 3.144887239908383380e-04
1.384510148440812827e+03 3.147030914076125977e-04
1.387376629079406712e+03 3.149133354442190582e-04
1.390243109718000596e+03 3.151194789624216881e-04
1.393109590356594481e+03 3.153215447243786396e-04
1.395976070995188365e+03 3.155195553920570506e-04
1.398842551633782023e+03 3.157135335287695218e-04
1.401709032272375907e+03 3.159035015991358986e-04
1.404575512910969564e+03 3.160894819689588045e-04
1.407441993549563449e+03 3.162714969060872084e-04
1.410308474188157334e+03 3.164495685806127190e-04
1.413174954826751218e+03 3.166237190654118492e-04
1.416041435465344875e+03 3.167939703363432317e-04
1.418907916103938760e+03 3.169603442722252850e-04
1.421774396742532645e+03 3.171228626563910675e-04
1.424640877381126529e+03 3.172815471754267540e-04
1.427507358019720414e+03 3.174364194211733983e-04
1.430373838658314071e+03 3.175875008896985132e-04
1.433240319296907956e+03 3.177348129826369576e-04
1.436106799935501385e+03 3.178783770065919147e-04
1.438973280574095270e+03 3.180182141749257770e-04
1.441839761212689154e+03 3.181543456065147779e-04
1.444706241851283039e+03 3.182867923270801206e-04
1.447572722489876924e+03 3.184155752696047996e-04
1.450439203128470808e+03 3.185407152743437924e-04
1.453305683767064465e+03 3.186622330885831495e-04
1.456172164405658123e+03 3.187801493683022937e-04
1.459038645044252007e+03 3.188944846779407532e-04
1.461905125682845892e+03 3.190052594905016495e-04
1.464771606321439776e+03 3.191124941877759641e-04
1.467638086960033661e+03 3.192162090615507735e-04
1.470504567598627546e+03 3.193164243132720083e-04
1.473371048237221203e+03 3.194131600541576439e-04
1.476237528875815087e+03 3.195064363064005139e-04
1.479104009514408972e+03 3.195962730031852786e-04
1.481970490153002629e+03 3.196826899882211333e-04
1.484836970791596514e+03 3.197657070169805638e-04
1.487703451430190398e+03 3.198453437575630759e-04
1.490569932068784055e+03 3.199216197899350071e-04
1.493436412707377940e+03 3.199945546060322006e-04
1.496302893345971825e+03 3.200641676114200271e-04
1.499169373984565709e+03 3.201304781247488987e-04
1.502035854623159594e+03 3.201935053782953939e-04
1.504902335261753478e+03 3.202532685185270731e-04
1.507768815900347136e+03 3.203097866055488302e-04
1.510635296538940793e+03 3.203630786146480984e-04
1.513501777177534450e+03 3.204131634366355597e-04
1.516368257816128335e+03 3.204600598762985856e-04
1.519234738454722219e+03 3.205037866549377817e-04
1.522101219093316104e+03 3.205443624098362168e-04
1.524967699731909988e+03 3.205818056946860566e-04
1.527834180370503645e+03 3.206161349790442395e-04
1.530700661009097530e+03 3.206473686505603498e-04
1.533567141647691187e+03 3.206755250134136863e-04
1.536433622286285072e+03 3.207006222898834032e-04
1.539300102924878956e+03 3.207226786202215505e-04
1.542166583563472841e+03 3.207417120622351684e-04
1.545033064202066726e+03 3.207577405933811823e-04
1.547899544840660383e+03 3.207707821095614207e-04
1.550766025479254267e+03 3.207808544263325307e-04
1.553632506117848152e+03 3.207879752782622331e-04
1.556498986756442036e+03 3.207921623202479285e-04
1.559365467395035694e+03 3.207934331275307926e-04
1.562231948033629578e+03 3.207918051955892529e-04
1.565098428672223235e+03 3.207872959411372680e-04
1.567964909310817120e+03 3.207799227016894001e-04
1.570831389949411005e+03 3.207697027370051885e-04
1.573697870588004889e+03 3.207566532277631170e-04
1.576564351226598774e+03 3.207407912777852335e-04
1.579430831865192658e+03 3.207221339124854400e-04
1.582297312503786316e+03 3.207006980805500603e-04
1.585163793142379973e+03 3.206765006534803065e-04
1.588030273780973857e+03 3.206495584268378106e-04
1.590896754419567515e+03 3.206198881191219333e-04
1.593763235058161399e+03 3.205875063732370142e-04
1.596629715696755284e+03 3.205524297564745374e-04
1.599496196335349168e+03 3.205146747604327917e-04
1.602362676973942825e+03 3.204742578022187088e-04
1.605229157612536710e+03 3.204311952236962944e-04
1.608095638251130595e+03 3.203855032924758000e-04
1.610962118889724252e+03 3.203371982020451823e-04
1.613828599528318136e+03 3.202862960724225765e-04
1.616695080166912021e+03 3.202328129488490730e-04
1.619561560805505906e+03 3.201767648048873681e-04
1.622428041444099563e+03 3.201181675398835917e-04
1.625294522082693447e+03 3.200570369818531288e-04
1.628161002721287332e+03 3.199933888849355629e-04
1.631027483359881217e+03 3.199272389326189309e-04
1.633893963998475101e+03 3.198586027355269749e-04
1.636760444637068758e+03 3.197874958336408891e-04
1.639626925275662416e+03 3.197139336950824114e-04
1.642493405914256300e+03 3.196379317173480249e-04
1.645359886552850185e+03 3.195595052278659125e-04
1.648226367191444069e+03 3.194786694829978408e-04
1.651092847830037954e+03 3.193954396692628441e-04
1.653959328468631838e+03 3.193098309036985355e-04
1.656825809107225496e+03 3.192218582337246597e-04
1.659692289745819380e+03 3.191315366376097336e-04
1.662558770384413037e+03 3.190388810245879778e-04
1.665425251023006922e+03 3.189439062355212758e-04
1.668291731661600579e+03 3.188466270426941517e-04
1.671158212300194464e+03 3.187470581509188974e-04
1.674024692938788348e+03 3.186452141964376010e-04
1.676891173577382006e+03 3.185411097484766216e-04
1.679757654215975890e+03 3.184347593088080299e-04
1.682624134854569775e+03 3.183261773127636076e-04
1.685490615493163659e+03 3.182153781284452238e-04
1.688357096131757316e+03 3.181023760577434420e-04
1.691223576770351201e+03 3.179871853365620594e-04
1.694090057408944858e+03 3.178698201344848221e-04
1.696956538047538743e+03 3.177502945565613239e-04
1.699823018686132627e+03 3.176286226414202769e-04
1.702689499324726512e+03 3.175048183630576866e-04
1.705555979963320397e+03 3.173788956307226311e-04
1.708422460601914281e+03 3.172508682895979230e-04
1.711288941240507938e+03 3.171207501195691066e-04
1.714155421879101596e+03 3.169885548373517709e-04
1.717021902517695480e+03 3.168542960958301859e-04
1.719888383156289365e+03 3.167179874842698611e-04
1.722754863794883249e+03 3.165796425288931477e-04
1.725621344433477134e+03 3.164392746927681085e-04
1.728487825072071018e+03 3.162968973763584249e-04
1.731354305710664676e+03 3.161525239183204483e-04
1.734220786349258560e+03 3.160061675938352632e-04
1.737087266987852217e+03 3.158578416174929364e-04
1.739953747626446329e+03 3.157075591411972419e-04
1.742820228265039987e+03 3.155553332564977795e-04
1.745686708903633871e+03 3.154011769929312005e-04
1.748553189542227528e+03 3.152451033193532574e-04
1.751419670180820958e+03 3.150871251440554651e-04
1.754286150819415070e+03 3.149272553152182965e-04
1.757152631458008727e+03 3.147655066203479944e-04
1.760019112096602839e+03 3.146018917875206930e-04
1.762885592735196497e+03 3.144364234848125617e-04
1.765752073373790608e+03 3.142691143210875316e-04
1.768618554012384038e+03 3.140999768459006394e-04
1.771485034650978150e+03 3.139290235502622270e-04
1.774351515289571807e+03 3.137562668657616354e-04
1.777217995928165465e+03 3.135817191664597332e-04
1.780084476566759577e+03 3.134053927675589809e-04
1.782950957205353234e+03 3.132272999267388417e-04
1.785817437843947118e+03 3.130474528436047368e-04
1.788683918482540776e+03 3.128658636604635199e-04
1.791550399121134888e+03 3.126825444627830716e-04
1.794416879759728545e+03 3.124975072781855084e-04
1.797283360398322657e+03 3.123107640782351951e-04
1.800149841036916314e+03 3.121223267775421637e-04
1.803016321675509971e+03 3.119322072348365582e-04
1.805882802314103856e+03 3.117404172524565107e-04
1.808749282952697513e+03 3.115469685769756245e-04
1.811615763591291625e+03 3.113518728993074905e-04
1.814482244229885282e+03 3.111551418552643226e-04
1.817348724868479394e+03 3.109567870254024047e-04
1.820215205507073051e+03 3.107568199350740782e-04
1.823081686145666708e+03 3.105552520553706182e-04
1.825948166784260366e+03 3.103520948027470999e-04
1.828814647422854023e+03 3.101473595392936658e-04
1.831681128061448135e+03 3.099410575735762159e-04
1.834547608700041792e+03 3.097332001594749022e-04
1.837414089338635904e+03 3.095237984983429378e-04
1.840280569977229561e+03 3.093128637372460151e-04
1.843147050615823446e+03 3.091004069710610500e-04
1.846013531254417103e+03 3.088864392411029862e-04
1.848880011893011215e+03 3.086709715361797232e-04
1.851746492531604872e+03 3.084540147927505730e-04
1.854612973170198529e+03 3.082355798948856565e-04
1.857479453808792641e+03 3.080156776747674011e-04
1.860345934447386298e+03 3.077943189126308016e-04
1.863212415085980183e+03 3.075715143372154776e-04
1.866078895724573613e+03 3.073472746257611748e-04
1.868945376363167952e+03 3.071216104047456725e-04
1.871811857001761382e+03 3.068945322490389434e-04
1.874678337640355721e+03 3.066660506832442033e-04
1.877544818278949151e+03 3.064361761812088819e-04
1.880411298917542808e+03 3.062049191668990856e-04
1.883277779556136693e+03 3.059722900133573001e-04
1.886144260194730577e+03 3.057382990443166591e-04
1.889010740833324462e+03 3.055029565340300736e-04
1.891877221471918347e+03 3.052662727064955157e-04
1.894743702110512231e+03 3.050282577371280206e-04
1.897610182749105888e+03 3.047889217518190332e-04
1.900476663387699773e+03 3.045482748277614313e-04
1.903343144026293658e+03 3.043063269935162587e-04
1.906209624664887087e+03 3.040630882292938040e-04
1.909076105303481427e+03 3.038185684665581387e-04
1.911942585942074857e+03 3.035727775892559511e-04
1.914809066580668969e+03 3.033257254332672359e-04
1.917675547219262398e+03 3.030774217866703270e-04
1.920542027857856738e+03 3.028278763902619896e-04
1.923408508496450168e+03 3.025770989375447888e-04
1.926274989135044507e+03 3.023250990746854570e-04
1.929141469773637937e+03 3.020718864016693514e-04
1.932007950412231821e+03 3.018174704705911559e-04
1.934874431050825478e+03 3.015618607886508024e-04
1.937740911689419363e+03 3.013050668154345626e-04
1.940607392328013248e+03 3.010470979649149679e-04
1.943473872966606677e+03 3.007879636052901841e-04
1.946340353605201017e+03 3.005276730591475098e-04
1.949206834243794447e+03 3.002662356027447667e-04
1.952073314882388559e+03 3.000036604680050151e-04
1.954939795520981988e+03 2.997399568410880088e-04
1.957806276159575873e+03 2.994751338637684874e-04
1.960672756798169758e+03 2.992092006324398486e-04
1.963539237436763642e+03 2.989421661993383206e-04
1.966405718075357527e+03 2.986740395718823584e-04
1.969272198713951411e+03 2.984048297137197113e-04
1.972138679352545068e+03 2.981345455444077462e-04
1.975005159991138953e+03 2.978631959394545392e-04
1.977871640629732838e+03 2.975907897306689096e-04
1.980738121268326722e+03 2.973173357073160715e-04
1.983604601906920152e+03 2.970428426137996635e-04
1.986471082545514491e+03 2.967673191524802952e-04
1.989337563184107921e+03 2.964907739829063054e-04
1.992204043822702033e+03 2.962132157211500678e-04
1.995070524461295463e+03 2.959346529413108039e-04
1.997937005099889802e+03 2.956550941750021888e-04
2.000803485738483232e+03 2.953745479111515027e-04
2.003669966377077571e+03 2.950930225976503831e-04
2.006536447015671001e+03 2.948105266393053034e-04
2.009402927654264658e+03 2.945270684002878692e-04
2.012269408292858543e+03 2.942426562026343373e-04
2.015135888931452428e+03 2.939572983275730582e-04
2.018002369570046312e+03 2.936710030144748062e-04
2.020868850208639742e+03 2.933837784625786121e-04
2.023735330847234081e+03 2.930956328294891133e-04
2.026601811485827511e+03 2.928065742328445987e-04
2.029468292124421623e+03 2.925166107493680609e-04
2.032334772763015053e+03 2.922257504157162893e-04
2.035201253401608938e+03 2.919340012283556203e-04
2.038067734040202822e+03 2.916413711438407396e-04
2.040934214678796707e+03 2.913478680788833129e-04
2.043800695317390591e+03 2.910534999107853953e-04
2.046667175955984249e+03 2.907582744767782303e-04
2.049533656594578133e+03 2.904621995756853084e-04
2.052400137233172245e+03 2.901652829663779742e-04
2.055266617871765902e+03 2.898675323696510431e-04
2.058133098510359559e+03 2.895689554665686330e-04
2.060999579148953217e+03 2.892695599002921298e-04
2.063866059787547329e+03 2.889693532751364436e-04
2.066732540426140986e+03 2.886683431572390152e-04
2.069599021064735098e+03 2.883665370746223209e-04
2.072465501703328755e+03 2.880639425173442511e-04
2.075331982341922867e+03 2.877605669374579947e-04
2.078198462980516069e+03 2.874564177497874605e-04
2.081064943619110636e+03 2.871515023310934720e-04
2.083931424257703839e+03 2.868458280212925183e-04
2.086797904896297950e+03 2.865394021226855617e-04
2.089664385534891608e+03 2.862322319011223080e-04
2.092530866173485265e+03 2.859243245847805574e-04
2.095397346812079377e+03 2.856156873661657987e-04
2.098263827450672579e+03 2.853063274000580555e-04
2.101130308089267146e+03 2.849962518062296559e-04
2.103996788727860348e+03 2.846854676666752044e-04
2.106863269366454915e+03 2.843739820282757918e-04
2.109729750005048118e+03 2.840618019018492342e-04
2.112596230643641775e+03 2.837489342622749188e-04
2.115462711282235887e+03 2.834353860488647635e-04
2.118329191920829544e+03 2.831211641655505674e-04
2.121195672559423656e+03 2.828062754804765676e-04
2.124062153198017313e+03 2.824907268275156412e-04
2.126928633836611425e+03 2.821745250043171459e-04
2.129795114475205082e+03 2.818576767747543971e-04
2.132661595113798739e+03 2.815401888673597312e-04
2.135528075752392851e+03 2.812220679762342051e-04
2.138394556390986054e+03 2.809033207608610592e-04
2.141261037029580621e+03 2.805839538470140623e-04
2.144127517668173823e+03 2.802639738253953736e-04
2.146993998306767935e+03 2.799433872536158927e-04
2.149860478945361592e+03 2.796222006548395190e-04
2.152726959583955704e+03 2.793004205187345928e-04
2.155593440222549361e+03 2.789780533017457054e-04
2.158459920861143473e+03 2.786551054258277300e-04
2.161326401499737131e+03 2.783315832813289866e-04
2.164192882138330788e+03 2.780074932238208178e-04
2.167059362776924445e+03 2.776828415766070292e-04
2.169925843415518557e+03 2.773576346304371717e-04
2.172792324054112214e+03 2.770318786425661050e-04
2.175658804692705871e+03 2.767055798386471770e-04
2.178525285331299983e+03 2.763787444108379600e-04
2.181391765969893640e+03 2.760513785198046694e-04
2.184258246608487752e+03 2.757234882940483322e-04
2.187124727247080955e+03 2.753950798291397196e-04
2.189991207885675067e+03 2.750661591901504537e-04
2.192857688524268724e+03 2.747367324091136431e-04
2.195724169162862836e+03 2.744068054873338301e-04
2.198590649801456493e+03 2.740763843941908446e-04
2.201457130440050605e+03 2.737454750680691821e-04
2.204323611078644262e+03 2.734140834155844796e-04
2.207190091717237920e+03 2.730822153129152958e-04
2.210056572355832031e+03 2.727498766048621856e-04
2.212923052994425689e+03 2.724170731057888963e-04
2.215789533633019346e+03 2.720838105991245023e-04
2.218656014271613458e+03 2.717500948376982061e-04
2.221522494910207115e+03 2.714159315442311328e-04
2.224388975548801227e+03 2.710813264110225620e-04
2.227255456187394429e+03 2.707462850998715396e-04
2.230121936825988996e+03 2.704108132434222649e-04
2.232988417464582199e+03 2.700749164433319510e-04
2.235854898103176765e+03 2.697386002726004503e-04
2.238721378741769968e+03 2.694018702736850437e-04
2.241587859380363625e+03 2.690647319601606252e-04
2.244454340018957737e+03 2.687271908158376491e-04
2.247320820657551394e+03 2.683892522955377683e-04
2.250187301296145506e+03 2.680509218249333184e-04
2.253053781934738709e+03 2.677122048005291569e-04
2.255920262573333275e+03 2.673731065898524530e-04
2.258786743211926478e+03 2.670336325323233563e-04
2.261653223850520590e+03 2.666937879379923347e-04
2.264519704489114247e+03 2.663535780889718092e-04
2.267386185127707904e+03 2.660130082383887064e-04
2.270252665766302016e+03 2.656720836119383909e-04
2.273119146404895673e+03 2.653308094064388820e-04
2.275985627043489785e+03 2.649891907912732222e-04
2.278852107682083442e+03 2.646472329072886861e-04
2.281718588320677100e+03 2.643049408683409559e-04
2.284585068959271211e+03 2.639623197600143834e-04
2.287451549597864869e+03 2.636193746406980060e-04
2.290318030236458981e+03 2.632761105413350964e-04
2.293184510875052183e+03 2.629325324654499963e-04
2.296050991513646295e+03 2.625886453895159866e-04
2.298917472152239952e+03 2.622444542630211523e-04
2.301783952790834064e+03 2.618999640082473679e-04
2.304650433429427721e+03 2.615551795211000920e-04
2.307516914068021833e+03 2.612101056702727177e-04
2.310383394706615491e+03 2.608647472984784981e-04
2.313249875345209603e+03 2.605191092212697955e-04
2.316116355983802805e+03 2.601731962284971464e-04
2.318982836622396917e+03 2.598270130832438705e-04
2.321849317260990574e+03 2.594805645231055375e-04
2.324715797899584686e+03 2.591338552588065254e-04
2.327582278538178343e+03 2.587868899760266839e-04
2.330448759176772001e+03 2.584396733341288608e-04
2.333315239815366112e+03 2.580922099670405752e-04
2.336181720453959315e+03 2.577445044832080471e-04
2.339048201092553882e+03 2.573965614652587398e-04
2.341914681731147084e+03 2.570483854709396825e-04
2.344781162369741196e+03 2.566999810324622870e-04
2.347647643008334853e+03 2.563513526569950090e-04
2.350514123646928965e+03 2.560025048270509504e-04
2.353380604285522622e+03 2.556534419994390024e-04
2.356247084924116280e+03 2.553041686072580726e-04
2.359113565562710392e+03 2.549546890580111692e-04
2.361980046201304049e+03 2.546050077351017090e-04
2.364846526839898161e+03 2.542551289973984268e-04
2.367713007478491818e+03 2.539050571794420241e-04
2.370579488117085475e+03 2.535547965914055962e-04
2.373445968755679587e+03 2.532043515195310231e-04
2.376312449394272790e+03 2.528537262256822242e-04
2.379178930032867356e+03 2.525029249482993649e-04
2.382045410671460559e+03 2.521519519014417767e-04
2.384911891310055125e+03 2.518008112761834340e-04
2.387778371948648328e+03 2.514495072390092022e-04
2.390644852587242440e+03 2.510980439340222193e-04
2.393511333225836097e+03 2.507464254807850864e-04
2.396377813864429754e+03 2.503946559765436210e-04
2.399244294503023866e+03 2.500427394946160573e-04
2.402110775141617523e+03 2.496906800858299941e-04
2.404977255780211635e+03 2.493384817774729409e-04
2.407843736418804838e+03 2.489861485744628770e-04
2.410710217057398950e+03 2.486336844583925273e-04
2.413576697695992607e+03 2.482810933885958916e-04
2.416443178334586719e+03 2.479283793016383991e-04
2.419309658973180376e+03 2.475755461117179002e-04
2.422176139611774033e+03 2.472225977102683906e-04
2.425042620250368145e+03 2.468695379670617779e-04
2.427909100888961802e+03 2.465163707289519954e-04
2.430775581527555460e+03 2.461630998215785012e-04
2.433642062166149572e+03 2.458097290475986488e-04
2.436508542804743229e+03 2.454562621887371545e-04
2.439375023443337341e+03 2.451027030040112045e-04
2.442241504081930998e+03 2.447490552314538479e-04
2.445107984720524655e+03 2.443953225871137668e-04
2.447974465359118312e+03 2.440415087657699003e-04
2.450840945997712424e+03 2.436876174403340494e-04
2.453707426636306081e+03 2.433336522631713813e-04
2.456573907274900193e+03 2.429796168645549800e-04
2.459440387913493851e+03 2.426255148542679450e-04
2.462306868552087963e+03 2.422713498208060423e-04
2.465173349190681165e+03 2.419171253317856075e-04
2.468039829829275732e+03 2.415628449337596658e-04
2.470906310467868934e+03 2.412085121530112969e-04
2.473772791106463046e+03 2.408541304944280701e-04
2.476639271745056703e+03 2.404997034432378796e-04
2.479505752383650815e+03 2.401452344633274547e-04
2.482372233022244473e+03 2.397907269989550747e-04
2.485238713660837675e+03 2.394361844734775255e-04
2.488105194299432242e+03 2.390816102901845283e-04
2.490971674938025444e+03 2.387270078325700077e-04
2.493838155576620011e+03 2.383723804637020614e-04
2.496704636215213213e+03 2.380177315271042810e-04
2.499571116853807325e+03 2.376630643461742404e-04
2.502437597492400982e+03 2.373083822245493054e-04
2.505304078130994640e+03 2.369536884463783078e-04
2.508170558769588752e+03 2.365989862759354881e-04
2.511037039408182409e+03 2.362442789585634530e-04
2.513903520046776521e+03 2.358895697194821799e-04
2.516770000685370178e+03 2.355348617652288094e-04
2.519636481323963835e+03 2.351801582825487243e-04
2.522502961962557947e+03 2.348254624396208868e-04
2.525369442601151150e+03 2.344707773852144656e-04
2.528235923239745716e+03 2.341161062490647825e-04
2.531102403878338919e+03 2.337614521423596315e-04
2.533968884516933031e+03 2.334068181570524093e-04
2.536835365155526688e+03 2.330522073669142799e-04
2.539701845794120800e+03 2.326976228265087898e-04
2.542568326432714457e+03 2.323430675722757994e-04
2.545434807071308569e+03 2.319885446219971880e-04
2.548301287709902226e+03 2.316340569751393537e-04
2.551167768348495883e+03 2.312796076128736228e-04
2.554034248987089541e+03 2.309251994981649655e-04
2.556900729625683653e+03 2.305708355757114152e-04
2.559767210264277310e+03 2.302165187725025417e-04
2.562633690902870967e+03 2.298622519971529920e-04
2.565500171541465079e+03 2.295080381407905870e-04
2.568366652180058736e+03 2.291538800762509226e-04
2.571233132818652848e+03 2.287997806592128539e-04
2.574099613457246051e+03 2.284457427272055022e-04
2.576966094095840162e+03 2.280917691005478784e-04
2.579832574734433820e+03 2.277378625818483068e-04
2.582699055373027932e+03 2.273840259566181111e-04
2.585565536011621589e+03 2.270302619925480445e-04
2.588432016650215701e+03 2.266765734406459975e-04
2.591298497288809358e+03 2.263229630343783095e-04
2.594164977927403015e+03 2.259694334901967729e-04
2.597031458565997127e+03 2.256159875075648702e-04
2.599897939204590784e+03 2.252626277691521176e-04
2.602764419843184442e+03 2.249093569405316811e-04
2.605630900481778554e+03 2.245561776708440162e-04
2.608497381120372211e+03 2.242030925917981013e-04
2.611363861758966323e+03 2.238501043196131080e-04
2.614230342397559525e+03 2.234972154528014788e-04
2.617096823036154092e+03 2.231444285743595848e-04
2.619963303674747294e+03 2.227917462501007647e-04
2.622829784313341861e+03 2.224391710301824778e-04
2.625696264951935063e+03 2.220867054478895583e-04
2.628562745590528721e+03 2.217343520210157052e-04
2.631429226229122833e+03 2.213821132506185209e-04
2.634295706867716490e+03 2.210299916220729753e-04
2.637162187506310602e+03 2.206779896047930103e-04
2.640028668144903804e+03 2.203261096522332477e-04
2.642895148783498371e+03 2.199743542020274952e-04
2.645761629422091573e+03 2.196227256762362705e-04
2.648628110060685685e+03 2.192712264809890685e-04
2.651494590699279343e+03 2.189198590072614090e-04
2.654361071337873000e+03 2.185686256298160048e-04
2.657227551976467112e+03 2.182175287088459245e-04
2.660094032615060769e+03 2.178665705883324054e-04
2.662960513253654881e+03 2.175157535976600712e-04
2.665826993892248538e+03 2.171650800505253026e-04
2.668693474530842195e+03 2.168145522455590846e-04
2.671559955169436307e+03 2.164641724664556741e-04
2.674426435808029964e+03 2.161139429818094817e-04
2.677292916446624076e+03 2.157638660450612411e-04
2.680159397085217279e+03 2.154139438952186784e-04
2.683025877723811391e+03 2.150641787559946522e-04
2.685892358362405048e+03 2.147145728367256634e-04
2.688758839000999160e+03 2.143651283317853822e-04
2.691625319639592817e+03 2.140158474211983886e-04
2.694491800278186929e+03 2.136667322702241365e-04
2.697358280916780586e+03 2.133177850299355384e-04
2.700224761555374698e+03 2.129690078366701421e-04
2.703091242193967901e+03 2.126204028126912773e-04
2.705957722832562013e+03 2.122719720656902442e-04
2.708824203471155670e+03 2.119237176896749254e-04
2.711690684109749782e+03 2.115756417639149116e-04
2.714557164748343439e+03 2.112277463539666961e-04
2.717423645386937096e+03 2.108800335114546115e-04
2.720290126025531208e+03 2.105325052737366787e-04
2.723156606664124411e+03 2.101851636645126549e-04
2.726023087302718977e+03 2.098380106937451574e-04
2.728889567941312180e+03 2.094910483572670471e-04
2.731756048579906292e+03 2.091442786378956903e-04
2.734622529218499949e+03 2.087977035040406804e-04
2.737489009857094061e+03 2.084513249113727229e-04
2.740355490495687718e+03 2.081051448012680768e-04
2.743221971134281375e+03 2.077591651023909746e-04
2.746088451772875487e+03 2.074133877295541257e-04
2.748954932411469144e+03 2.070678145844713697e-04
2.751821413050063256e+03 2.067224475555581289e-04
2.754687893688656914e+03 2.063772885181600395e-04
2.757554374327250571e+03 2.060323393343260821e-04
2.760420854965844683e+03 2.056876018533088058e-04
2.763287335604437885e+03 2.053430779111778642e-04
2.766153816243032452e+03 2.049987693311246489e-04
2.769020296881625654e+03 2.046546779234326098e-04
2.771886777520220221e+03 2.043108054857288439e-04
2.774753258158813424e+03 2.039671538025951652e-04
2.777619738797407535e+03 2.036237246463721759e-04
2.780486219436001193e+03 2.032805197762185313e-04
2.783352700074594850e+03 2.029375409394106272e-04
2.786219180713188962e+03 2.025947898700706411e-04
2.789085661351782619e+03 2.022522682902179643e-04
2.791952141990376731e+03 2.019099779094100326e-04
2.794818622628969933e+03 2.015679204249623113e-04
2.797685103267564045e+03 2.012260975217870470e-04
2.800551583906157703e+03 2.008845108726356682e-04
2.803418064544751815e+03 2.005431621380204788e-04
2.806284545183345472e+03 2.002020529666578797e-04
2.809151025821939129e+03 1.998611849947735583e-04
2.812017506460533241e+03 1.995205598471026917e-04
2.814883987099126898e+03 1.991801791358897432e-04
2.817750467737720555e+03 1.988400444622217601e-04
2.820616948376314667e+03 1.985001574146399441e-04
2.823483429014908324e+03 1.981605195706389406e-04
2.826349909653502436e+03 1.978211324952780297e-04
2.829216390292096094e+03 1.974819977426536084e-04
2.832082870930689751e+03 1.971431168547869886e-04
2.834949351569283408e+03 1.968044913625164520e-04
2.837815832207877520e+03 1.964661227849085823e-04
2.840682312846471177e+03 1.961280126298747426e-04
2.843548793485065289e+03 1.957901623937776726e-04
2.846415274123658946e+03 1.954525735618521860e-04
2.849281754762253058e+03 1.951152476077289621e-04
2.852148235400846261e+03 1.947781859943545455e-04
2.855014716039440827e+03 1.944413901729888925e-04
2.857881196678034030e+03 1.941048615842625770e-04
2.860747677316628142e+03 1.937686016573975198e-04
2.863614157955221799e+03 1.934326118109583683e-04
