T(K)     T1     DP      T(K)    Exp. Kimel  Exp. Bungay   Exp. Hohage   T(K)              Exp. Dzhioev       T(K)               Exp. Lai
50       565    511     300     15          11            75            40                569.19113336271    26.4751552795031   1102.90827740492
100      195.2  251.8                                                   50.1212272561519  860.97479912955    41.6149068322981   879.194630872483
200      73.4   75.8                                                    78.2163405603576  396.707456274731   48.835403726708    727.069351230425
300      35.8   33.6                                                    105.446109819529  197.864149584136   59.5496894409937   722.595078299776
400      19.5   16.84                                                   115.543299937968  184.405715952975   69.7981366459627   668.903803131991
                                                                        154.349922380629  160.879591936626   79.8136645962732   583.892617449664
                                                                        204.313302360221  103.129834599173   89.8291925465838   637.583892617449
                                                                        253.68040836062   51.4376442816      109.860248447204   512.304250559284
                                                                                                             119.875776397515   521.252796420581
                                                                                                             129.891304347826   494.407158836688
                                                                                                             140.139751552794   422.818791946308
                                                                                                             149.922360248447   409.395973154362
                                                                                                             160.170807453416   382.55033557047
                                                                                                             169.720496894409   369.127516778523
                                                                                                             179.73602484472    302.013422818792
                                                                                                             189.984472049689   333.333333333333
                                                                                                             199.999999999999   293.064876957494
                                                                                                             207.919254658385   279.642058165548
                                                                                                             220.031055900621   333.333333333333
                                                                                                             230.046583850931   275.167785234899
                                                                                                             239.130434782608   248.322147651007
                                                                                                             249.145962732919   221.476510067113
                                                                                                             260.326086956521   172.259507829977