1.434781615499022833e-01 -3.277804668968476562e+03
1.434781615230263652e-01 3.277802741421138307e+03
1.064469254935594515e-02 -1.667726364049135555e+02
1.064469258637839449e-02 1.667726334002882993e+02
1.143801232681802837e-02 -1.408030760268709969e+02
1.143801239402462977e-02 1.408030724142175529e+02
1.073913784973997212e-02 -1.168652861618660665e+02
1.073913786391727729e-02 1.168652858165701645e+02
1.061300996382961645e-02 -1.035625040223837061e+02
1.061300998365216977e-02 1.035625011442851502e+02
1.093687272127001446e-02 8.452546294746086630e+01
1.093687267793229563e-02 -8.452546276198727071e+01
1.032241591387063687e-02 -8.232334917429830057e+01
1.032241589174822186e-02 8.232334744271268789e+01
1.061696365398151834e-02 -7.540080056174585366e+01
1.061696370372609312e-02 7.540079852216933887e+01
1.093557482124373620e-02 -7.004052096421709450e+01
1.093557489471421590e-02 7.004052070413396791e+01
1.024778439640249179e-02 -6.754390203959594885e+01
1.024778441270219990e-02 6.754390029536335760e+01
1.078052839269883975e-02 -6.511354709261753726e+01
1.078052842165897439e-02 6.511354548124822372e+01
1.017071829208427217e-02 -6.329825197191554764e+01
1.017071824505342073e-02 6.329825186727750719e+01
1.126311895103484020e-02 -5.647805720308818422e+01
1.126311897506673820e-02 5.647805694655296094e+01
1.013100256491161755e-02 -5.474483790892379176e+01
1.013100258010183469e-02 5.474483624075246979e+01
1.108036930990731125e-02 -5.233693609392400958e+01
1.108036932262908281e-02 5.233693482173003275e+01
1.016086886260392577e-02 -4.927191024671172670e+01
1.016086885648092089e-02 4.927191013396369357e+01
9.953728567363775981e-03 -4.866626007870966220e+01
9.953728608544959444e-03 4.866625904945492209e+01
1.132832238342418307e-02 4.753675230986262790e+01
1.132832232556657201e-02 -4.753675228059243096e+01
1.115607504819448800e-02 -4.669040893851540375e+01
1.115607507345289795e-02 4.669040788884070992e+01
1.039863710148981879e-02 -4.528834158411302013e+01
1.039863710344657993e-02 4.528834108538802639e+01
1.104439637876168320e-02 -4.401987416266710795e+01
1.104439674264835920e-02 4.401987386798118251e+01
1.047839318637233674e-02 -4.290118822491695738e+01
1.047839302665568711e-02 4.290118713091307256e+01
1.030603428707494752e-02 -4.182113549816576636e+01
1.030603420490298905e-02 4.182113461068248483e+01
1.047936572342246866e-02 -4.037172625477044363e+01
1.047936565312737427e-02 4.037172604815216204e+01
1.014264019303192516e-02 -3.987902703970571139e+01
1.014264020031363858e-02 3.987902592550445036e+01
1.089469789524911622e-02 -3.952782137914560678e+01
1.089469785867442503e-02 3.952782040080523274e+01
1.084519673562326161e-02 -3.886636630334144371e+01
1.084519682335847654e-02 3.886636611774601846e+01
1.141195215743356396e-02 -3.791907272522693972e+01
1.141195220107473450e-02 3.791907192282932471e+01
1.077312278678068877e-02 -3.765120963931558862e+01
1.077312271696066227e-02 3.765120921632351525e+01
1.115080567564748909e-02 -3.511046815617088157e+01
1.115080577633898590e-02 3.511046776242165635e+01
1.056203809102259500e-02 -3.453583463870705828e+01
1.056203803791326556e-02 3.453583386843288139e+01
1.008615342950203858e-02 -3.408693173386131292e+01
1.008615344667499608e-02 3.408693068781832380e+01
1.086555656501916184e-02 -3.360037639208702842e+01
1.086555668645645956e-02 3.360037558513341338e+01
1.018267847429177655e-02 -3.335992967981011503e+01
1.018267852573901365e-02 3.335992952232947317e+01
1.036323080921097706e-02 -3.333872950225141096e+01
1.036323100591893774e-02 3.333872929195078427e+01
1.084170645695567599e-02 -3.258021536066866730e+01
1.084170620727592516e-02 3.258021500885123345e+01
1.040349463781875539e-02 -3.256973289789259951e+01
1.040349465961126936e-02 3.256973204865342808e+01
1.107728932034077532e-02 3.194311083250549288e+01
1.107728910191018747e-02 -3.194311072596429213e+01
1.132622476131233021e-02 -3.151984335357592926e+01
1.132622494760322784e-02 3.151984296692312881e+01
1.037827018312996799e-02 -3.126110978507532678e+01
1.037827028020940623e-02 3.126110899493234641e+01
1.033704994469696915e-02 -3.081999538218772017e+01
1.033704945114224082e-02 3.081999469023307014e+01
1.143285769773194453e-02 -3.064712475892008570e+01
1.143285805027051232e-02 3.064712410858671632e+01
1.114128533913678019e-02 3.061660762909503575e+01
1.114128535897972345e-02 -3.061660752797121532e+01
1.078531300211619387e-02 -2.935626138434498955e+01
1.078531315182732452e-02 2.935626066357070485e+01
1.026879906158976313e-02 -2.910604013376444499e+01
1.026879900933981744e-02 2.910603995122269794e+01
1.129155373271975571e-02 -2.907049035456724084e+01
1.129155302713161745e-02 2.907048986387619038e+01
1.100816246116264642e-02 -2.893962246679900474e+01
1.100816280380118029e-02 2.893962222385580318e+01
1.111413862658697238e-02 -2.879389747066257144e+01
1.111413883550600723e-02 2.879389685568398960e+01
1.077044349695381251e-02 -2.849638133393668582e+01
1.077044364069873819e-02 2.849638110051805029e+01
1.133485567536746987e-02 -2.823227725845023173e+01
1.133485590679650899e-02 2.823227661798238941e+01
1.023409372298468220e-02 -2.776225054058784281e+01
1.023409338769633650e-02 2.776224971957013565e+01
1.075344332040049401e-02 -2.763821999617513825e+01
1.075344349123894330e-02 2.763821938328230132e+01
1.161060102854736230e-02 -2.706632097052653307e+01
1.161060071653588488e-02 2.706632046630178223e+01
1.101439859911245919e-02 -2.679913309923936993e+01
1.101439905655861480e-02 2.679913287418847290e+01
1.045903547583238065e-02 -2.674614083699516698e+01
1.045903538924256894e-02 2.674614016790835436e+01
1.056434155901829312e-02 -2.654145524145990365e+01
1.056434161761979525e-02 2.654145513738176732e+01
1.019066595971977740e-02 -2.631000821444351345e+01
1.019066669663751604e-02 2.631000763091110883e+01
1.054942474929200687e-02 -2.626038802918472825e+01
1.054942380544736380e-02 2.626038774597889969e+01
1.108114489185854992e-02 -2.622140245381240575e+01
1.108114516667546914e-02 2.622140191434851175e+01
9.950452883956073524e-03 -2.616165225058412247e+01
9.950452861914507036e-03 2.616165189137126745e+01
1.170044858016430420e-02 -2.576736807300966703e+01
1.170044859047425501e-02 2.576736753277979375e+01
1.105153011527765933e-02 -2.537629961657033917e+01
1.105153032582979755e-02 2.537629955193772702e+01
1.166911189277106131e-02 -2.511539339247659441e+01
1.166911190624088206e-02 2.511539280594703172e+01
1.069516479493015301e-02 -2.501848053850641662e+01
1.069516502057520080e-02 2.501847979185762227e+01
1.107637494027581375e-02 -2.472681772429600855e+01
1.107637470035118324e-02 2.472681714380420814e+01
1.027885112085026587e-02 -2.469585575683866097e+01
1.027885121916739808e-02 2.469585527496141353e+01
1.038878182697493442e-02 -2.459751093594393723e+01
1.038878187776716075e-02 2.459751067529083812e+01
1.102730927724249882e-02 2.445602296335079373e+01
1.102730870085433593e-02 -2.445602294289454903e+01
1.019468441484971087e-02 -2.439868192082584031e+01
1.019468454776994992e-02 2.439868157765121737e+01
1.098112178748687946e-02 -2.426539570644523280e+01
1.098112164299849987e-02 2.426539548375701116e+01
1.003224101822923833e-02 -2.420099425498102619e+01
1.003224071391751841e-02 2.420099380114634613e+01
1.021251265325339233e-02 -2.371836596619873561e+01
1.021251268641430211e-02 2.371836533320824714e+01
1.101278652270567572e-02 2.361026377983432667e+01
1.101278662927373045e-02 -2.361026370619560311e+01
1.071777029906444134e-02 -2.333421129270884720e+01
1.071777033881389334e-02 2.333421071330988639e+01
1.062267430759254033e-02 -2.306510503163484316e+01
1.062267439865884067e-02 2.306510495605962063e+01
1.099099708706803916e-02 -2.294353108577628930e+01
1.099099707341112502e-02 2.294353075571702405e+01
1.033303811273115179e-02 -2.288559724314057320e+01
1.033303810778659661e-02 2.288559710899426136e+01
1.091858796003083304e-02 -2.287039075505078145e+01
1.091858791285029925e-02 2.287039007399227941e+01
1.099135970664098794e-02 -2.276387113888391767e+01
1.099136007037277048e-02 2.276387057777411371e+01
1.103218055261334304e-02 -2.258807442359980300e+01
1.103218056207195749e-02 2.258807393673992792e+01
1.042172875102311165e-02 -2.257911898909116388e+01
1.042172874835483459e-02 2.257911885918861827e+01
1.079771798241111434e-02 -2.229071064384120859e+01
1.079771761479537094e-02 2.229071016934776139e+01
1.130502037356282893e-02 -2.226419427830714781e+01
1.130502116533493515e-02 2.226419382957760718e+01
1.033162646487135322e-02 -2.212520054283897153e+01
1.033162636881520581e-02 2.212520008058901411e+01
9.549866463160703103e-03 -2.207618119839082027e+01
9.549866333821661890e-03 2.207618089621887236e+01
1.061534846091487932e-02 -2.202862328435715966e+01
1.061534822375846329e-02 2.202862311626942571e+01
1.063590006445501099e-02 -2.198098077393660787e+01
1.063589999537614336e-02 2.198098025121827348e+01
1.106750560175389503e-02 -2.193950902936692415e+01
1.106750559776504411e-02 2.193950866906973118e+01
1.022799621997383564e-02 -2.166140795408490760e+01
1.022799623681173303e-02 2.166140779400799943e+01
1.040553080159152197e-02 -2.143778118202341076e+01
1.040553089330892647e-02 2.143778063580847970e+01
1.037575134053983494e-02 -2.136540544943991549e+01
1.037575136163106093e-02 2.136540528667745420e+01
1.105203647913583290e-02 -2.121766894844243012e+01
1.105203651073920559e-02 2.121766854938265112e+01
1.095368090921419041e-02 -2.116186407342240372e+01
1.095368097296859841e-02 2.116186349721800042e+01
1.056224242427601309e-02 -2.113752729799594476e+01
1.056224242848479919e-02 2.113752710662295442e+01
1.058838234853313846e-02 -2.099766084157431223e+01
1.058838231668127183e-02 2.099766029782018251e+01
1.040771452198504740e-02 -2.080975036158145386e+01
1.040771455589891911e-02 2.080974979340132691e+01
1.032036199909521987e-02 -2.074262394513968388e+01
1.032036196718772066e-02 2.074262340023465967e+01
1.030311510906524626e-02 -2.068131847660249889e+01
1.030311441137206699e-02 2.068131827969221703e+01
1.097624321580966886e-02 -2.059466130082472901e+01
1.097624432301458515e-02 2.059466093645437823e+01
9.776916678813606099e-03 -2.057918993177867861e+01
9.776916132398467268e-03 2.057918967583297842e+01
1.050986266458606502e-02 -2.053661500274738572e+01
1.050986465080861604e-02 2.053661459623718599e+01
1.020636686703495569e-02 -2.051678246701739283e+01
1.020636501537594554e-02 2.051678208490076116e+01
1.048180109571858303e-02 -2.039220070518554451e+01
1.048180123210750922e-02 2.039220055024391343e+01
1.200552718690697449e-02 -2.032498647005788683e+01
1.200552722143870960e-02 2.032498608665558848e+01
1.044623059978836734e-02 -2.030355037565340481e+01
1.044623072142313383e-02 2.030355016331822782e+01
1.055400527782395653e-02 -1.991551183203422681e+01
1.055400534538778433e-02 1.991551132695981963e+01
1.025058555108350998e-02 -1.982882181935533694e+01
1.025058550250429468e-02 1.982882162555733530e+01
1.058108095873986840e-02 -1.980298654518796297e+01
1.058108095047029067e-02 1.980298599240859758e+01
1.025919301697099557e-02 -1.971888652794575947e+01
1.025919302406552713e-02 1.971888627049922960e+01
1.030899010360750503e-02 -1.962876946303974535e+01
1.030899016862354620e-02 1.962876931559996763e+01
1.075469292038923504e-02 -1.956262255023007768e+01
1.075469319388014378e-02 1.956262203642880593e+01
1.040269514614763566e-02 -1.949161287443917345e+01
1.040269505166311129e-02 1.949161238913878691e+01
9.688628223632365574e-03 -1.942277526550851263e+01
9.688628226752912798e-03 1.942277508536921005e+01
1.057956274424552701e-02 -1.936668131455303765e+01
1.057956282188723257e-02 1.936668079403495568e+01
1.021415294857480963e-02 -1.926411335166479333e+01
1.021415319895923983e-02 1.926411310920747155e+01
1.034396645890932678e-02 -1.915233771310823840e+01
1.034396452350266546e-02 1.915233720500249248e+01
1.033252660345088808e-02 -1.915001132835674369e+01
1.033252831346641656e-02 1.915001090508653547e+01
1.044038866677601297e-02 -1.912795217056284258e+01
1.044038884159012234e-02 1.912795183962552414e+01
1.021876036236346770e-02 -1.900818389367490724e+01
1.021876018338523269e-02 1.900818366715023799e+01
9.965765264534950929e-03 -1.890036792241470209e+01
9.965764949929064448e-03 1.890036748401529110e+01
1.075360303899277822e-02 -1.883999405628370383e+01
1.075360301326946412e-02 1.883999351758835061e+01
9.679857649155550539e-03 -1.883056008722981289e+01
9.679859284109569931e-03 1.883055991541720431e+01
9.572269308090176204e-03 -1.878842313112274454e+01
9.572267948521430425e-03 1.878842297710281528e+01
1.035665790988443864e-02 -1.872987397594124204e+01
1.035665762793444578e-02 1.872987378675589909e+01
1.139242266547007415e-02 -1.871840083105608699e+01
1.139242391404004899e-02 1.871840053566424444e+01
1.078325300802332465e-02 -1.853613571629434986e+01
1.078325258682151511e-02 1.853613526927113853e+01
9.726534620618910651e-03 -1.844601763755160562e+01
9.726534875907955763e-03 1.844601751388945843e+01
1.070024531904219603e-02 -1.838780458060740486e+01
1.070024535466688326e-02 1.838780411815517724e+01
1.019138707283918227e-02 -1.835123512022621739e+01
1.019138712791142938e-02 1.835123493477411216e+01
1.051564750230447529e-02 -1.826326252986833865e+01
1.051564742077728404e-02 1.826326205541554160e+01
1.006634931268048094e-02 -1.822279070070100460e+01
1.006634931257996066e-02 1.822279061539934020e+01
1.095958935683583393e-02 -1.811858805684203588e+01
1.095958944695823306e-02 1.811858755669464927e+01
1.030714391475221099e-02 -1.803636876943350487e+01
1.030714427425261093e-02 1.803636860428539634e+01
1.033604299617156726e-02 -1.797382129873604129e+01
1.033604316687441668e-02 1.797382075976089766e+01
1.030472702537934757e-02 -1.795434900897636155e+01
1.030472674637266522e-02 1.795434855509046912e+01
1.083750842412974265e-02 -1.794315853559681884e+01
1.083750887770786389e-02 1.794315839348379527e+01
9.508537071331462504e-03 -1.786742260504804491e+01
9.508537162016507047e-03 1.786742217210561989e+01
1.043688243194570639e-02 -1.782744037186690989e+01
1.043688192738806073e-02 1.782744020722854472e+01
1.011786172858357424e-02 1.779229757876652585e+01
1.011786117375692261e-02 -1.779229755312734795e+01
1.053073510582595157e-02 -1.774855241661486716e+01
1.053073541462825821e-02 1.774855198300022963e+01
9.993643447699891019e-03 -1.757057579494383859e+01
9.993643111691805081e-03 1.757057572428492875e+01
1.065575464112647822e-02 -1.753978585046668925e+01
1.065575465394847342e-02 1.753978536014110290e+01
9.416006446417355541e-03 -1.752088008200372826e+01
9.416006536715010311e-03 1.752087998257576018e+01
9.926904058045686596e-03 -1.746738868615912565e+01
9.926906303513168689e-03 1.746738829021438377e+01
9.966303541967182211e-03 1.745520832262397093e+01
9.966306596246653909e-03 -1.745520824186048259e+01
1.037751755592578387e-02 -1.744525413571432182e+01
1.037751873679151025e-02 1.744525370764382544e+01
1.042627041272493546e-02 -1.742680803352500973e+01
1.042627064926156949e-02 1.742680757454600027e+01
1.033620142585485457e-02 -1.737563756988600616e+01
1.033620147334767675e-02 1.737563710165578712e+01
1.034337382171410247e-02 1.734676734785054819e+01
1.034337402468999030e-02 -1.734676725169392242e+01
1.096916412302943039e-02 -1.713908270770508580e+01
1.096916424984344628e-02 1.713908222889832444e+01
1.039297931986049930e-02 1.703217186449779419e+01
1.039297938816760407e-02 -1.703217172292278292e+01
1.037235553576952747e-02 -1.701130091400860778e+01
1.037235484357544937e-02 1.701130033278127485e+01
1.041437446480331444e-02 -1.700635329386681249e+01
1.041437516392102608e-02 1.700635291264458360e+01
9.624433790775963754e-03 -1.693083163483471054e+01
9.624433813829227913e-03 1.693083154870739193e+01
1.025265636528523844e-02 -1.689001989053683062e+01
1.025265636683628245e-02 1.689001944435590374e+01
1.090473918648705506e-02 -1.675842199856312931e+01
1.090473920717371925e-02 1.675842153534651757e+01
9.270507205937679115e-03 -1.671464489018593014e+01
9.270506928787131812e-03 1.671464446881739363e+01
1.045568274280408126e-02 -1.669678845696894953e+01
1.045568306702596151e-02 1.669678799447176587e+01
1.051238284088296983e-02 -1.668333660357857795e+01
1.051238300402058262e-02 1.668333629335175416e+01
1.038164436768430204e-02 1.666091108590022429e+01
1.038164399477975106e-02 -1.666091087849929053e+01
1.012531037061159891e-02 1.662995494460181334e+01
1.012531189924805071e-02 -1.662995490020397327e+01
1.031583628212739967e-02 -1.662080111909852320e+01
1.031583680657570390e-02 1.662080067666471805e+01
9.009176086160294861e-03 -1.654455051480290706e+01
9.009176157495779255e-03 1.654455041240903057e+01
1.131298627576145938e-02 -1.649119339342774992e+01
1.131298321926215225e-02 1.649119246306295850e+01
1.143808978074108661e-02 1.645957278893395070e+01
1.143808452682189281e-02 -1.645957257116879546e+01
9.595384215435960942e-03 -1.643622423705368973e+01
9.595384186341451155e-03 1.643622413086849932e+01
1.037225155682458197e-02 -1.635519980245211258e+01
1.037224970097149271e-02 1.635519943552584721e+01
1.057727411962385705e-02 -1.633794502426589546e+01
1.057727416442611965e-02 1.633794453656161139e+01
1.061093308597143951e-02 -1.633312226416546054e+01
1.061093307016086618e-02 1.633312179816848086e+01
1.046200667299180057e-02 -1.629847661852993213e+01
1.046200668408631303e-02 1.629847614751889751e+01
9.555563977861459765e-03 -1.615243012110511600e+01
9.555564095485337417e-03 1.615243011763660164e+01
1.036038721531661391e-02 -1.611948626180817712e+01
1.036038713465349537e-02 1.611948580356848026e+01
9.609389283080190663e-03 -1.610829744325122803e+01
9.609389384954012542e-03 1.610829730826439388e+01
1.010156447001592413e-02 -1.603160897486647229e+01
1.010156445042785511e-02 1.603160851984584312e+01
9.297421867224008041e-03 -1.597058122557830906e+01
9.297421511313064962e-03 1.597058106170484137e+01
1.049432583104589409e-02 -1.593618297512409754e+01
1.049432582994199586e-02 1.593618250182666074e+01
9.977263972018344390e-03 -1.588150456708173941e+01
9.977264100035200187e-03 1.588150412699720881e+01
1.013225696460129215e-02 -1.585966574200076273e+01
1.013225630288272679e-02 1.585966525896383317e+01
1.020975241333975034e-02 -1.584943755543208432e+01
1.020975243596666977e-02 1.584943726167367117e+01
1.038867508697915651e-02 -1.581323191714774623e+01
1.038867090091543516e-02 1.581323145950256759e+01
9.141311017251730481e-03 -1.580662513227060550e+01
9.141316243704854932e-03 1.580662501023063093e+01
8.197832194721633298e-03 -1.574075023571417908e+01
8.197832227498451016e-03 1.574075008258708941e+01
1.019787907836412072e-02 -1.566550674974025981e+01
1.019787911427815982e-02 1.566550626208663566e+01
9.539243168684962901e-03 -1.563300770470261014e+01
9.539238047173510121e-03 1.563300767565759664e+01
1.018811674524262335e-02 -1.563118288415013168e+01
1.018812200647764218e-02 1.563118243160468879e+01
1.030789322949958800e-02 -1.548070217503035906e+01
1.030794451676321846e-02 1.548070196566924217e+01
9.579544655695137675e-03 -1.547571009502999395e+01
9.579495892577196553e-03 1.547570990705473370e+01
1.027575657309646832e-02 -1.547018936723732985e+01
1.027575708428303536e-02 1.547018889716685308e+01
9.894006848063095771e-03 -1.545364233195215675e+01
9.894007667841710554e-03 1.545364191785310659e+01
1.054288856170361617e-02 1.544267978121164120e+01
1.054289779968579227e-02 -1.544267957806006564e+01
1.020648866626802653e-02 1.543157289590075010e+01
1.020648425352089356e-02 -1.543157255622512558e+01
9.834578216548683569e-03 -1.541739946985833498e+01
9.834578375225600660e-03 1.541739907026995482e+01
9.535231064212806862e-03 -1.540424715638793707e+01
9.535231432416881731e-03 1.540424672925199090e+01
1.002087532119333088e-02 -1.527695550491462484e+01
1.002087540384329067e-02 1.527695507216525606e+01
9.355794851825496167e-03 -1.524793561877874026e+01
9.355794826984231705e-03 1.524793558056252252e+01
1.011710895958861656e-02 -1.522485386268332874e+01
1.011710898326287876e-02 1.522485340056163494e+01
1.004832624230006174e-02 -1.519704739269612226e+01
1.004832622456860655e-02 1.519704691805691787e+01
9.129547934719029617e-03 -1.501512124561453732e+01
9.129547973921202375e-03 1.501512122550157535e+01
9.825869869075935445e-03 -1.501394933472474236e+01
9.825869964140155829e-03 1.501394894814731629e+01
9.570505570757000674e-03 -1.496321459831947287e+01
9.570505530898568147e-03 1.496321414931224325e+01
9.664093911626196742e-03 -1.494774584759335667e+01
9.664093948700294007e-03 1.494774536640516516e+01
9.914147681604427303e-03 -1.488400555746605924e+01
9.914147701696834208e-03 1.488400510628190965e+01
9.251465956227319931e-03 -1.486532193099527355e+01
9.251466086783760590e-03 1.486532188182488134e+01
9.950165023504365519e-03 -1.479466558105999852e+01
9.950165092513667264e-03 1.479466515789634684e+01
8.801228417945812857e-03 -1.467161312972011089e+01
8.801195259491793876e-03 1.467161290518708050e+01
1.114062140764044036e-02 -1.465314881060941232e+01
1.114065562503433263e-02 1.465314796460277336e+01
9.692049548369215811e-03 -1.462703064592629509e+01
9.692049602978879824e-03 1.462703018314542369e+01
1.136477559974656201e-02 1.462233034525851494e+01
1.136477259873009543e-02 -1.462232995620420084e+01
9.819905292530805435e-03 -1.458180864829952483e+01
9.819904090850165024e-03 1.458180855028889766e+01
9.990362175911990730e-03 -1.456696189985917655e+01
9.990358251303657969e-03 1.456696158054213797e+01
1.007131413053182455e-02 1.454216732839302217e+01
1.007131073963207953e-02 -1.454216721457466832e+01
9.615940364658256620e-03 -1.452596486969538070e+01
9.615940361193845570e-03 1.452596443335784215e+01
9.693611149748065925e-03 -1.448449910423969023e+01
9.693614572186431619e-03 1.448449906869553061e+01
9.343291498073733395e-03 1.447125279211889470e+01
9.343296881449993790e-03 -1.447125270703247324e+01
9.669691646440756183e-03 -1.437833189903192022e+01
9.669691603719847775e-03 1.437833149262757715e+01
9.430505582365919862e-03 -1.436476330597140993e+01
9.430505602962751394e-03 1.436476284311143559e+01
8.765135563143653524e-03 -1.435052623111252856e+01
8.765131612422330520e-03 1.435052583405082061e+01
9.762545563425036738e-03 -1.429970050709859031e+01
9.762551505185226505e-03 1.429970021523277879e+01
8.820036455808885276e-03 -1.429304616694000529e+01
8.820036532173950589e-03 1.429304605514722226e+01
9.498173404267055975e-03 -1.425562489192647320e+01
9.498171823532627206e-03 1.425562460814188803e+01
9.591069650858118079e-03 -1.418587319554694481e+01
9.591069669059365879e-03 1.418587276092765492e+01
9.102302957353775731e-03 -1.409668020892196694e+01
9.102302988896290858e-03 1.409667974598437645e+01
9.157891366083557166e-03 -1.409554667797530669e+01
9.157891540008546161e-03 1.409554664448761940e+01
9.590341274598030569e-03 -1.403151936074678119e+01
9.590341287918373661e-03 1.403151901128279633e+01
9.153569649777712827e-03 -1.398455556721458848e+01
9.153569580035578884e-03 1.398455550052322138e+01
9.497815562976956449e-03 -1.397515911263237776e+01
9.497815567781637408e-03 1.397515871325323111e+01
9.115519136402050124e-03 1.393164149102315008e+01
9.115519223332445298e-03 -1.393164146619447585e+01
9.463211480128769226e-03 -1.390080426908325073e+01
9.463211501099943676e-03 1.390080383845100087e+01
9.310550281136257406e-03 -1.385212845780492330e+01
9.310550295980242821e-03 1.385212810429748842e+01
8.547478220182765096e-03 -1.383135936607678929e+01
8.547478188011888023e-03 1.383135934463050276e+01
9.411934685664010217e-03 1.365826448644330071e+01
9.411934167697104739e-03 -1.365826443444264449e+01
9.187983298882391320e-03 -1.364097462473529099e+01
9.187983319909040492e-03 1.364097419620607532e+01
9.456555271793025755e-03 -1.361069005549549082e+01
9.456555776137739316e-03 1.361068965397654829e+01
9.460401859294035459e-03 -1.360996565939945313e+01
9.460401383097729114e-03 1.360996530678296423e+01
9.410031648746632060e-03 -1.353923385858348105e+01
9.410031752587078718e-03 1.353923355060625511e+01
9.737422093147683061e-03 1.347273033072050907e+01
9.737421895000888949e-03 -1.347273026017780850e+01
9.993063088267948452e-03 1.339048343124596308e+01
9.993063031769219146e-03 -1.339048332737086255e+01
8.853790846217167790e-03 -1.337450889697692169e+01
8.853790868996957997e-03 1.337450846947805694e+01
1.054794399594883962e-02 1.331664354702881603e+01
1.054794273212358857e-02 -1.331664334909559777e+01
9.388326718271831559e-03 -1.329487690362542018e+01
9.388326741999606512e-03 1.329487651505202805e+01
1.011072669647509678e-02 1.324017824177269809e+01
1.011070089482152615e-02 -1.324017814082004918e+01
9.529657886580401513e-03 -1.323475674410567393e+01
9.529632071757226583e-03 1.323475647854007420e+01
8.671847843988871735e-03 -1.319745909545129692e+01
8.671847530006319971e-03 1.319745905395923380e+01
1.026363559845708782e-02 1.316427293222701245e+01
1.026363527774402061e-02 -1.316427281676425487e+01
9.223272326431466300e-03 -1.314127876005822415e+01
9.223272351046090875e-03 1.314127844536230327e+01
1.017154075955146834e-02 1.309936593806774496e+01
1.017153984208527678e-02 -1.309936571970142083e+01
8.547525008562675136e-03 -1.309141236988633317e+01
8.547525041675854002e-03 1.309141194475859926e+01
9.227255591103532620e-03 -1.302155001381090038e+01
9.227255405381247846e-03 1.302154963343555139e+01
8.307101406566905905e-03 -1.299551476554821328e+01
8.307100620756742437e-03 1.299551453564275150e+01
9.769670626229631782e-03 1.294710857789914904e+01
9.769671273031547629e-03 -1.294710840449609357e+01
9.321572229845778018e-03 -1.286654501502662562e+01
9.321572093469003562e-03 1.286654467208670205e+01
1.151285078442599794e-02 -1.282724491465314465e+01
1.151285145310314284e-02 1.282724393115862327e+01
1.125342185708875370e-02 1.280093627183097915e+01
1.125339547877592973e-02 -1.280093574979970583e+01
9.586105390538748189e-03 -1.278235317547140504e+01
9.586078771985358932e-03 1.278235300339019176e+01
8.971406831731578921e-03 -1.276631624276523169e+01
8.971406806440663725e-03 1.276631586403036778e+01
7.622802540240520425e-03 -1.273585772105487379e+01
7.622802687949908548e-03 1.273585764000843490e+01
9.184953566110657525e-03 1.272360565590514270e+01
9.184953854048081429e-03 -1.272360558921597296e+01
8.393923107178142412e-03 -1.263400464586259808e+01
8.393923101809081314e-03 1.263400464335552797e+01
9.963880934917202295e-03 -1.261203582577341820e+01
9.963881713914178595e-03 1.261203547698342398e+01
9.405174246892824413e-03 -1.255641834112006983e+01
9.405174563831967746e-03 1.255641809988848578e+01
8.689049715266829177e-03 -1.251040437445817766e+01
8.689050222164481502e-03 1.251040436954025026e+01
8.661060051589253642e-03 -1.250698537075706618e+01
8.661060401509258072e-03 1.250698500210790698e+01
9.664854397933145269e-03 -1.248165984316424648e+01
9.664853314884877880e-03 1.248165962402262608e+01
1.042439341876044527e-02 -1.243002413224721536e+01
1.042439310242125605e-02 1.243002401313721883e+01
1.044743314474511769e-02 1.240669912106895367e+01
1.044743339203984753e-02 -1.240669861129677365e+01
9.070589687936779152e-03 -1.236591459457894793e+01
9.070589624644402604e-03 1.236591430612351417e+01
8.904069406587392793e-03 -1.230703426092394182e+01
8.904069583845555802e-03 1.230703422139304237e+01
8.581900733113363364e-03 1.225154111788909894e+01
8.581901815242494458e-03 -1.225154109269575642e+01
9.132482913135554076e-03 -1.224045739391328702e+01
9.132483605026418122e-03 1.224045706845767434e+01
8.366683824773393438e-03 -1.222972526604038102e+01
8.366683167725982168e-03 1.222972489340312130e+01
8.453811745778829628e-03 1.215070760808367112e+01
8.453811649550592444e-03 -1.215070760185530219e+01
8.947133616661655242e-03 -1.204082968027018907e+01
8.947133543928769556e-03 1.204082937795304353e+01
9.054539204793427346e-03 -1.199522854651413439e+01
9.054540377137732313e-03 1.199522818441481320e+01
8.973076753539175471e-03 -1.198241141559244838e+01
8.973074369918943721e-03 1.198241122594972197e+01
7.990561474475384521e-03 -1.194485633154271476e+01
7.990562573551773448e-03 1.194485622012940240e+01
8.024442631566347517e-03 -1.194373099693353879e+01
8.024442742667867862e-03 1.194373063184889894e+01
9.153002656377575916e-03 -1.185758448528663855e+01
9.153001285635627149e-03 1.185758439464204272e+01
9.358975956473360863e-03 1.182507718066762514e+01
9.358974429722699204e-03 -1.182507692396242760e+01
9.127833390308868686e-03 -1.179828665568130042e+01
9.127833634948652811e-03 1.179828647332785252e+01
8.696957900866428282e-03 -1.175465318448507013e+01
8.696957911425409055e-03 1.175465286416638833e+01
8.690763280782411865e-03 1.172004823970361009e+01
8.690763683816009680e-03 -1.172004818239459745e+01
8.958992960093333652e-03 -1.165911055455284284e+01
8.958992961265524468e-03 1.165911028199701249e+01
7.633104155527460633e-03 -1.155415957452458819e+01
7.633104180213074429e-03 1.155415941138299907e+01
8.369797214271435665e-03 -1.149722908274302036e+01
8.369797223610092249e-03 1.149722876252275228e+01
8.934441389819865187e-03 -1.143810018854138555e+01
8.934441481922435549e-03 1.143809995382768285e+01
8.604424156873133681e-03 1.140836743645944473e+01
8.604424164316979567e-03 -1.140836740674833827e+01
8.954823126300148067e-03 -1.135713159021695695e+01
8.954823133981035244e-03 1.135713132655455659e+01
1.042232050785088168e-02 -1.134460537167600158e+01
1.042232255132395299e-02 1.134460535351821697e+01
1.044055082581177817e-02 1.132226819758729341e+01
1.044055232527833083e-02 -1.132226770456448328e+01
7.810472667704905850e-03 1.123930205329240373e+01
7.810472561038775928e-03 -1.123930204868531924e+01
8.056163960061894433e-03 -1.122970951625466007e+01
8.056163978161797953e-03 1.122970919734746253e+01
9.663343746054466055e-03 1.116752800387818922e+01
9.663344580707769124e-03 -1.116752793654328180e+01
9.051620429053486988e-03 -1.116067978159031959e+01
9.051620486358335355e-03 1.116067956729455979e+01
1.013953510187472901e-02 1.112370202929500351e+01
1.013953220971416935e-02 -1.112370177504590174e+01
8.914097502874371651e-03 -1.108050564753141209e+01
8.914097517418131944e-03 1.108050538620668490e+01
9.126054479707840922e-03 1.105777123607474088e+01
9.126057012884828540e-03 -1.105777110954111286e+01
1.114992117308645850e-02 -1.095859491727716417e+01
1.114991543941603463e-02 1.095859407097124816e+01
7.781968359959941413e-03 -1.095413820968387597e+01
7.781968388079677987e-03 1.095413789322297049e+01
1.117631793176538171e-02 1.093361202262990872e+01
1.117630705900117191e-02 -1.093361141548446902e+01
1.030895814484362669e-02 -1.088837962586605101e+01
1.030895161306363828e-02 1.088837931967649197e+01
8.396833660659620141e-03 1.085752358412722351e+01
8.396833428366747704e-03 -1.085752355326355634e+01
1.035805681979840367e-02 -1.084123326646206387e+01
1.035806236452601822e-02 1.084123322942389223e+01
8.755545556038159954e-03 -1.083290137594214819e+01
8.755545307825896711e-03 1.083290111942259237e+01
9.633807390970656331e-03 -1.077712858638426141e+01
9.633803723944229028e-03 1.077712852621545636e+01
7.839200968010558157e-03 1.070401876410927144e+01
7.839200847293018026e-03 -1.070401874191390590e+01
7.538604067725588123e-03 -1.067713468174890146e+01
7.538604099328388361e-03 1.067713436849245845e+01
8.438077104803761580e-03 1.066241207415717618e+01
8.438076583626436325e-03 -1.066241204405207377e+01
8.468589789317989766e-03 -1.059447572958193540e+01
8.468589788908988808e-03 1.059447547389255995e+01
8.119573317824710715e-03 1.054748853220861982e+01
8.119572387281734707e-03 -1.054748851796292541e+01
8.898743961758442608e-03 -1.053058897998006316e+01
8.898743964482341839e-03 1.053058877943875338e+01
8.389990548045522106e-03 -1.040956295653405483e+01
8.389989010021234317e-03 1.040956277275914665e+01
9.039659749993126867e-03 -1.040369599146463742e+01
9.039670375954551862e-03 1.040369593698013162e+01
9.423276187945764382e-03 1.038489120555073164e+01
9.423285040989748049e-03 -1.038489079291373152e+01
8.140255391385116043e-03 -1.035000360900874661e+01
8.140255391417751396e-03 1.035000335366004798e+01
8.469012769182101413e-03 -1.026913310284150782e+01
8.469005835850397512e-03 1.026913308204348318e+01
8.867443257538434181e-03 -1.026406031231309512e+01
8.867443421367700307e-03 1.026406012262864387e+01
9.057981642418048984e-03 -1.024949237337324881e+01
9.057998072067747000e-03 1.024949232705795588e+01
9.163972158160792886e-03 1.023532837925881545e+01
9.163982582543665420e-03 -1.023532796762253483e+01
9.260392343322548445e-03 -1.016103304022372456e+01
9.260392954600174184e-03 1.016103281543311887e+01
7.833641689572354641e-03 -1.009569421628452268e+01
7.833641698490566296e-03 1.009569396118829765e+01
8.999365245751544604e-03 -1.007204095211265304e+01
8.999365017080734885e-03 1.007204090795975659e+01
8.923649244370604125e-03 -9.984136035105281692e+00
8.923649269797695113e-03 9.984135851670339790e+00
1.020127787674006761e-02 9.973229601867426908e+00
1.020127735277961273e-02 -9.973229595978319040e+00
1.022335928097325639e-02 9.952134876762846361e+00
1.022335994951752841e-02 -9.952134292507746949e+00
7.902141520101969852e-03 9.881259272874043376e+00
7.902141386084339525e-03 -9.881259229867008997e+00
7.042664400309569910e-03 -9.853628834359993149e+00
7.042664445210902562e-03 9.853628801132176207e+00
7.562810929777392770e-03 -9.835237153847677050e+00
7.562810946809397916e-03 9.835236899758585949e+00
8.715885352253611301e-03 -9.755366307283736660e+00
8.715885362864328467e-03 9.755366117482127564e+00
8.654473141630671801e-03 -9.652668961370714840e+00
8.654473091668796886e-03 9.652668780367294588e+00
9.811162600550839968e-03 -9.621311865416686260e+00
9.811159471075220351e-03 9.621311863166569722e+00
9.935000270929800550e-03 9.601169065802624303e+00
9.934995336619263998e-03 -9.601168568545958237e+00
7.321966332305139200e-03 -9.574073895756626484e+00
7.321966355384597683e-03 9.574073643233482755e+00
8.235220589084282783e-03 9.544324546625581718e+00
8.235223655146613891e-03 -9.544324450116553393e+00
8.510034824715885515e-03 -9.531389799862859391e+00
8.510034820400615152e-03 9.531389614164851309e+00
8.897527848454354210e-03 -9.488095316494391085e+00
8.897528015373776938e-03 9.488095227227844930e+00
7.507525310306847194e-03 -9.334427309762158842e+00
7.507525327666910234e-03 9.334427256070849666e+00
7.100486686683292296e-03 -9.318775946220402062e+00
7.100486714760332121e-03 9.318775695296368511e+00
8.227240520536947127e-03 -9.306975059493963087e+00
8.227243782735765495e-03 9.306974872315342040e+00
1.094419593987036934e-02 9.306772606109410262e+00
1.094419934055554031e-02 -9.306772485209076962e+00
1.091156045538761200e-02 9.287181706557463556e+00
1.091155681006959061e-02 -9.287181181097208693e+00
7.920511552400829811e-03 9.269924532460484201e+00
7.920516633910664253e-03 -9.269924492050487075e+00
9.491512541306198342e-03 -9.228590744653780931e+00
9.491510630741537002e-03 9.228590522183404588e+00
1.012276084400203120e-02 -9.180433640333065526e+00
1.012276945714766715e-02 9.180433632192743332e+00
9.899088060007013579e-03 9.125699430048037186e+00
9.899092748763603164e-03 -9.125699365098629556e+00
7.915526611826309220e-03 -9.076405081109498951e+00
7.915526603260933380e-03 9.076404892755270737e+00
8.336202082267443747e-03 9.061871137537028886e+00
8.336201506796384053e-03 -9.061871074513263125e+00
9.972997577248118167e-03 9.016065555942111232e+00
9.972989875561107803e-03 -9.016065471720382973e+00
9.766102335819384916e-03 8.994316492389943463e+00
9.766110346051150998e-03 -8.994316062319244409e+00
9.027513706390349890e-03 -8.950860056793683128e+00
9.027512497358424967e-03 8.950859940041226537e+00
1.153081948808815094e-02 -8.908436009648045939e+00
1.153081370461564448e-02 8.908435253689651390e+00
1.095869406607729961e-02 8.890577305439395062e+00
1.095861362630356703e-02 -8.890576710501173707e+00
8.451231960327985557e-03 8.877390015377837784e+00
8.451305358743527174e-03 -8.877389914566832019e+00
7.626585711532300055e-03 -8.838582603830928974e+00
7.626585711458303690e-03 8.838582414322370795e+00
7.703226529794948881e-03 8.836547522188608283e+00
7.703227111314506215e-03 -8.836547515774290318e+00
7.336529596443265924e-03 8.728666845209794189e+00
7.336529513417138285e-03 -8.728666840633785284e+00
8.706485579242015382e-03 -8.722688969415939297e+00
8.706485573342425538e-03 8.722688844468105884e+00
7.296406484519696138e-03 8.712597714888287825e+00
7.296406349699318186e-03 -8.712597685593156172e+00
7.367127922123642425e-03 -8.597100921945825647e+00
7.367127929614325846e-03 8.597100731707241650e+00
7.944741321331124859e-03 -8.529821841673681959e+00
7.944744561357901247e-03 8.529821619289757351e+00
7.849025086091369202e-03 8.517018530730561920e+00
7.849030614391301619e-03 -8.517018196655079976e+00
8.629545551042302684e-03 -8.512354017033628040e+00
8.629547493533867852e-03 8.512353903222095397e+00
9.634609008812217157e-03 -8.405142178465421665e+00
9.634609894799021912e-03 8.405141617501090678e+00
9.562011233412163330e-03 8.378163883229696296e+00
9.562011657746252030e-03 -8.378163377600204242e+00
7.133748149178844276e-03 -8.356254965735317342e+00
7.133748162433325123e-03 8.356254775118118872e+00
8.510984794821242760e-03 -8.305422759318952686e+00
8.510984661105867183e-03 8.305422643487119672e+00
7.402195460094629365e-03 8.295886916189338933e+00
7.402195462436917187e-03 -8.295886867410793286e+00
1.043900421652329928e-02 -8.283140105961189548e+00
1.043900487991466716e-02 8.283140088391121481e+00
1.044725192007498783e-02 8.266078898099191719e+00
1.044725230673972799e-02 -8.266078263704827123e+00
8.799806176121362580e-03 -8.131917904520138407e+00
8.799805364461614487e-03 8.131917552142731154e+00
6.921240981901457222e-03 -8.121202415158066401e+00
6.921241004846055700e-03 8.121202224293654126e+00
8.820986355800830916e-03 8.120073267205549783e+00
8.820986349691931072e-03 -8.120072592102934195e+00
8.243093654134805298e-03 -8.103761063441909940e+00
8.243093631233950475e-03 8.103760944357437879e+00
7.380451727981021497e-03 7.962723414978684744e+00
7.380451625805526869e-03 -7.962723357241409339e+00
6.724540236174662497e-03 -7.899273761317991749e+00
6.724540667599098603e-03 7.899273570015024504e+00
7.953371064148088629e-03 -7.896387865314805410e+00
7.953370629870577108e-03 7.896387743935991743e+00
8.295978946182530622e-03 -7.874434125534066631e+00
8.295972107101146076e-03 7.874433836396624642e+00
9.060489912514183702e-03 7.839740461210590539e+00
9.060481965645229147e-03 -7.839740269169433340e+00
7.742817452404151396e-03 7.687044992839564550e+00
7.742819428367090674e-03 -7.687044984538732528e+00
7.685533672169980735e-03 -7.683159271561984305e+00
7.685533655219395702e-03 7.683159148421806250e+00
7.769607842433291084e-03 -7.663918199940901843e+00
7.769608530145138622e-03 7.663918196430274499e+00
9.466867851259714098e-03 -7.638887026906073352e+00
9.466869065961443924e-03 7.638886769920046227e+00
9.487197547816487650e-03 7.624831640090222074e+00
9.487198484494691400e-03 -7.624830900748252205e+00
1.076498525149954463e-02 -7.577594931806699741e+00
1.076498815954870548e-02 7.577594331144631212e+00
1.077307072748360205e-02 7.555384057863185454e+00
1.077307284688067482e-02 -7.555383324460470895e+00
7.427421695905793951e-03 -7.465736081777099464e+00
7.427421686739361581e-03 7.465735956065704393e+00
7.364320507709477479e-03 7.428097822143093332e+00
7.364320373467495365e-03 -7.428097761932808574e+00
8.761590100131643952e-03 -7.398086906774769211e+00
8.761589800942107958e-03 7.398086817804227167e+00
1.102779669012710420e-02 7.330905264832918711e+00
1.102779664430557013e-02 -7.330905113134958739e+00
1.103828534820019969e-02 7.314960722316541819e+00
1.103828554155517581e-02 -7.314960162376234365e+00
8.787204208641510167e-03 -7.280733193231550437e+00
8.787204221256034176e-03 7.280733182875220422e+00
7.190677315321366593e-03 -7.247151093593044102e+00
7.190677305541586309e-03 7.247150965566656389e+00
7.303419187620450656e-03 7.224875789694809924e+00
7.303418989694500721e-03 -7.224875737671118792e+00
6.613743719986414291e-03 7.160932248748600237e+00
6.613743676942311286e-03 -7.160932244901974997e+00
1.086191073878551086e-02 7.109880926318036032e+00
1.086190943970358723e-02 -7.109880795079999594e+00
1.086455506355432990e-02 7.093119462860489222e+00
1.086455552883791933e-02 -7.093118837040613300e+00
8.352815576579464274e-03 -7.067216897659695185e+00
8.352815473239467992e-03 7.067216823711232720e+00
7.270739419889857280e-03 7.051482024361473755e+00
7.270739273285494082e-03 -7.051481976791578177e+00
6.972226452499517661e-03 -7.030639599791201455e+00
6.972226452964841621e-03 7.030639469497390159e+00
6.937524421678917946e-03 6.948670194862391902e+00
6.937524318842993275e-03 -6.948670173842413256e+00
8.373661271970950226e-03 -6.915725929948552064e+00
8.373661348447610300e-03 6.915725892582882395e+00
6.770932409460297605e-03 -6.820039148102771343e+00
6.770932418239378366e-03 6.820039015722664466e+00
7.067529320771251053e-03 -6.809845931949835673e+00
7.067529757795117801e-03 6.809845917231988288e+00
1.064883705662189942e-02 6.789380061678440548e+00
1.064882690579336232e-02 -6.789379889483955210e+00
1.038131276142895479e-02 6.775851039470600412e+00
1.038130416384230870e-02 -6.775850502092774619e+00
8.082781501003355809e-03 -6.759844563433869524e+00
8.082778655857060165e-03 6.759844447079605523e+00
7.794476734717192302e-03 6.749072426942110958e+00
7.794495066185327427e-03 -6.749072093078693158e+00
8.090832085084445624e-03 -6.726776878590144726e+00
8.090831755281370150e-03 6.726776819074411051e+00
9.822438914835120161e-03 -6.697534070973397924e+00
9.822440906475991482e-03 6.697533391928095270e+00
9.878135604568450551e-03 6.679893569082941518e+00
9.878136422060042332e-03 -6.679892742773847480e+00
6.582724901716754083e-03 -6.620254472600322515e+00
6.582724913312813265e-03 6.620254337936855471e+00
7.905758971191936477e-03 -6.547733473028197082e+00
7.905758956621287969e-03 6.547733417658553101e+00
6.391142367169424902e-03 -6.438738924190051449e+00
6.391142383415927310e-03 6.438738786364912592e+00
8.048176916974628808e-03 -6.433127996294899731e+00
8.048174745288884380e-03 6.433127695138828095e+00
8.100301936682154438e-03 6.423735467159965573e+00
8.100299602203575242e-03 -6.423734898935800963e+00
7.661542220659132811e-03 -6.359888584959739966e+00
7.661542179418815227e-03 6.359888524399427645e+00
7.587037207416608663e-03 6.350497243205803777e+00
7.587037600110388066e-03 -6.350497235430578868e+00
6.833236632445728077e-03 6.310254146565105415e+00
6.833236556180660032e-03 -6.310254097350150637e+00
1.093335308458407915e-02 6.192344705690913109e+00
1.093335330366895092e-02 -6.192344594563643945e+00
1.094076916077828254e-02 6.178782908557181486e+00
1.094076888773904029e-02 -6.178782299322371330e+00
7.443336140000244953e-03 -6.169282841574380782e+00
7.443335714442008734e-03 6.169282778202966000e+00
1.055828596010067316e-02 -6.165296758714459813e+00
1.055828892590111520e-02 6.165296516197415144e+00
1.043999940797372440e-02 6.134664443841183257e+00
1.044000087315786335e-02 -6.134663955692958304e+00
1.007105013665150414e-02 -6.037715770759453093e+00
1.007105703677323508e-02 6.037715227503140270e+00
9.757473599611425630e-03 6.022634400682220779e+00
9.757478046599998150e-03 -6.022633736802480264e+00
8.579554217055944051e-03 -5.983305658466747445e+00
8.579532553618526847e-03 5.983305359958015934e+00
7.224894477668702270e-03 -5.976770661094507275e+00
7.224894460772874651e-03 5.976770594436127126e+00
8.339135180986067403e-03 5.975947286744445641e+00
8.339063475870473960e-03 -5.975946881772067343e+00
8.255982908576268292e-03 5.968096643380241595e+00
8.256036801464930464e-03 -5.968096252216758657e+00
7.019109434893647075e-03 -5.784897850552843224e+00
7.019109422589894440e-03 5.784897780203827722e+00
6.901493297038282723e-03 5.760530179658026384e+00
6.901493191388016410e-03 -5.760530117934711036e+00
9.016156018964518321e-03 -5.648008815364566892e+00
9.016156640069519085e-03 5.648008570133131734e+00
8.938670111465884388e-03 5.618779299842685759e+00
8.938670561918408627e-03 -5.618778989017713776e+00
6.824705109424518412e-03 -5.596010020994770962e+00
6.824705101875164909e-03 5.596009946953119041e+00
6.937897739217008947e-03 5.549661360436617841e+00
6.937897709217691680e-03 -5.549661298956769961e+00
9.771508122909708383e-03 -5.440976840503047640e+00
9.771511895442827611e-03 5.440976608350306165e+00
9.761968623471395379e-03 5.430306091576497352e+00
9.761970372837484866e-03 -5.430305290246091765e+00
6.642653554993448867e-03 -5.412875469810091822e+00
6.642653551920624753e-03 5.412875392190366952e+00
1.114202935160416713e-02 5.393161977117550521e+00
1.114203263417151007e-02 -5.393161810100163933e+00
6.921930158650418941e-03 5.386094304190875981e+00
6.921916457304275357e-03 -5.386094241319439924e+00
1.112316165543431740e-02 5.381415120568739496e+00
1.112317408914857350e-02 -5.381414565528332972e+00
8.235796000567674469e-03 -5.290229158273595189e+00
8.235803744364243728e-03 5.290228775115894955e+00
7.922248917949452351e-03 5.276916918985185667e+00
7.922256170509296702e-03 -5.276916513227636329e+00
6.854370514943621852e-03 5.240670991874002205e+00
6.854370387205949849e-03 -5.240670941320169973e+00
6.471285707319185225e-03 -5.238667299881061723e+00
6.471285708207792989e-03 5.238667218735938214e+00
6.533922689339728695e-03 5.176648218005187374e+00
6.533922756344288582e-03 -5.176648180770455632e+00
7.016848234798275449e-03 -5.122327697505115296e+00
7.016847878275299377e-03 5.122327674654452601e+00
6.305316713426106431e-03 -5.077275832600916416e+00
6.305316717878223925e-03 5.077275747758255520e+00
7.293649724294762327e-03 -4.987767694421788356e+00
7.293604115852387118e-03 4.987767402742713685e+00
1.024869447630098046e-02 -4.985869004746175115e+00
1.024873658928145137e-02 4.985868393991893299e+00
7.120270736428761446e-03 4.982867376488225197e+00
7.120267342032488705e-03 -4.982866929749680374e+00
7.691115534447775202e-03 4.973007523222015003e+00
7.691078936918734066e-03 -4.973007521932657049e+00
1.038712190644601290e-02 4.970774838940626772e+00
1.038715847121641361e-02 -4.970773949639924361e+00
6.127591091500930905e-03 -4.934489799944345556e+00
6.127591100219523593e-03 4.934489710568620069e+00
7.593047539968232791e-03 4.849192119897459463e+00
7.593047515739716029e-03 -4.849192108197243556e+00
1.034923339284066213e-02 -4.819413190178859274e+00
1.034923347833825724e-02 4.819413067617057678e+00
1.035883309237949426e-02 4.808764553838104305e+00
1.035883319039140535e-02 -4.808763783872255004e+00
7.712618455654930531e-03 -4.683421664859711342e+00
7.712618906925341328e-03 4.683421250802766167e+00
7.724966063586330423e-03 4.678500218178651693e+00
7.724968625453434296e-03 -4.678499531886574303e+00
7.281538208488764173e-03 -4.672927436078857966e+00
7.281537923645621177e-03 4.672927422925077678e+00
1.166643861228695844e-02 -4.668158859547101081e+00
1.166644079435089076e-02 4.668158416587835369e+00
1.168492951088713830e-02 4.653495743970468723e+00
1.168492954104256160e-02 -4.653494879623466751e+00
6.274533731722984828e-03 4.626751267174060267e+00
6.274533696543747700e-03 -4.626751243425700544e+00
7.197862866340584524e-03 -4.520318569853334800e+00
7.197862870717836557e-03 4.520318562009728147e+00
8.306316487434899087e-03 -4.413106275629490760e+00
8.306302814353478531e-03 4.413106195398762921e+00
9.718813225717753274e-03 4.382717744037326391e+00
9.718769719811153757e-03 -4.382717674621857462e+00
8.284619089854469362e-03 4.360674446084289002e+00
8.284648586837646544e-03 -4.360674171939204591e+00
6.993562696162010026e-03 -4.356758598673267535e+00
6.993562420382824080e-03 4.356758583439734878e+00
8.353944741468924753e-03 -4.290090716225948064e+00
8.353945130536794689e-03 4.290090272954448558e+00
8.364537216021233901e-03 4.284622953157967373e+00
8.364537756111156339e-03 -4.284622126668010011e+00
1.110746323796980156e-02 4.229675621163217158e+00
1.110746324903370136e-02 -4.229675548252423312e+00
1.111614360715702451e-02 4.219566717585637505e+00
1.111614363341308087e-02 -4.219566038010556852e+00
6.835545297768873090e-03 -4.196962365817136664e+00
6.835545278877122946e-03 4.196962345781258819e+00
6.673699085084709194e-03 -4.039687295671640754e+00
6.673699068380932811e-03 4.039687270918157047e+00
6.432032197553349401e-03 4.026190167838664458e+00
6.432032126722049374e-03 -4.026190119487141672e+00
8.062138291001134591e-03 3.996554230335586766e+00
8.062139902104170294e-03 -3.996554228846568968e+00
9.237251191363305552e-03 3.935599612053023222e+00
9.237245194812164495e-03 -3.935599512854426774e+00
7.846406207097481739e-03 3.889682537712518595e+00
7.846404542574868246e-03 -3.889682400695991582e+00
6.558033308603860786e-03 -3.887347575708506309e+00
6.558027506495452477e-03 3.887347551385753608e+00
8.996446926631717494e-03 -3.807373426754276480e+00
8.996443608152463953e-03 3.807373057658762328e+00
9.033059148035097602e-03 3.801348044174287288e+00
9.033055348474939780e-03 -3.801347201591059211e+00
6.368866696317927734e-03 -3.742176764783969212e+00
6.368866687398190389e-03 3.742176730926153549e+00
7.262101067250273032e-03 3.729114555630277827e+00
7.262101742653943523e-03 -3.729114500439004054e+00
6.451045046383350155e-03 3.663059742760049975e+00
6.451044957849445122e-03 -3.663059691505619053e+00
1.148409079453733758e-02 3.613321290406918518e+00
1.148409092265472928e-02 -3.613321119962439099e+00
6.224201129419215314e-03 -3.605985772962335911e+00
6.224201232237473562e-03 3.605985734664614029e+00
1.149107740640014676e-02 3.605392147611238940e+00
1.149107753153915182e-02 -3.605391571941508833e+00
6.694531818678999685e-03 -3.542104979075537230e+00
6.694523727316553305e-03 3.542104971083051890e+00
8.517566035337544375e-03 3.525431086429815064e+00
8.517555686037733137e-03 -3.525431017613220419e+00
6.079719701266484908e-03 -3.480904804408788689e+00
6.079719699015795689e-03 3.480904761545823067e+00
8.072751626921755366e-03 3.477050865536304602e+00
8.072753562067805713e-03 -3.477050708592630990e+00
6.506854021442779260e-03 3.423409817096543684e+00
6.506853951866477942e-03 -3.423409774019538609e+00
6.477472598373321989e-03 3.394488847173474877e+00
6.477472895497489273e-03 -3.394488787366751303e+00
5.924540520035319335e-03 -3.369521601520919951e+00
5.924540522094679830e-03 3.369521553596641628e+00
1.093307829697996551e-02 -3.310096034643968732e+00
1.093307870125599136e-02 3.310095572276793519e+00
1.093688587963841281e-02 3.299188174250450967e+00
1.093688631954288504e-02 -3.299187315254562325e+00
9.829832444013067785e-03 -3.242516539278613941e+00
9.829832539002101785e-03 3.242516247727825096e+00
9.836553493469724768e-03 3.236448717755318949e+00
9.836553581590511477e-03 -3.236447856723891459e+00
6.892107141309973886e-03 -3.194302090700474661e+00
6.892105242688391017e-03 3.194301917861555040e+00
6.926548852303864023e-03 3.191281097026697378e+00
6.926547189821431923e-03 -3.191280752894517292e+00
1.206084193380084491e-02 -3.165508706106733072e+00
1.206084189859642393e-02 3.165508473968052350e+00
1.206427814493241449e-02 3.154845578825942187e+00
1.206427750000085147e-02 -3.154844763876456071e+00
7.879953072228988720e-03 -3.147979164005131114e+00
7.879952699304556066e-03 3.147979150468263487e+00
7.860297564923339475e-03 3.105777367514667819e+00
7.860297719842793476e-03 -3.105777207784542693e+00
7.424206742233499523e-03 -2.909030599359411884e+00
7.424207662323453402e-03 2.909030236721840801e+00
7.428681963959156767e-03 2.906714970001273546e+00
7.428682945111241692e-03 -2.906714350516387491e+00
7.261997278916996340e-03 -2.821663792789168124e+00
7.261997301868535447e-03 2.821663779788381898e+00
7.281721606942093486e-03 2.779167727020167344e+00
7.281721622116887199e-03 -2.779167620417656526e+00
1.022823095366572066e-02 -2.725893322662775287e+00
1.022823167040025003e-02 2.725892824426689121e+00
1.023518650768611045e-02 2.717165254228733229e+00
1.023518716124069416e-02 -2.717164385593123122e+00
1.060819778470847331e-02 -2.625566086175583180e+00
1.060819776887837219e-02 2.625565932938382918e+00
1.061357223746148618e-02 2.620193240414839586e+00
1.061357185912587854e-02 -2.620192450358556524e+00
6.377781128924146434e-03 -2.592261716492401558e+00
6.377780625599028738e-03 2.592261705906526714e+00
6.767977273410013053e-03 2.556079161245140341e+00
6.767977296405191731e-03 -2.556079120345669420e+00
8.028243821535724009e-03 -2.553177398320456870e+00
8.028245622904458742e-03 2.553176913388879754e+00
8.033428370408546293e-03 2.550977198475741670e+00
8.033429954001870474e-03 -2.550976369401519950e+00
6.581102862047893270e-03 2.443205756325521616e+00
6.581102935391214270e-03 -2.443205739016090394e+00
6.473941360104727705e-03 2.323472125085983109e+00
6.473941378592753051e-03 -2.323472113634393210e+00
9.477574419838697556e-03 -2.243901952666487176e+00
9.477572542699186017e-03 2.243901460890327382e+00
9.500349036488463239e-03 2.236258901465807192e+00
9.500346846723475847e-03 -2.236258064935159773e+00
6.377622733319194756e-03 2.212355546462566824e+00
6.377622993736632370e-03 -2.212355537164010233e+00
6.041825165258238317e-03 2.207109304864135257e+00
6.041825139391894528e-03 -2.207109279834574611e+00
8.638428668486117235e-03 -2.122968597288405590e+00
8.638421820057085032e-03 2.122968441862131961e+00
8.723109635024390435e-03 2.118875710357178921e+00
8.723102158189388611e-03 -2.118875135459170611e+00
6.239844710758782158e-03 2.102957845925669478e+00
6.239844731675591241e-03 -2.102957843513757030e+00
7.249441972658149033e-03 2.067948010217834920e+00
7.249418088983832116e-03 -2.067947938592103352e+00
1.103059114311343014e-02 2.060606634419599015e+00
1.103055859139053484e-02 -2.060606552879058473e+00
1.119909775057031064e-02 2.056667587639024575e+00
1.119915484614162661e-02 -2.056666935901580118e+00
6.124069407599462209e-03 -1.999957910407301087e+00
6.124069394765585886e-03 1.999957908114975869e+00
6.009305465218589722e-03 -1.903253716302130139e+00
6.009305455095269137e-03 1.903253709210468436e+00
6.072407633161231930e-03 1.873537718711824507e+00
6.072407579937230335e-03 -1.873537687953019004e+00
7.253806557474259259e-03 1.816484147628008250e+00
7.253808940130200729e-03 -1.816484120134710167e+00
5.896018615524754695e-03 -1.813362018849529855e+00
5.896018605657223424e-03 1.813362007044633017e+00
8.613403144446887122e-03 -1.785442005273291777e+00
8.613477951073209363e-03 1.785441788531938911e+00
7.953464442119561814e-03 1.779353782344083479e+00
7.953536741982306091e-03 -1.779353258575637087e+00
5.782437847281019297e-03 -1.730405634668495507e+00
5.782437845510803379e-03 1.730405618149509994e+00
5.937924722313068539e-03 1.726965066432137652e+00
5.937924700944106383e-03 -1.726965045214792660e+00
1.140417433471562457e-02 -1.720367095544143243e+00
1.140417391001073352e-02 1.720366822351272029e+00
1.141383591977726888e-02 1.713739783092475433e+00
1.141383548834859658e-02 -1.713739004816353440e+00
1.189619077323848806e-02 1.685529834393582949e+00
1.189619098033997333e-02 -1.685529653994531252e+00
1.190149163776180880e-02 1.682964299763472837e+00
1.190149171522560112e-02 -1.682963680204855761e+00
7.089976405897331808e-03 1.635850500666312657e+00
7.089972350206107110e-03 -1.635850431528920623e+00
9.395163004573292911e-03 -1.615466146058442076e+00
9.395254447253680724e-03 1.615465997581654101e+00
8.992126711193778807e-03 1.613011329692178641e+00
8.992222504275795836e-03 -1.613010709255057185e+00
6.305359452726450042e-03 1.599143844006795101e+00
6.305359458666974157e-03 -1.599143797346570972e+00
7.630207898600487385e-03 1.463778091993224617e+00
7.630208070700241103e-03 -1.463778025977475528e+00
6.743862747483423022e-03 1.387516376706077192e+00
6.743861994840978993e-03 -1.387516292118002426e+00
7.577221804953687342e-03 -1.377307120482651026e+00
7.577212364746749133e-03 1.377307051536980964e+00
8.181617919485805607e-03 1.367210419258072296e+00
8.181609318791943641e-03 -1.367210118473225711e+00
8.475837584119762930e-03 1.243533386051687062e+00
8.475837668818601150e-03 -1.243533299736043984e+00
7.252164593386367999e-03 1.118513122738525878e+00
7.252163715616797429e-03 -1.118513000655141365e+00
1.034793405281404614e-02 -1.108626008122251649e+00
1.034790225833672785e-02 1.108625702810628555e+00
1.041189889087620890e-02 1.104076542240347347e+00
1.041184494837877478e-02 -1.104075814504470454e+00
8.234074049034260240e-03 1.090132615073591715e+00
8.234096539015516025e-03 -1.090132464269394807e+00
1.026699213817337288e-02 -1.054265552855916832e+00
1.026700705636009528e-02 1.054265529058228124e+00
1.019708064383240652e-02 1.052499292524927688e+00
1.019709589556292567e-02 -1.052498725848264538e+00
7.592395839353748010e-03 9.998376603388318129e-01
7.592396417117138960e-03 -9.998375795762456386e-01
8.154413772726371717e-03 9.464697262906563990e-01
8.154413346727546960e-03 -9.464696053422386735e-01
7.823927966572339146e-03 7.868662748961744446e-01
7.823927116599715612e-03 -7.868660724304130660e-01
7.873847510429288904e-03 7.781125547750887828e-01
7.873848254189562759e-03 -7.781124750522480094e-01
7.043395949716402780e-03 6.894292337630690826e-01
7.043396368348144032e-03 -6.894291854399829944e-01
7.518167610473623121e-03 6.487118721013533928e-01
7.518167164129473112e-03 -6.487117717724830701e-01
9.875322854767944539e-03 -5.694257129225930303e-01
9.875324355352155248e-03 5.694253429335126571e-01
9.873352003527739035e-03 5.657795346313081453e-01
9.873353464108797911e-03 -5.657787087024928052e-01
1.103675842659431090e-02 4.560606866882644939e-01
1.103676063616065850e-02 -4.560599138674030217e-01
1.102831130045573739e-02 -4.555913488420251789e-01
1.102831380209737602e-02 4.555911541825012900e-01
6.572047793381570642e-03 4.394625311852238259e-01
6.572048315018371237e-03 -4.394625027334655987e-01
7.237176783723032331e-03 4.086633258959063153e-01
7.237173450613067216e-03 -4.086632220010328331e-01
8.438948266002247942e-03 3.903818865314731545e-01
8.438952977465854349e-03 -3.903816225882334456e-01
8.274560749984168767e-03 3.827245060492505124e-01
8.274559080263366173e-03 -3.827244509645552628e-01
6.191538646190878487e-03 2.478732832970904909e-01
6.191538986498244974e-03 -2.478732667747812479e-01
6.841194549732565119e-03 2.168241602958788650e-01
6.841194021662061128e-03 -2.168241191929269340e-01
1.178337910807284589e-02 -1.877657097497656691e-01
1.178337919575460704e-02 1.877656482943388383e-01
1.178780248652210733e-02 1.853423401354364897e-01
1.178780246345159308e-02 -1.853416414343410645e-01
5.912049778689516463e-03 1.108259036751368387e-01
5.912050215293916666e-03 -1.108258975873675917e-01
6.950327922653466717e-03 8.810803326316812845e-02
6.950327382802147687e-03 -8.810801003374885143e-02
9.061817570686815301e-03 -6.603265260609168796e-02
9.061819207769512136e-03 6.603221650137496013e-02
9.065763720224138261e-03 6.378635958983089327e-02
9.065765134054642321e-03 -6.378551468728947682e-02
5.742015728440666780e-03 2.733641828818547670e-02
5.742016586311725693e-03 -2.733641791041985930e-02
8.252286720234378384e-03 1.582474136228774822e-02
8.252285989490223961e-03 -1.582473501942015248e-02
4.844016507731523369e+00 6.850426910113270368e-09
4.844016507731771171e+00 6.850166870301821712e-09
