-1.529332216421153134e-14 7.614282631582636011e-03 -0.000000000000000000e+00
1.091071677450372590e-13 7.614282638187969479e-03 -0.000000000000000000e+00
-5.196140522292780339e-05 7.618774656467240843e-03 -0.000000000000000000e+00
-5.324796941841292153e-05 7.621062195070704010e-03 -0.000000000000000000e+00
-2.080224912353045852e-04 7.618409375071038929e-03 -0.000000000000000000e+00
-2.105400240552945945e-04 7.622692156460637337e-03 -0.000000000000000000e+00
-4.648818377502306198e-04 7.572032155703573540e-03 -0.000000000000000000e+00
-4.685225873849452327e-04 7.577896933370453607e-03 -0.000000000000000000e+00
-8.172850999668412886e-04 7.438708318865561164e-03 -0.000000000000000000e+00
-8.218955646755454758e-04 7.445955709868807594e-03 -0.000000000000000000e+00
-6.108368605549502339e-03 4.767175961765283965e-03 -0.000000000000000000e+00
-6.103951512628741360e-03 4.752610179385183785e-03 -0.000000000000000000e+00
-1.258379815101767774e-03 7.213628713647036138e-03 -0.000000000000000000e+00
-1.263769306480311272e-03 7.222492652681189972e-03 -0.000000000000000000e+00
-5.290383973510642823e-03 5.835236376025658249e-03 -0.000000000000000000e+00
-5.285174635688616451e-03 5.817710865493854779e-03 -0.000000000000000000e+00
-1.780133069840650339e-03 6.937510222553688183e-03 -0.000000000000000000e+00
-1.786083498588941776e-03 6.948333646355512629e-03 -0.000000000000000000e+00
-4.500355311615494847e-03 6.022595780056865834e-03 -0.000000000000000000e+00
-4.494543476142726091e-03 6.005487522011519405e-03 -0.000000000000000000e+00
-2.373758683375637446e-03 6.657483544764562951e-03 -0.000000000000000000e+00
-2.380034709652562031e-03 6.670254373200891658e-03 -0.000000000000000000e+00
-3.746219080305035476e-03 6.197854825328336092e-03 -0.000000000000000000e+00
-3.740018267284567210e-03 6.181869619297820050e-03 -0.000000000000000000e+00
-3.030111018169578951e-03 6.400132886950992903e-03 -0.000000000000000000e+00
-3.036469914275086168e-03 6.414638466330492735e-03 -0.000000000000000000e+00
-3.036469949782377720e-03 6.414638462446044416e-03 -0.000000000000000000e+00
-3.030111056497530875e-03 6.400132902256391344e-03 -0.000000000000000000e+00
-3.740018229209468581e-03 6.181869595287714514e-03 -0.000000000000000000e+00
-3.746219046122239993e-03 6.197854822096678096e-03 -0.000000000000000000e+00
-2.380034745044695699e-03 6.670254363533252573e-03 -0.000000000000000000e+00
-2.373758720596391703e-03 6.657483551689218244e-03 -0.000000000000000000e+00
-4.494543439709786092e-03 6.005487489663509718e-03 -0.000000000000000000e+00
-4.500355280086243415e-03 6.022595770052946267e-03 -0.000000000000000000e+00
-1.786083532388155204e-03 6.948333633346354642e-03 -0.000000000000000000e+00
-1.780133104649972431e-03 6.937510222230011334e-03 -0.000000000000000000e+00
-5.285174602284281598e-03 5.817710826835366909e-03 -0.000000000000000000e+00
-5.290383945791649056e-03 5.835236361416696639e-03 -0.000000000000000000e+00
-1.263769337245451707e-03 7.222492639179151075e-03 -0.000000000000000000e+00
-1.258379846279134018e-03 7.213628709664721660e-03 -0.000000000000000000e+00
-6.103951483602043648e-03 4.752610146239210839e-03 -0.000000000000000000e+00
-6.108368582572687444e-03 4.767175950441851322e-03 -0.000000000000000000e+00
-8.218955910780090246e-04 7.445955699030074905e-03 -0.000000000000000000e+00
-8.172851264033054175e-04 7.438708316905839717e-03 -0.000000000000000000e+00
-4.685226082803140013e-04 7.577896926527450880e-03 -0.000000000000000000e+00
-4.648818584828684486e-04 7.572032158979727194e-03 -0.000000000000000000e+00
-2.105400385410127750e-04 7.622692152068745106e-03 -0.000000000000000000e+00
-2.080225054840456611e-04 7.618409382407602577e-03 -0.000000000000000000e+00
-5.324797687755733477e-05 7.621062190428733174e-03 -0.000000000000000000e+00
-5.196141243202223592e-05 7.618774664661374582e-03 -0.000000000000000000e+00
-5.196498005427541145e-05 7.619798149335224417e-03 -0.000000000000000000e+00
-5.324417369287348656e-05 7.619980246023048444e-03 -0.000000000000000000e+00
-1.538378217092462030e-04 7.621854706001909667e-03 -0.000000000000000000e+00
-1.606050289719995749e-04 7.623813333457522996e-03 -0.000000000000000000e+00
-3.561142974476128042e-04 7.599707228238487822e-03 -0.000000000000000000e+00
-3.723575041774951355e-04 7.598670668984296855e-03 -0.000000000000000000e+00
-6.546518955835300968e-04 7.513049783353284959e-03 -0.000000000000000000e+00
-6.840084209882579813e-04 7.499334134627924989e-03 -0.000000000000000000e+00
-6.437796582273419554e-03 3.917823801785294373e-03 -0.000000000000000000e+00
-1.043585091654891661e-03 7.338512187275231073e-03 -0.000000000000000000e+00
-1.089237622129396454e-03 7.302644828457445503e-03 -0.000000000000000000e+00
-5.622638779660349417e-03 5.748634856655577934e-03 -0.000000000000000000e+00
-5.818462039604871405e-03 5.289753633697487183e-03 -0.000000000000000000e+00
-1.515696488365747552e-03 7.094577539241648211e-03 -0.000000000000000000e+00
-1.580308597461055342e-03 7.034193970414124274e-03 -0.000000000000000000e+00
-4.831840110334273408e-03 6.007980137494458098e-03 -0.000000000000000000e+00
-5.001824821250611119e-03 5.847650810011306537e-03 -0.000000000000000000e+00
-6.611477427075573843e-03 3.920978291095809226e-03 -0.000000000000000000e+00
-2.062823228604709902e-03 6.826261117014045289e-03 -0.000000000000000000e+00
-2.148513810078384045e-03 6.745289914140788906e-03 -0.000000000000000000e+00
-4.072852213282990297e-03 6.164167383240748074e-03 -0.000000000000000000e+00
-4.217274245768981578e-03 6.019435678067823307e-03 -0.000000000000000000e+00
-6.434808359789850885e-03 4.698184054745725528e-03 -0.000000000000000000e+00
-2.676252669873924184e-03 6.567267527962329134e-03 -0.000000000000000000e+00
-2.784603532425405925e-03 6.470949957016246777e-03 -0.000000000000000000e+00
-3.353699804771764770e-03 6.352642199552808663e-03 -0.000000000000000000e+00
-3.473221034913737126e-03 6.216264730534842679e-03 -0.000000000000000000e+00
-6.345673408065660714e-03 4.850324098479700564e-03 -0.000000000000000000e+00
-3.347073751622964277e-03 6.337072930700073450e-03 -0.000000000000000000e+00
-3.479161837918187672e-03 6.231155077725123587e-03 -0.000000000000000000e+00
-2.682880361813161363e-03 6.581077319677101911e-03 -0.000000000000000000e+00
-2.778591755755593917e-03 6.457492564696515683e-03 -0.000000000000000000e+00
-6.345622754798330156e-03 4.849742594484343465e-03 -0.000000000000000000e+00
-4.066465403544217150e-03 6.147098511601799264e-03 -0.000000000000000000e+00
-4.222910574903537828e-03 6.035417366385622748e-03 -0.000000000000000000e+00
-2.069209173095221121e-03 6.838150690730416745e-03 -0.000000000000000000e+00
-2.142670612688551968e-03 6.733552056086895832e-03 -0.000000000000000000e+00
-6.434659767119987883e-03 4.696546399395921077e-03 -0.000000000000000000e+00
-4.825916633702020953e-03 5.989815957597734511e-03 -0.000000000000000000e+00
-5.006937019396945354e-03 5.864239220013458230e-03 -0.000000000000000000e+00
-1.521600203367418080e-03 7.104479116063384080e-03 -0.000000000000000000e+00
-1.574870906923903080e-03 7.024434701415283901e-03 -0.000000000000000000e+00
-6.611240886420066687e-03 3.918675878813632912e-03 -0.000000000000000000e+00
-5.617382442987317592e-03 5.730638161258874014e-03 -0.000000000000000000e+00
-5.822851182715971241e-03 5.305202149016399228e-03 -0.000000000000000000e+00
-1.048778512864778634e-03 7.346666720004619254e-03 -0.000000000000000000e+00
-1.084430286662052545e-03 7.294805550596179453e-03 -0.000000000000000000e+00
-6.433385071973024560e-03 3.905055808867637090e-03 -0.000000000000000000e+00
-6.589294113191479507e-04 7.519798254752373123e-03 -0.000000000000000000e+00
-6.800342636261169638e-04 7.493072028528905727e-03 -0.000000000000000000e+00
-3.593027668549741982e-04 7.605013884391138325e-03 -0.000000000000000000e+00
-3.693873979069839386e-04 7.593871782594586659e-03 -0.000000000000000000e+00
-1.558058099479231462e-04 7.625321054103071858e-03 -0.000000000000000000e+00
-1.587687389437986152e-04 7.620717941397106912e-03 -0.000000000000000000e+00
-5.263030071425700562e-05 7.621008930070529569e-03 -0.000000000000000000e+00
-5.262286662832682538e-05 7.618903949399589114e-03 -0.000000000000000000e+00
-2.080291635813691364e-04 7.620437800698648748e-03 -0.000000000000000000e+00
-2.105324840228628425e-04 7.620421754981565599e-03 -0.000000000000000000e+00
-3.561173409960816105e-04 7.600701425568633790e-03 -0.000000000000000000e+00
-3.723538220693212164e-04 7.597478518367700717e-03 -0.000000000000000000e+00
-6.000424006344373673e-04 7.535353569751907822e-03 -0.000000000000000000e+00
-6.377451903158137814e-04 7.514865139810976077e-03 -0.000000000000000000e+00
-9.350141406272161060e-04 7.398285411142910620e-03 -0.000000000000000000e+00
-1.001157258964185948e-03 7.341817093053017163e-03 -0.000000000000000000e+00
-5.999879152408515992e-03 5.341351807276031004e-03 -0.000000000000000000e+00
-6.417594499096651584e-03 3.779326474766211974e-03 -0.000000000000000000e+00
-6.417967895763238007e-03 4.146097599530972240e-03 -0.000000000000000000e+00
-1.354762622314376053e-03 7.191491383048546383e-03 -0.000000000000000000e+00
-1.455384418885180553e-03 7.088099180199620465e-03 -0.000000000000000000e+00
-5.213268493520106794e-03 5.979904520338996145e-03 -0.000000000000000000e+00
-5.580125970536531366e-03 5.586828466274579123e-03 -0.000000000000000000e+00
-6.107827124826631371e-03 5.363326037202757225e-03 -0.000000000000000000e+00
-1.851905217477356480e-03 6.947346956146392173e-03 -0.000000000000000000e+00
-1.992009005707479075e-03 6.799321601054258979e-03 -0.000000000000000000e+00
-4.454725240117390905e-03 6.132457569668077479e-03 -0.000000000000000000e+00
-4.770751333688760809e-03 5.856043133254456093e-03 -0.000000000000000000e+00
-5.882336960523149028e-03 5.839445822332158496e-03 -0.000000000000000000e+00
-2.418326554967265007e-03 6.700133368363963941e-03 -0.000000000000000000e+00
-2.601852794789638601e-03 6.515702999106974189e-03 -0.000000000000000000e+00
-3.731771770912745145e-03 6.290943763394174493e-03 -0.000000000000000000e+00
-3.997698750680067636e-03 6.032733007845569005e-03 -0.000000000000000000e+00
-5.745390616737400258e-03 5.961062396356437733e-03 -0.000000000000000000e+00
-3.045534051266479691e-03 6.470856104674095437e-03 -0.000000000000000000e+00
-3.275390345830853089e-03 6.260428350268192228e-03 -0.000000000000000000e+00
-3.052422339912180815e-03 6.485713075672886081e-03 -0.000000000000000000e+00
-3.269779422927387991e-03 6.246605996192694001e-03 -0.000000000000000000e+00
-5.699410465044324470e-03 5.989497225959808900e-03 -0.000000000000000000e+00
-3.724964278915721128e-03 6.274325237044550523e-03 -0.000000000000000000e+00
-4.003095993458938295e-03 6.047592908679934320e-03 -0.000000000000000000e+00
-2.425056505977435384e-03 6.713080564659508996e-03 -0.000000000000000000e+00
-2.596259727984079335e-03 6.503265273058623716e-03 -0.000000000000000000e+00
-5.745221859167148892e-03 5.959217421458770821e-03 -0.000000000000000000e+00
-4.448228466930798097e-03 6.114365133694818315e-03 -0.000000000000000000e+00
-4.775713177312429503e-03 5.871521599823795005e-03 -0.000000000000000000e+00
-1.858236548561653656e-03 6.958321846546838656e-03 -0.000000000000000000e+00
-1.986667024027943818e-03 6.788609931181222544e-03 -0.000000000000000000e+00
-5.882009170942670284e-03 5.835825226495488377e-03 -0.000000000000000000e+00
-5.207296048143267297e-03 5.960910365372624337e-03 -0.000000000000000000e+00
-5.584447802697428687e-03 5.601862724153331037e-03 -0.000000000000000000e+00
-1.360462860341665747e-03 7.200584724969115447e-03 -0.000000000000000000e+00
-1.450519542529143946e-03 7.079394839347711264e-03 -0.000000000000000000e+00
-6.107359423679015187e-03 5.358183777022480949e-03 -0.000000000000000000e+00
-5.994622179855579880e-03 5.323937561833081734e-03 -0.000000000000000000e+00
-6.421095269345311607e-03 3.789917186489651264e-03 -0.000000000000000000e+00
-9.398682541998659712e-04 7.405807588082593401e-03 -0.000000000000000000e+00
-9.969788034910886942e-04 7.335027259737060025e-03 -0.000000000000000000e+00
-6.417388130248113942e-03 4.141381016879469579e-03 -0.000000000000000000e+00
-6.038626858385076623e-04 7.541465746120083920e-03 -0.000000000000000000e+00
-6.344360518696079421e-04 7.509694621139401116e-03 -0.000000000000000000e+00
-3.587529126504174215e-04 7.605165896110814561e-03 -0.000000000000000000e+00
-3.700611462714442634e-04 7.593859605188413818e-03 -0.000000000000000000e+00
-2.093742238082341167e-04 7.622822462243175612e-03 -0.000000000000000000e+00
-2.093595173817131005e-04 7.618526996645905158e-03 -0.000000000000000000e+00
-1.587793822205307848e-04 7.623837994981623629e-03 -0.000000000000000000e+00
-1.557944976540992510e-04 7.622037024475715634e-03 -0.000000000000000000e+00
-4.648909131361733671e-04 7.575060965154526392e-03 -0.000000000000000000e+00
-4.685116094146901666e-04 7.574311706140101491e-03 -0.000000000000000000e+00
-6.546572532745986717e-04 7.515018647533523374e-03 -0.000000000000000000e+00
-6.840014173629949124e-04 7.496836729598700677e-03 -0.000000000000000000e+00
-6.437782422600207832e-03 3.910242999123813602e-03 -0.000000000000000000e+00
-9.350164212695299959e-04 7.399246398722884518e-03 -0.000000000000000000e+00
-1.001153991627229400e-03 7.340532069470997838e-03 -0.000000000000000000e+00
-6.417992448422948915e-03 4.156164956235805334e-03 -0.000000000000000000e+00
-5.999858572908023380e-03 5.330530547078101561e-03 -0.000000000000000000e+00
-6.417598717651712414e-03 3.784286784822476959e-03 -0.000000000000000000e+00
-1.300732060413228863e-03 7.224399136452685360e-03 -0.000000000000000000e+00
-1.413493725942072121e-03 7.105650943099880990e-03 -0.000000000000000000e+00
-5.640174406920633876e-03 5.876669312058054040e-03 -0.000000000000000000e+00
-6.220791067780229167e-03 4.481703458120858165e-03 -0.000000000000000000e+00
-5.640147577893606101e-03 5.863402793562186646e-03 -0.000000000000000000e+00
-6.220798989304138216e-03 4.487928071011059415e-03 -0.000000000000000000e+00
-1.745327331830720530e-03 7.010451836135709290e-03 -0.000000000000000000e+00
-1.913094056451319913e-03 6.827137247524717352e-03 -0.000000000000000000e+00
-4.887035527343597252e-03 6.100769882289466123e-03 -0.000000000000000000e+00
-5.391730007641565292e-03 5.640292841590456054e-03 -0.000000000000000000e+00
-5.364640769148498745e-03 6.032714875554247812e-03 -0.000000000000000000e+00
-6.071210476324112593e-03 4.621760374969341965e-03 -0.000000000000000000e+00
-2.261432020552095468e-03 6.785331949605417218e-03 -0.000000000000000000e+00
-2.491034294749644440e-03 6.544150904495209080e-03 -0.000000000000000000e+00
-4.165579342156860987e-03 6.234126006485892976e-03 -0.000000000000000000e+00
-4.594851085085893683e-03 5.858583710683209003e-03 -0.000000000000000000e+00
-5.178125418931422974e-03 6.111483312697838996e-03 -0.000000000000000000e+00
-5.970563043765697575e-03 4.668392754188275574e-03 -0.000000000000000000e+00
-2.841126376457892011e-03 6.569009932791454974e-03 -0.000000000000000000e+00
-3.137839292995853180e-03 6.282013147868044552e-03 -0.000000000000000000e+00
-3.483303854508040809e-03 6.392420383628490306e-03 -0.000000000000000000e+00
-3.838767826921274384e-03 6.044070735591321707e-03 -0.000000000000000000e+00
-5.083945488663699219e-03 6.146189890457856575e-03 -0.000000000000000000e+00
-5.920042253421770040e-03 4.686483735276725758e-03 -0.000000000000000000e+00
-3.476252989252720527e-03 6.376526218040252936e-03 -0.000000000000000000e+00
-3.843864618469666761e-03 6.057862566425918117e-03 -0.000000000000000000e+00
-2.848097767253532364e-03 6.583007651300807651e-03 -0.000000000000000000e+00
-3.132621604561292017e-03 6.269205116497669067e-03 -0.000000000000000000e+00
-5.083823774088780389e-03 6.145193534046892829e-03 -0.000000000000000000e+00
-5.920249769821889219e-03 4.686998392838942311e-03 -0.000000000000000000e+00
-4.158679422738537079e-03 6.216518118294484321e-03 -0.000000000000000000e+00
-4.599607601065508478e-03 5.872953881416799124e-03 -0.000000000000000000e+00
-2.268088916068639049e-03 6.797383777107521285e-03 -0.000000000000000000e+00
-2.485920566098559492e-03 6.532698703517204539e-03 -0.000000000000000000e+00
-5.177766827014790296e-03 6.108525984679632169e-03 -0.000000000000000000e+00
-5.971182909522865234e-03 4.669946602832570660e-03 -0.000000000000000000e+00
-4.880505026107012645e-03 6.081795222031266719e-03 -0.000000000000000000e+00
-5.395939906466779012e-03 5.654454075256488271e-03 -0.000000000000000000e+00
-1.751438362144613903e-03 7.020579240584214759e-03 -0.000000000000000000e+00
-1.908306336429937966e-03 6.817433497636578993e-03 -0.000000000000000000e+00
-5.364064719200034581e-03 6.027918774355919829e-03 -0.000000000000000000e+00
-6.072234675366688927e-03 4.624386411420119622e-03 -0.000000000000000000e+00
-5.634213437137158831e-03 5.857508800481835316e-03 -0.000000000000000000e+00
-6.224267843380898446e-03 4.492598237228449115e-03 -0.000000000000000000e+00
-1.306078514823394432e-03 7.232757483643580294e-03 -0.000000000000000000e+00
-1.409242357500256615e-03 7.097980012897080367e-03 -0.000000000000000000e+00
-5.639385650673289785e-03 5.857099980071286439e-03 -0.000000000000000000e+00
-6.222214267105480312e-03 4.491659428184144667e-03 -0.000000000000000000e+00
-6.412777263102992231e-03 4.142055307788318659e-03 -0.000000000000000000e+00
-9.394016957347817165e-04 7.406055679939030356e-03 -0.000000000000000000e+00
-9.976283611663472328e-04 7.334801077745535004e-03 -0.000000000000000000e+00
-5.998953342471496919e-03 5.323461182953639036e-03 -0.000000000000000000e+00
-6.419386712014335528e-03 3.789218764871953547e-03 -0.000000000000000000e+00
-6.579162144214611985e-04 7.520265261340332991e-03 -0.000000000000000000e+00
-6.813608079520305782e-04 7.492785088078129929e-03 -0.000000000000000000e+00
-6.436785842061670815e-03 3.904797427824626636e-03 -0.000000000000000000e+00
-4.668984660295139033e-04 7.578444931288720772e-03 -0.000000000000000000e+00
-4.668768172204351696e-04 7.571839901043037405e-03 -0.000000000000000000e+00
-3.700786333298289321e-04 7.599196034134407009e-03 -0.000000000000000000e+00
-3.587343359130468201e-04 7.599587920847718919e-03 -0.000000000000000000e+00
-3.694005943327138830e-04 7.598019719119720496e-03 -0.000000000000000000e+00
-3.592878277832167733e-04 7.600426337061293343e-03 -0.000000000000000000e+00
-8.172957336312625110e-04 7.442713372461037813e-03 -0.000000000000000000e+00
-8.218816720159116684e-04 7.440985440431948511e-03 -0.000000000000000000e+00
-6.108357995221247450e-03 4.760011742707168959e-03 -0.000000000000000000e+00
-6.103952250461341933e-03 4.759035087206646419e-03 -0.000000000000000000e+00
-1.043591910891095154e-03 7.341423344219479008e-03 -0.000000000000000000e+00
-1.089227862565794736e-03 7.298818823721416049e-03 -0.000000000000000000e+00
-5.622622059076903822e-03 5.738588147005001250e-03 -0.000000000000000000e+00
-5.818465362528307816e-03 5.296970223804064494e-03 -0.000000000000000000e+00
-1.354766325399908711e-03 7.193373494386114814e-03 -0.000000000000000000e+00
-1.455378492945719193e-03 7.085553060712296812e-03 -0.000000000000000000e+00
-6.107857618360995611e-03 5.376596531675340886e-03 -0.000000000000000000e+00
-5.213245545541866921e-03 5.967804174682771884e-03 -0.000000000000000000e+00
-5.580132863385850461e-03 5.594419222097492955e-03 -0.000000000000000000e+00
-1.745328749409108537e-03 7.011365166273669618e-03 -0.000000000000000000e+00
-1.913091441788417058e-03 6.825914711768987266e-03 -0.000000000000000000e+00
-5.364673368214667448e-03 6.047871357674555574e-03 -0.000000000000000000e+00
-6.071198282407125335e-03 4.614831427978929000e-03 -0.000000000000000000e+00
-4.887006530955112504e-03 6.086929092710098750e-03 -0.000000000000000000e+00
-5.391741223176510500e-03 5.648381730326656851e-03 -0.000000000000000000e+00
-2.208770514689067932e-03 6.815132699204435457e-03 -0.000000000000000000e+00
-2.453895793530197489e-03 6.553231264064235395e-03 -0.000000000000000000e+00
-4.649617951703238772e-03 6.183300375107718405e-03 -0.000000000000000000e+00
-5.255547892939221866e-03 5.651789621579609776e-03 -0.000000000000000000e+00
-4.649583390022193896e-03 6.167951310938807330e-03 -0.000000000000000000e+00
-5.255563883999808672e-03 5.660378153172784983e-03 -0.000000000000000000e+00
-2.737881295355820699e-03 6.621126507544443721e-03 -0.000000000000000000e+00
-3.068542370738058800e-03 6.293061330842201692e-03 -0.000000000000000000e+00
-3.969656864617338021e-03 6.307818389086267304e-03 -0.000000000000000000e+00
-4.476396765220713725e-03 5.859937560936578395e-03 -0.000000000000000000e+00
-4.505272351193662095e-03 6.217781929489386850e-03 -0.000000000000000000e+00
-5.173283709671877562e-03 5.664033873484501484e-03 -0.000000000000000000e+00
-3.325052431582375956e-03 6.443028962445389828e-03 -0.000000000000000000e+00
-3.747417729126900632e-03 6.064529477349092472e-03 -0.000000000000000000e+00
-3.332154851351298852e-03 6.458064268818443539e-03 -0.000000000000000000e+00
-3.742678122331283275e-03 6.051718807219581310e-03 -0.000000000000000000e+00
-4.456756374805442844e-03 6.234159059705166560e-03 -0.000000000000000000e+00
-5.145933312259765025e-03 5.665404515313150410e-03 -0.000000000000000000e+00
-3.962545671099187983e-03 6.290946246483849341e-03 -0.000000000000000000e+00
-4.480893226273652274e-03 5.873280206850430701e-03 -0.000000000000000000e+00
-2.744749752369934903e-03 6.634233116115557938e-03 -0.000000000000000000e+00
-3.063772145606713515e-03 6.281198680790661681e-03 -0.000000000000000000e+00
-4.504953088684843232e-03 6.215799544812842560e-03 -0.000000000000000000e+00
-5.173857459669944925e-03 5.665565825471179269e-03 -0.000000000000000000e+00
-4.642715837292948899e-03 6.164823671030899080e-03 -0.000000000000000000e+00
-5.259597386885334069e-03 5.665001282919275051e-03 -0.000000000000000000e+00
-2.215179930048133405e-03 6.826326621807269485e-03 -0.000000000000000000e+00
-2.449308521039417208e-03 6.542723583337475834e-03 -0.000000000000000000e+00
-4.648961499441939260e-03 6.164037800872976258e-03 -0.000000000000000000e+00
-5.256700340103226399e-03 5.663450409622645260e-03 -0.000000000000000000e+00
-5.358184276500782550e-03 6.028405140437857225e-03 -0.000000000000000000e+00
-6.074612704655285578e-03 4.625414311174500664e-03 -0.000000000000000000e+00
-1.751062379254736401e-03 7.020705010095678981e-03 -0.000000000000000000e+00
-1.908893500379038599e-03 6.817180384263960870e-03 -0.000000000000000000e+00
-4.886114635714172705e-03 6.081222276649820083e-03 -0.000000000000000000e+00
-5.393418642217734371e-03 5.653006956002171873e-03 -0.000000000000000000e+00
-6.101965891933458508e-03 5.358932214850473628e-03 -0.000000000000000000e+00
-1.359624533746911501e-03 7.200977001063119110e-03 -0.000000000000000000e+00
-1.451760435186383313e-03 7.078860783767789572e-03 -0.000000000000000000e+00
-5.212130989575652906e-03 5.960594890866399362e-03 -0.000000000000000000e+00
-5.582319455197493063e-03 5.600576752727619290e-03 -0.000000000000000000e+00
-1.047401084843330166e-03 7.347377848914576209e-03 -0.000000000000000000e+00
-1.086355714036396636e-03 7.294083019848615623e-03 -0.000000000000000000e+00
-5.621345057869708839e-03 5.730479360210310492e-03 -0.000000000000000000e+00
-5.821120183620714927e-03 5.304189684999837187e-03 -0.000000000000000000e+00
-8.199167555696107446e-04 7.446916854979872963e-03 -0.000000000000000000e+00
-8.198886739624877684e-04 7.437952774867174176e-03 -0.000000000000000000e+00
-6.106989265009632462e-03 4.752171428834369403e-03 -0.000000000000000000e+00
-6.107026256940262243e-03 4.766270212969189561e-03 -0.000000000000000000e+00
-6.813847402035166922e-04 7.500438017984285832e-03 -0.000000000000000000e+00
-6.578907906431286090e-04 7.512316090204888483e-03 -0.000000000000000000e+00
-6.436821552462695939e-03 3.917185043917637000e-03 -0.000000000000000000e+00
-6.344555054396960880e-04 7.516076656471382469e-03 -0.000000000000000000e+00
-6.038406753540170868e-04 7.534506511940405708e-03 -0.000000000000000000e+00
-6.800491810751152499e-04 7.498235773344004082e-03 -0.000000000000000000e+00
-6.589113269250268523e-04 7.513808905924475486e-03 -0.000000000000000000e+00
-6.433384374956663265e-03 3.909450981515496561e-03 -0.000000000000000000e+00
-1.258391096356697991e-03 7.218531009491845063e-03 -0.000000000000000000e+00
-1.263753186378918647e-03 7.216212443714067719e-03 -0.000000000000000000e+00
-5.290370830158513948e-03 5.826530197686669889e-03 -0.000000000000000000e+00
-5.285177007217672918e-03 5.824873542174259858e-03 -0.000000000000000000e+00
-1.515703882794233737e-03 7.098361490941448165e-03 -0.000000000000000000e+00
-1.580296798515012924e-03 7.029176924497741209e-03 -0.000000000000000000e+00
-6.611511117098567425e-03 3.931622624228693977e-03 -0.000000000000000000e+00
-4.831821053774165708e-03 5.997429167617266722e-03 -0.000000000000000000e+00
-5.001830465148016103e-03 5.855317983958692810e-03 -0.000000000000000000e+00
-1.851909483206876095e-03 6.950089512839059853e-03 -0.000000000000000000e+00
-1.992001169305424035e-03 6.795690517477397802e-03 -0.000000000000000000e+00
-5.882372604688324014e-03 5.855076527357966180e-03 -0.000000000000000000e+00
-4.454700172106085265e-03 6.120190647885443390e-03 -0.000000000000000000e+00
-4.770761140204693440e-03 5.864226531562450467e-03 -0.000000000000000000e+00
-2.261434023138303440e-03 6.787104622853969323e-03 -0.000000000000000000e+00
-2.491029847159681454e-03 6.541898788546056560e-03 -0.000000000000000000e+00
-5.178163008219438534e-03 6.128143021662836414e-03 -0.000000000000000000e+00
-5.970546343570554138e-03 4.660934953586048056e-03 -0.000000000000000000e+00
-4.165548457694956408e-03 6.220291281938629749e-03 -0.000000000000000000e+00
-4.594865696940730881e-03 5.867328016717555939e-03 -0.000000000000000000e+00
-2.737881907551087401e-03 6.621989349659935555e-03 -0.000000000000000000e+00
-3.068540572522482357e-03 6.292044086847529277e-03 -0.000000000000000000e+00
-4.505311700772896000e-03 6.234399051115594240e-03 -0.000000000000000000e+00
-5.173262824811730720e-03 5.654880259428516145e-03 -0.000000000000000000e+00
-3.969620658941325209e-03 6.292619706099418682e-03 -0.000000000000000000e+00
-4.476416518832737612e-03 5.869315561411899557e-03 -0.000000000000000000e+00
-3.274317067043341911e-03 6.466594251247840229e-03 -0.000000000000000000e+00
-3.715114633476845896e-03 6.066307366279278558e-03 -0.000000000000000000e+00
-3.870643897105396913e-03 6.346643195860709498e-03 -0.000000000000000000e+00
-4.416951816961611765e-03 5.860665170182927791e-03 -0.000000000000000000e+00
-3.870603153876994718e-03 6.330314493997908631e-03 -0.000000000000000000e+00
-4.416976717538628749e-03 5.870777169066635458e-03 -0.000000000000000000e+00
-3.863525499066433611e-03 6.330634555760938052e-03 -0.000000000000000000e+00
-4.421136184694474114e-03 5.873099356558780446e-03 -0.000000000000000000e+00
-3.281274809722595220e-03 6.480730528568247849e-03 -0.000000000000000000e+00
-3.710781727690182219e-03 6.054374199127613224e-03 -0.000000000000000000e+00
-3.870401462590433717e-03 6.329336299034295232e-03 -0.000000000000000000e+00
-4.417339407508102944e-03 5.871615322709938800e-03 -0.000000000000000000e+00
-4.498244083521868442e-03 6.216672011854581029e-03 -0.000000000000000000e+00
-5.177101674989886826e-03 5.667208211173571653e-03 -0.000000000000000000e+00
-2.744464860361173209e-03 6.634217939373215044e-03 -0.000000000000000000e+00
-3.064260436934668208e-03 6.281052599138763418e-03 -0.000000000000000000e+00
-3.969025867374742500e-03 6.289697138540279418e-03 -0.000000000000000000e+00
-4.477496174932815709e-03 5.871837500093461844e-03 -0.000000000000000000e+00
-5.171348327500213671e-03 6.109078145978599425e-03 -0.000000000000000000e+00
-5.973854086620461468e-03 4.671010795301491075e-03 -0.000000000000000000e+00
-2.267432689587040029e-03 6.797467146564817320e-03 -0.000000000000000000e+00
-2.487000550750656513e-03 6.532286254043313291e-03 -0.000000000000000000e+00
-4.164590983749827391e-03 6.215484176618761569e-03 -0.000000000000000000e+00
-4.596637401647979404e-03 5.871552344749530507e-03 -0.000000000000000000e+00
-5.875997964702145415e-03 5.836379048330336307e-03 -0.000000000000000000e+00
-1.857126933701408467e-03 6.958636411580159525e-03 -0.000000000000000000e+00
-1.988409593217194127e-03 6.787866213794218478e-03 -0.000000000000000000e+00
-4.453429306335382476e-03 6.113658832578506251e-03 -0.000000000000000000e+00
-4.773184412586978231e-03 5.870170651373889797e-03 -0.000000000000000000e+00
-6.605743603884689508e-03 3.919435908596872846e-03 -0.000000000000000000e+00
-1.519963971954335635e-03 7.105136278923784854e-03 -0.000000000000000000e+00
-1.577310540269577510e-03 7.023370165577503231e-03 -0.000000000000000000e+00
-4.830302929705987403e-03 5.989476568128826624e-03 -0.000000000000000000e+00
-5.004850729354304306e-03 5.862961854365651877e-03 -0.000000000000000000e+00
-1.261546506833022274e-03 7.223524162917421138e-03 -0.000000000000000000e+00
-1.261512695580530030e-03 7.212336971028167343e-03 -0.000000000000000000e+00
-5.288685726483610683e-03 5.817652800906847332e-03 -0.000000000000000000e+00
-5.288727460548231507e-03 5.834058905151462068e-03 -0.000000000000000000e+00
-1.086385511166770845e-03 7.303999606539219279e-03 -0.000000000000000000e+00
-1.047369416439181133e-03 7.337093390320022224e-03 -0.000000000000000000e+00
-5.821082701348012645e-03 5.289717780665970440e-03 -0.000000000000000000e+00
-5.621386359931895838e-03 5.747599938195648711e-03 -0.000000000000000000e+00
-9.976536291968207681e-04 7.343426241244337127e-03 -0.000000000000000000e+00
-9.393730975851832810e-04 7.396731552803584298e-03 -0.000000000000000000e+00
-6.419354306612806704e-03 3.779564026520538383e-03 -0.000000000000000000e+00
-5.998993475930386454e-03 5.340581462168583413e-03 -0.000000000000000000e+00
-6.412776236927791862e-03 4.145884387796371258e-03 -0.000000000000000000e+00
-9.969992804197691516e-04 7.342369497767918529e-03 -0.000000000000000000e+00
-9.398434421021006901e-04 7.397440769784178159e-03 -0.000000000000000000e+00
-6.417426551119265188e-03 4.155646841335794255e-03 -0.000000000000000000e+00
-6.421092636034048118e-03 3.785591605985993632e-03 -0.000000000000000000e+00
-5.994621240996200751e-03 5.329712816947482223e-03 -0.000000000000000000e+00
-1.084445995306965171e-03 7.300899107542056440e-03 -0.000000000000000000e+00
-1.048757943600181486e-03 7.339287500197612391e-03 -0.000000000000000000e+00
-5.822843611137162867e-03 5.298493552841743344e-03 -0.000000000000000000e+00
-5.617382625751121683e-03 5.737155238308353812e-03 -0.000000000000000000e+00
-1.780144112843579096e-03 6.943162192759788284e-03 -0.000000000000000000e+00
-1.786065942340042678e-03 6.940982551230079865e-03 -0.000000000000000000e+00
-4.500340006034136975e-03 6.013718389291745903e-03 -0.000000000000000000e+00
-4.494547820269118032e-03 6.012591094022628514e-03 -0.000000000000000000e+00
-2.062830370323925910e-03 6.830807288314501985e-03 -0.000000000000000000e+00
-2.148500780309953173e-03 6.739351181604505935e-03 -0.000000000000000000e+00
-6.434846231399338201e-03 4.712005884386714916e-03 -0.000000000000000000e+00
-4.072831209499527816e-03 6.153588840513516192e-03 -0.000000000000000000e+00
-4.217282404414796071e-03 6.027200149274770415e-03 -0.000000000000000000e+00
-2.418330614821495583e-03 6.703657031395803510e-03 -0.000000000000000000e+00
-2.601843877614834488e-03 6.511249500602012304e-03 -0.000000000000000000e+00
-5.745430341268675800e-03 5.978387582958014264e-03 -0.000000000000000000e+00
-3.731744996778862955e-03 6.278747166646380176e-03 -0.000000000000000000e+00
-3.997711516488589023e-03 6.041193649052130007e-03 -0.000000000000000000e+00
-2.841128254869512704e-03 6.571583741259149312e-03 -0.000000000000000000e+00
-3.137833866568739971e-03 6.278974862790723949e-03 -0.000000000000000000e+00
-5.083987016066326969e-03 6.164032074134345209e-03 -0.000000000000000000e+00
-5.920021157783506016e-03 4.678520851437083412e-03 -0.000000000000000000e+00
-3.483271529612336215e-03 6.378776612092373378e-03 -0.000000000000000000e+00
-3.838785731578725491e-03 6.053283120541855591e-03 -0.000000000000000000e+00
-3.325053005443723286e-03 6.444708691811141740e-03 -0.000000000000000000e+00
-3.747415013368282644e-03 6.062727240859392720e-03 -0.000000000000000000e+00
-4.456799470382549755e-03 6.251789081208378347e-03 -0.000000000000000000e+00
-5.145907749752348659e-03 5.655574418448813812e-03 -0.000000000000000000e+00
-3.332117492121283719e-03 6.443190162813394392e-03 -0.000000000000000000e+00
-3.742701387316499373e-03 6.061756431748289639e-03 -0.000000000000000000e+00
-3.863525518792015889e-03 6.331460103150776675e-03 -0.000000000000000000e+00
-4.421135294725792031e-03 5.872309512421351914e-03 -0.000000000000000000e+00
-3.870445703886282729e-03 6.346547722146281267e-03 -0.000000000000000000e+00
-4.417309676545716490e-03 5.860652169593468658e-03 -0.000000000000000000e+00
-3.281233214542128573e-03 6.464852663342580616e-03 -0.000000000000000000e+00
-3.710810249307389119e-03 6.065321909327628207e-03 -0.000000000000000000e+00
-4.449781682187875509e-03 6.234945352983596763e-03 -0.000000000000000000e+00
-5.149486552695370367e-03 5.667138039764119464e-03 -0.000000000000000000e+00
-3.331676362189839313e-03 6.457932984387338565e-03 -0.000000000000000000e+00
-3.743528570343296336e-03 6.051568741079365633e-03 -0.000000000000000000e+00
-3.331631574808369134e-03 6.441285337670550094e-03 -0.000000000000000000e+00
-3.743561938311490422e-03 6.063512494265716098e-03 -0.000000000000000000e+00
-5.077066147760322945e-03 6.145703283476615202e-03 -0.000000000000000000e+00
-5.923174221724059052e-03 4.688086845530859900e-03 -0.000000000000000000e+00
-2.847257242041101311e-03 6.582928168370016757e-03 -0.000000000000000000e+00
-3.134072730786002792e-03 6.268784369873325012e-03 -0.000000000000000000e+00
-3.482324158544103376e-03 6.374969621479237292e-03 -0.000000000000000000e+00
-3.840484438737024053e-03 6.056808829202444885e-03 -0.000000000000000000e+00
-5.738790522452991150e-03 5.959699437986254629e-03 -0.000000000000000000e+00
-2.423776348311923456e-03 6.713156973510926891e-03 -0.000000000000000000e+00
-2.598387066496982145e-03 6.502478714476352117e-03 -0.000000000000000000e+00
-3.730384009579146287e-03 6.273099375259921957e-03 -0.000000000000000000e+00
-4.000204541346558118e-03 6.046510232773480778e-03 -0.000000000000000000e+00
-6.428656231628054885e-03 4.697331922305329234e-03 -0.000000000000000000e+00
-2.067419963068223288e-03 6.838489289981417030e-03 -0.000000000000000000e+00
-2.145512779133745829e-03 6.732370328278638322e-03 -0.000000000000000000e+00
-4.071125716868212452e-03 6.146287984939042930e-03 -0.000000000000000000e+00
-4.220506277059193900e-03 6.034325437746617705e-03 -0.000000000000000000e+00
-1.783728030390702157e-03 6.949018005523275796e-03 -0.000000000000000000e+00
-1.783689399617122140e-03 6.935962999799274997e-03 -0.000000000000000000e+00
-4.498377417912285958e-03 6.005106590512955013e-03 -0.000000000000000000e+00
-4.498421949015868337e-03 6.021522940912891510e-03 -0.000000000000000000e+00
-1.577345424059073409e-03 7.035253403843446524e-03 -0.000000000000000000e+00
-1.519926860015563541e-03 7.092737315027395663e-03 -0.000000000000000000e+00
-5.004809452685193838e-03 5.847630855358118031e-03 -0.000000000000000000e+00
-4.830347845701910003e-03 6.006959704463483291e-03 -0.000000000000000000e+00
-6.605743388528040327e-03 3.921243813754118381e-03 -0.000000000000000000e+00
-1.451790893825938289e-03 7.089505712300455016e-03 -0.000000000000000000e+00
-1.359590016389022882e-03 7.189423303431463456e-03 -0.000000000000000000e+00
-5.582282414596628772e-03 5.587003744698156547e-03 -0.000000000000000000e+00
-5.212175450616141070e-03 5.978978275401502195e-03 -0.000000000000000000e+00
-6.101964967007628138e-03 5.363142707599881029e-03 -0.000000000000000000e+00
-1.409267935265579030e-03 7.107348671796540583e-03 -0.000000000000000000e+00
-1.306047496771184369e-03 7.222122398204374079e-03 -0.000000000000000000e+00
-6.222182199569603611e-03 4.481681787951398085e-03 -0.000000000000000000e+00
-5.639428979694022237e-03 5.875893110151838260e-03 -0.000000000000000000e+00
-6.224266710456866081e-03 4.489188505680270086e-03 -0.000000000000000000e+00
-5.634212417849365773e-03 5.862565148274850868e-03 -0.000000000000000000e+00
-1.450540055722843169e-03 7.087482717684935769e-03 -0.000000000000000000e+00
-1.360436013586874271e-03 7.190918241570855469e-03 -0.000000000000000000e+00
-6.107401139636009502e-03 5.376047397715819597e-03 -0.000000000000000000e+00
-5.584442662895511278e-03 5.596357000137382014e-03 -0.000000000000000000e+00
-5.207295800950167974e-03 5.966701016204657877e-03 -0.000000000000000000e+00
-1.574886467659741829e-03 7.031273316270057229e-03 -0.000000000000000000e+00
-1.521577928018685855e-03 7.095885363580994865e-03 -0.000000000000000000e+00
-6.611280720608903039e-03 3.931315997034256701e-03 -0.000000000000000000e+00
-5.006927101825126014e-03 5.857054170929615507e-03 -0.000000000000000000e+00
-4.825918174614723943e-03 5.996271511059254010e-03 -0.000000000000000000e+00
-2.373768712603169240e-03 6.663707077159278583e-03 -0.000000000000000000e+00
-2.380016552099489813e-03 6.662151476679548968e-03 -0.000000000000000000e+00
-3.746202136771403790e-03 6.189052422380582341e-03 -0.000000000000000000e+00
-3.740024708475259141e-03 6.188792144669261197e-03 -0.000000000000000000e+00
-2.676258872748998874e-03 6.572452308730382733e-03 -0.000000000000000000e+00
-2.784590114058044241e-03 6.464385232862847504e-03 -0.000000000000000000e+00
-6.345714123431517306e-03 4.865772816278402489e-03 -0.000000000000000000e+00
-3.353677395523307903e-03 6.342201982175557466e-03 -0.000000000000000000e+00
-3.473231681809935134e-03 6.224019192304223666e-03 -0.000000000000000000e+00
-3.045537308660445364e-03 6.475076150494914022e-03 -0.000000000000000000e+00
-3.275381202692245752e-03 6.255407098819188230e-03 -0.000000000000000000e+00
-5.699452966185597491e-03 6.007904617701818190e-03 -0.000000000000000000e+00
-3.052394427112026243e-03 6.473763500623785049e-03 -0.000000000000000000e+00
-3.269794968620870490e-03 6.255244367388135621e-03 -0.000000000000000000e+00
-3.476254235285497485e-03 6.379841061664736496e-03 -0.000000000000000000e+00
-3.843859084834089224e-03 6.054263760210901006e-03 -0.000000000000000000e+00
-5.083867962955151976e-03 6.163908507693876583e-03 -0.000000000000000000e+00
-5.920224709976468214e-03 4.678493028093765743e-03 -0.000000000000000000e+00
-2.848064604096256502e-03 6.569746164674277258e-03 -0.000000000000000000e+00
-3.132642470141555613e-03 6.278787427623306640e-03 -0.000000000000000000e+00
-3.962545785139381938e-03 6.293398717488679107e-03 -0.000000000000000000e+00
-4.480890484344440816e-03 5.870906100793878840e-03 -0.000000000000000000e+00
-4.504998673838966905e-03 6.234167482324307757e-03 -0.000000000000000000e+00
-5.173827737732533683e-03 5.654929828476003457e-03 -0.000000000000000000e+00
-2.744711885221184922e-03 6.619871689866637168e-03 -0.000000000000000000e+00
-3.063798440872761430e-03 6.291785915652274748e-03 -0.000000000000000000e+00
-4.498243786720396153e-03 6.218290260550797532e-03 -0.000000000000000000e+00
-5.177100807812445860e-03 5.665859066706380523e-03 -0.000000000000000000e+00
-3.969072364669812281e-03 6.307519529636241261e-03 -0.000000000000000000e+00
-4.477462211879418286e-03 5.859903948011412067e-03 -0.000000000000000000e+00
-2.744423109569904540e-03 6.618958327090828687e-03 -0.000000000000000000e+00
-3.064291955492376429e-03 6.292698444887335520e-03 -0.000000000000000000e+00
-5.077065915613299119e-03 6.146502049482695587e-03 -0.000000000000000000e+00
-5.923174266531633370e-03 4.687602861737702811e-03 -0.000000000000000000e+00
-3.482370906431692115e-03 6.392116859501455021e-03 -0.000000000000000000e+00
-3.840446893975307807e-03 6.043794000088572281e-03 -0.000000000000000000e+00
-2.847212660241765780e-03 6.566984668693806593e-03 -0.000000000000000000e+00
-3.134108977511235183e-03 6.281527822996130737e-03 -0.000000000000000000e+00
-5.692779042816314972e-03 5.989845299786165228e-03 -0.000000000000000000e+00
-3.051067969366189070e-03 6.485484343526834276e-03 -0.000000000000000000e+00
-3.272152760667362825e-03 6.245961281761587547e-03 -0.000000000000000000e+00
-3.051021779138574086e-03 6.469129935352111414e-03 -0.000000000000000000e+00
-3.272193005562223922e-03 6.259821109265330773e-03 -0.000000000000000000e+00
-6.339332944320374974e-03 4.850575467023570189e-03 -0.000000000000000000e+00
-2.681039262754980612e-03 6.581006973177420082e-03 -0.000000000000000000e+00
-2.781702743673508671e-03 6.456409321691108406e-03 -0.000000000000000000e+00
-3.351852592875598225e-03 6.335759778360794924e-03 -0.000000000000000000e+00
-3.476494233572824388e-03 6.230444649872823870e-03 -0.000000000000000000e+00
-2.377652891240700228e-03 6.670417176507514867e-03 -0.000000000000000000e+00
-2.377610567188409574e-03 6.655962602801879235e-03 -0.000000000000000000e+00
-3.744016673322941857e-03 6.181024030840621096e-03 -0.000000000000000000e+00
-3.744062133993808494e-03 6.197075552939463119e-03 -0.000000000000000000e+00
-2.145551760098146632e-03 6.745739408346830036e-03 -0.000000000000000000e+00
-2.067378419232962505e-03 6.824353912038162023e-03 -0.000000000000000000e+00
-4.220463083479619737e-03 6.019040697118270035e-03 -0.000000000000000000e+00
-4.071172320578630988e-03 6.163363665812958414e-03 -0.000000000000000000e+00
-6.428656095486068311e-03 4.698643571298530795e-03 -0.000000000000000000e+00
-1.988444418625195942e-03 6.800076860447832293e-03 -0.000000000000000000e+00
-1.857087364879494995e-03 6.945130153882506444e-03 -0.000000000000000000e+00
-4.773144578956473039e-03 5.856012954597554498e-03 -0.000000000000000000e+00
-4.453476142120937897e-03 6.131676604216456349e-03 -0.000000000000000000e+00
-5.875997267868943164e-03 5.839280911120855490e-03 -0.000000000000000000e+00
-1.908923540134749297e-03 6.828178672756575127e-03 -0.000000000000000000e+00
-1.751025857977733802e-03 7.008011914645097262e-03 -0.000000000000000000e+00
-5.393383053225203616e-03 5.640442278630993130e-03 -0.000000000000000000e+00
-4.886160919633175670e-03 6.100055747192273392e-03 -0.000000000000000000e+00
-6.074612422323877325e-03 4.622978659185498530e-03 -0.000000000000000000e+00
-5.358183370227170839e-03 6.032240879442302313e-03 -0.000000000000000000e+00
-1.908331206578434136e-03 6.827192914659933887e-03 -0.000000000000000000e+00
-1.751405765556324212e-03 7.008810824798063915e-03 -0.000000000000000000e+00
-6.072203971935002942e-03 4.614749876233712779e-03 -0.000000000000000000e+00
-5.364109837689617910e-03 6.047268210304412514e-03 -0.000000000000000000e+00
-5.395936637875964337e-03 5.650355226735388411e-03 -0.000000000000000000e+00
-4.880504564437032622e-03 6.086402108424616812e-03 -0.000000000000000000e+00
-1.986686630005674026e-03 6.797138731756638234e-03 -0.000000000000000000e+00
-1.858208503826841440e-03 6.947597687743265783e-03 -0.000000000000000000e+00
-5.882052707636448163e-03 5.854643686141500040e-03 -0.000000000000000000e+00
-4.775706037714350094e-03 5.865942187940427835e-03 -0.000000000000000000e+00
-4.448229324566344012e-03 6.119728496935344930e-03 -0.000000000000000000e+00
-2.142685164066543413e-03 6.740893620521021257e-03 -0.000000000000000000e+00
-2.069186025916464056e-03 6.828641241714094798e-03 -0.000000000000000000e+00
-6.434701513380908233e-03 4.711837199290365430e-03 -0.000000000000000000e+00
-4.222898823839277282e-03 6.028270632439591652e-03 -0.000000000000000000e+00
-4.066468573079351501e-03 6.153228700149443800e-03 -0.000000000000000000e+00
-3.030119438391459807e-03 6.406769728851791079e-03 -0.000000000000000000e+00
-3.036451977470211450e-03 6.406075448908836109e-03 -0.000000000000000000e+00
-3.036452025533098453e-03 6.406075440868966991e-03 -0.000000000000000000e+00
-3.030119475859682776e-03 6.406769728576748937e-03 -0.000000000000000000e+00
-3.347078536116349090e-03 6.342781627491130697e-03 -0.000000000000000000e+00
-3.479148853005403774e-03 6.224208068361154582e-03 -0.000000000000000000e+00
-6.345664798012934371e-03 4.865720283729392005e-03 -0.000000000000000000e+00
-2.682857220254658559e-03 6.570971292395225323e-03 -0.000000000000000000e+00
-2.778604624023350844e-03 6.465120292610867375e-03 -0.000000000000000000e+00
-3.724966368691323693e-03 6.279157754572481376e-03 -0.000000000000000000e+00
-4.003087452446846273e-03 6.042209798950246881e-03 -0.000000000000000000e+00
-5.745265664237164671e-03 5.978162676895939880e-03 -0.000000000000000000e+00
-2.425028152066327491e-03 6.701602600822993000e-03 -0.000000000000000000e+00
-2.596277638238442265e-03 6.511949412751034255e-03 -0.000000000000000000e+00
-4.158679783200447400e-03 6.220512305267976785e-03 -0.000000000000000000e+00
-4.599602799054414159e-03 5.868983694783219164e-03 -0.000000000000000000e+00
-5.177812242053964065e-03 6.127772699009916869e-03 -0.000000000000000000e+00
-5.971154584419186007e-03 4.660861243056675998e-03 -0.000000000000000000e+00
-2.268055645191224823e-03 6.784736133742471503e-03 -0.000000000000000000e+00
-2.485943831119635794e-03 6.542495852739494203e-03 -0.000000000000000000e+00
-4.642715347556392036e-03 6.168003077945537205e-03 -0.000000000000000000e+00
-5.259595471571482106e-03 5.662289055459932691e-03 -0.000000000000000000e+00
-4.649008171312529747e-03 6.182828994593412425e-03 -0.000000000000000000e+00
-5.256667220506772153e-03 5.651888988997687442e-03 -0.000000000000000000e+00
-2.215142325967117687e-03 6.812688902711864364e-03 -0.000000000000000000e+00
-2.449337144347751849e-03 6.553670422538224183e-03 -0.000000000000000000e+00
-5.171347677009829891e-03 6.111445216972558048e-03 -0.000000000000000000e+00
-5.973854110831677833e-03 4.669554685221033799e-03 -0.000000000000000000e+00
-4.164638363352457517e-03 6.233596128211683560e-03 -0.000000000000000000e+00
-4.596600022772207028e-03 5.858543655149401654e-03 -0.000000000000000000e+00
-2.267391599694995596e-03 6.782999395790143340e-03 -0.000000000000000000e+00
-2.487034231710927301e-03 6.544393783860650779e-03 -0.000000000000000000e+00
-5.738790126026821481e-03 5.961168947720109183e-03 -0.000000000000000000e+00
-3.730431372648113086e-03 6.290410392067726994e-03 -0.000000000000000000e+00
-4.000163680423080015e-03 6.032371519651262906e-03 -0.000000000000000000e+00
-2.423732835847375311e-03 6.698053698283610441e-03 -0.000000000000000000e+00
-2.598425236117585246e-03 6.515732758803070498e-03 -0.000000000000000000e+00
-6.339332884177067973e-03 4.851045161719526669e-03 -0.000000000000000000e+00
-3.351899076844716552e-03 6.352169292267498789e-03 -0.000000000000000000e+00
-3.476450883701603933e-03 6.215473568139074853e-03 -0.000000000000000000e+00
-2.680994539099562646e-03 6.565553523135976392e-03 -0.000000000000000000e+00
-2.781744624049536929e-03 6.470774310238187020e-03 -0.000000000000000000e+00
-3.034158546004583901e-03 6.414288798569267765e-03 -0.000000000000000000e+00
-3.034113872033755710e-03 6.398866487229797756e-03 -0.000000000000000000e+00
-3.034113889539419295e-03 6.398866506705781082e-03 -0.000000000000000000e+00
-3.034158550290183554e-03 6.414288788065131142e-03 -0.000000000000000000e+00
-2.781744614716169517e-03 6.470774321745236674e-03 -0.000000000000000000e+00
-2.680994515630752417e-03 6.565553509394899540e-03 -0.000000000000000000e+00
-3.476450895049609802e-03 6.215473592742484440e-03 -0.000000000000000000e+00
-3.351899076459718962e-03 6.352169282391803042e-03 -0.000000000000000000e+00
-6.339332918145867968e-03 4.851045186364064815e-03 -0.000000000000000000e+00
-2.598425221600197954e-03 6.515732771293782088e-03 -0.000000000000000000e+00
-2.423732806780654059e-03 6.698053690258590556e-03 -0.000000000000000000e+00
-4.000163685619673171e-03 6.032371548218736813e-03 -0.000000000000000000e+00
-3.730431368200837206e-03 6.290410382133859030e-03 -0.000000000000000000e+00
-5.738790162067075595e-03 5.961168976705262003e-03 -0.000000000000000000e+00
-2.487034212106470354e-03 6.544393796918145101e-03 -0.000000000000000000e+00
-2.267391565539178533e-03 6.782999392912862462e-03 -0.000000000000000000e+00
-4.596600022057029111e-03 5.858543686098803549e-03 -0.000000000000000000e+00
-4.164638355660360558e-03 6.233596117404901008e-03 -0.000000000000000000e+00
-5.973854147307583462e-03 4.669554672455196800e-03 -0.000000000000000000e+00
-5.171347714724799927e-03 6.111445243609310747e-03 -0.000000000000000000e+00
-2.449337119966477072e-03 6.553670435375831028e-03 -0.000000000000000000e+00
-2.215142287354338047e-03 6.812688904052304276e-03 -0.000000000000000000e+00
-5.256667214380728037e-03 5.651889019695275143e-03 -0.000000000000000000e+00
-4.649008161367651493e-03 6.182828982158224997e-03 -0.000000000000000000e+00
-5.259595512432851949e-03 5.662289048587496043e-03 -0.000000000000000000e+00
-4.642715386468571070e-03 6.168003100010734097e-03 -0.000000000000000000e+00
-2.485943802449958051e-03 6.542495864263895428e-03 -0.000000000000000000e+00
-2.268055602863944253e-03 6.784736138208648931e-03 -0.000000000000000000e+00
-5.971154573663456366e-03 4.660861267337372375e-03 -0.000000000000000000e+00
-5.177812230980211039e-03 6.127772684477839071e-03 -0.000000000000000000e+00
-4.599602843341432656e-03 5.868983688605493299e-03 -0.000000000000000000e+00
-4.158679822754363098e-03 6.220512321974072494e-03 -0.000000000000000000e+00
-2.596277605905250585e-03 6.511949421696287647e-03 -0.000000000000000000e+00
-2.425028106866899957e-03 6.701602607346224608e-03 -0.000000000000000000e+00
-5.745265653244097104e-03 5.978162661107214518e-03 -0.000000000000000000e+00
-4.003087499100471680e-03 6.042209792044125373e-03 -0.000000000000000000e+00
-3.724966408258451045e-03 6.279157765568788539e-03 -0.000000000000000000e+00
-2.778604588742183967e-03 6.465120297730929735e-03 -0.000000000000000000e+00
-2.682857173116698357e-03 6.570971300068942887e-03 -0.000000000000000000e+00
-6.345664788347860075e-03 4.865720270753427952e-03 -0.000000000000000000e+00
-3.479148900918244136e-03 6.224208060665713943e-03 -0.000000000000000000e+00
-3.347078575004519552e-03 6.342781632716757920e-03 -0.000000000000000000e+00
-3.740024672760633440e-03 6.188792142530732260e-03 -0.000000000000000000e+00
-3.746202090131406370e-03 6.189052422919736132e-03 -0.000000000000000000e+00
-2.380016599653894671e-03 6.662151461654286684e-03 -0.000000000000000000e+00
-2.373768750490001800e-03 6.663707073430344754e-03 -0.000000000000000000e+00
-4.066468536742279261e-03 6.153228692918797163e-03 -0.000000000000000000e+00
-4.222898778400846487e-03 6.028270633512300414e-03 -0.000000000000000000e+00
-6.434701523196167949e-03 4.711837207412837743e-03 -0.000000000000000000e+00
-2.069186071371742486e-03 6.828641227083938336e-03 -0.000000000000000000e+00
-2.142685198804561431e-03 6.740893612881868925e-03 -0.000000000000000000e+00
-4.448229288211230648e-03 6.119728484675876316e-03 -0.000000000000000000e+00
-4.775705994510132113e-03 5.865942189804433313e-03 -0.000000000000000000e+00
-5.882052717551072840e-03 5.854643697071501736e-03 -0.000000000000000000e+00
-1.858208546185846632e-03 6.947597674325585622e-03 -0.000000000000000000e+00
-1.986686660806535887e-03 6.797138721798890067e-03 -0.000000000000000000e+00
-4.880504528600254632e-03 6.086402091523828752e-03 -0.000000000000000000e+00
-5.395936597914846589e-03 5.650355230843016711e-03 -0.000000000000000000e+00
-5.364109846567377549e-03 6.047268221168460023e-03 -0.000000000000000000e+00
-6.072203978418094783e-03 4.614749847117617827e-03 -0.000000000000000000e+00
-1.751405803938899108e-03 7.008810813671991630e-03 -0.000000000000000000e+00
-1.908331232752247253e-03 6.827192903890499064e-03 -0.000000000000000000e+00
-5.358183335370997336e-03 6.032240858842947626e-03 -0.000000000000000000e+00
-6.074612386547051379e-03 4.622978669780315221e-03 -0.000000000000000000e+00
-4.886160926429627960e-03 6.100055757395894326e-03 -0.000000000000000000e+00
-5.393383054038858315e-03 5.640442241188611469e-03 -0.000000000000000000e+00
-1.751025891634339082e-03 7.008011907018730710e-03 -0.000000000000000000e+00
-1.908923561137726432e-03 6.828178662272554357e-03 -0.000000000000000000e+00
-5.875997234378982359e-03 5.839280888891839119e-03 -0.000000000000000000e+00
-4.453476145922619089e-03 6.131676614107188679e-03 -0.000000000000000000e+00
-4.773144573653104183e-03 5.856012917476290970e-03 -0.000000000000000000e+00
-1.857087393202339065e-03 6.945130150983564940e-03 -0.000000000000000000e+00
-1.988444434104980063e-03 6.800076850819028462e-03 -0.000000000000000000e+00
-6.428656063671600585e-03 4.698643551405156521e-03 -0.000000000000000000e+00
-4.071172320639776521e-03 6.163363675969043588e-03 -0.000000000000000000e+00
-4.220463071895358409e-03 6.019040663295457429e-03 -0.000000000000000000e+00
-2.067378441766271058e-03 6.824353914955601751e-03 -0.000000000000000000e+00
-2.145551769932085850e-03 6.745739399670807462e-03 -0.000000000000000000e+00
-3.744062129764552660e-03 6.197075563895997410e-03 -0.000000000000000000e+00
-3.744016655541831939e-03 6.181024001525895102e-03 -0.000000000000000000e+00
-2.377610583640971109e-03 6.655962612067817946e-03 -0.000000000000000000e+00
-2.377652895558857171e-03 6.670417168541485989e-03 -0.000000000000000000e+00
-3.476494224717824322e-03 6.230444661961297322e-03 -0.000000000000000000e+00
-3.351852569187796504e-03 6.335759754178806047e-03 -0.000000000000000000e+00
-2.781702753935716421e-03 6.456409336905427794e-03 -0.000000000000000000e+00
-2.681039261947210095e-03 6.581006965450953046e-03 -0.000000000000000000e+00
-6.339332979374612265e-03 4.850575495161890856e-03 -0.000000000000000000e+00
-3.272192991966293985e-03 6.259821122472824032e-03 -0.000000000000000000e+00
-3.051021749998300558e-03 6.469129916433658672e-03 -0.000000000000000000e+00
-3.272152764830255078e-03 6.245961301657899575e-03 -0.000000000000000000e+00
-3.051067964073644889e-03 6.485484335348741525e-03 -0.000000000000000000e+00
-5.692779080451376705e-03 5.989845334248124556e-03 -0.000000000000000000e+00
-3.134108959274184425e-03 6.281527836909769208e-03 -0.000000000000000000e+00
-2.847212626228973198e-03 6.566984654751693504e-03 -0.000000000000000000e+00
-3.840446892352744612e-03 6.043794022909774674e-03 -0.000000000000000000e+00
-3.482370897520570274e-03 6.392116849972426414e-03 -0.000000000000000000e+00
-5.923174302995548590e-03 4.687602848203083206e-03 -0.000000000000000000e+00
-5.077065955345433368e-03 6.146502081338239831e-03 -0.000000000000000000e+00
-3.064291932906110238e-03 6.292698458719967608e-03 -0.000000000000000000e+00
-2.744423071361690170e-03 6.618958317534431347e-03 -0.000000000000000000e+00
-4.477462205027538111e-03 5.859903971857364190e-03 -0.000000000000000000e+00
-3.969072353193131564e-03 6.307519517824411968e-03 -0.000000000000000000e+00
-5.177100848812621336e-03 5.665859058326168200e-03 -0.000000000000000000e+00
-4.498243827978587461e-03 6.218290287101458508e-03 -0.000000000000000000e+00
-3.063798414391749603e-03 6.291785928349243225e-03 -0.000000000000000000e+00
-2.744711843571417953e-03 6.619871683909463178e-03 -0.000000000000000000e+00
-5.173827726464297339e-03 5.654929851113221946e-03 -0.000000000000000000e+00
-4.504998660987663550e-03 6.234167467469369298e-03 -0.000000000000000000e+00
-4.480890528926945171e-03 5.870906091764474012e-03 -0.000000000000000000e+00
-3.962545827273039611e-03 6.293398737944743034e-03 -0.000000000000000000e+00
-3.132642440341865120e-03 6.278787438020114187e-03 -0.000000000000000000e+00
-2.848064559824337039e-03 6.569746161438716134e-03 -0.000000000000000000e+00
-5.920224695363768275e-03 4.678493045968534249e-03 -0.000000000000000000e+00
-5.083867950006787373e-03 6.163908489423804496e-03 -0.000000000000000000e+00
-3.843859131912014115e-03 6.054263749004344490e-03 -0.000000000000000000e+00
-3.476254277572088380e-03 6.379841075689201245e-03 -0.000000000000000000e+00
-3.269794936158254561e-03 6.255244374387866277e-03 -0.000000000000000000e+00
-3.052394381097778275e-03 6.473763499266623270e-03 -0.000000000000000000e+00
-5.699452954448236408e-03 6.007904597166318673e-03 -0.000000000000000000e+00
-3.275381251103715030e-03 6.255407085500665730e-03 -0.000000000000000000e+00
-3.045537350316179781e-03 6.475076158066493670e-03 -0.000000000000000000e+00
-3.473231647376062714e-03 6.224019195020871753e-03 -0.000000000000000000e+00
-3.353677348703065775e-03 6.342201982001399035e-03 -0.000000000000000000e+00
-6.345714114193101718e-03 4.865772798897022300e-03 -0.000000000000000000e+00
-2.784590162619532405e-03 6.464385218205494915e-03 -0.000000000000000000e+00
-2.676258912945400636e-03 6.572452310226810715e-03 -0.000000000000000000e+00
-4.494547787481290024e-03 6.012591091157403964e-03 -0.000000000000000000e+00
-4.500339962633242985e-03 6.013718383453425624e-03 -0.000000000000000000e+00
-1.786065987427309931e-03 6.940982531053041873e-03 -0.000000000000000000e+00
-1.780144149675894072e-03 6.943162185328809709e-03 -0.000000000000000000e+00
-4.825918141886209600e-03 5.996271503993844988e-03 -0.000000000000000000e+00
-5.006927060530352858e-03 5.857054167551731597e-03 -0.000000000000000000e+00
-6.611280730155405516e-03 3.931316000430116683e-03 -0.000000000000000000e+00
-1.521577969819720710e-03 7.095885344168738340e-03 -0.000000000000000000e+00
-1.574886500367717046e-03 7.031273307150170959e-03 -0.000000000000000000e+00
-5.207295768730219043e-03 5.966701005375930206e-03 -0.000000000000000000e+00
-5.584442624639862629e-03 5.596357000996648665e-03 -0.000000000000000000e+00
-6.107401148060936924e-03 5.376047404473447908e-03 -0.000000000000000000e+00
-1.360436051169838789e-03 7.190918223902101857e-03 -0.000000000000000000e+00
-1.450540083540202696e-03 7.087482708867812523e-03 -0.000000000000000000e+00
-5.634212386509490633e-03 5.862565134949514374e-03 -0.000000000000000000e+00
-6.224266676136541721e-03 4.489188512315238702e-03 -0.000000000000000000e+00
-5.639428986039751734e-03 5.875893117693495663e-03 -0.000000000000000000e+00
-6.222182201549769642e-03 4.481681755267689915e-03 -0.000000000000000000e+00
-1.306047529362641679e-03 7.222122383128542870e-03 -0.000000000000000000e+00
-1.409267957578536068e-03 7.107348664471047940e-03 -0.000000000000000000e+00
-6.101964936843395915e-03 5.363142694540651116e-03 -0.000000000000000000e+00
-5.212175454061857005e-03 5.978978283641129057e-03 -0.000000000000000000e+00
-5.582282410175554155e-03 5.587003701762072172e-03 -0.000000000000000000e+00
-1.359590043385733305e-03 7.189423291810211752e-03 -0.000000000000000000e+00
-1.451790910221378850e-03 7.089505706808621466e-03 -0.000000000000000000e+00
-6.605743359762661360e-03 3.921243800113323290e-03 -0.000000000000000000e+00
-4.830347845592858347e-03 6.006959713526804565e-03 -0.000000000000000000e+00
-5.004809441773311329e-03 5.847630813029570246e-03 -0.000000000000000000e+00
-1.519926880996086416e-03 7.092737308095249833e-03 -0.000000000000000000e+00
-1.577345434365412524e-03 7.035253399878229480e-03 -0.000000000000000000e+00
-4.498421944885533375e-03 6.021522951044162332e-03 -0.000000000000000000e+00
-4.498377400688313710e-03 6.005106551846519508e-03 -0.000000000000000000e+00
-1.783689414347561231e-03 6.935962998916200134e-03 -0.000000000000000000e+00
-1.783728034704834542e-03 6.949018002339552545e-03 -0.000000000000000000e+00
-4.220506268641205372e-03 6.034325449113395884e-03 -0.000000000000000000e+00
-4.071125693726029837e-03 6.146287950850086446e-03 -0.000000000000000000e+00
-2.145512787576325797e-03 6.732370333983542753e-03 -0.000000000000000000e+00
-2.067419961767125169e-03 6.838489286641658005e-03 -0.000000000000000000e+00
-6.428656266558724353e-03 4.697331952099642084e-03 -0.000000000000000000e+00
-4.000204528578132912e-03 6.046510245334178052e-03 -0.000000000000000000e+00
-3.730383981075363620e-03 6.273099345972066830e-03 -0.000000000000000000e+00
-2.598387068819485446e-03 6.502478725849632039e-03 -0.000000000000000000e+00
-2.423776342042188725e-03 6.713156969112943177e-03 -0.000000000000000000e+00
-5.738790560574469346e-03 5.959699476957540897e-03 -0.000000000000000000e+00
-3.840484421748530108e-03 6.056808842622488608e-03 -0.000000000000000000e+00
-3.482324125348157384e-03 6.374969596827134884e-03 -0.000000000000000000e+00
-3.134072727372982925e-03 6.268784384924631567e-03 -0.000000000000000000e+00
-2.847257231693489654e-03 6.582928162046025079e-03 -0.000000000000000000e+00
-5.923174257497498818e-03 4.688086832827704532e-03 -0.000000000000000000e+00
-5.077066188503925881e-03 6.145703320086464902e-03 -0.000000000000000000e+00
-3.743561917406351691e-03 6.063512507911606071e-03 -0.000000000000000000e+00
-3.331631537662083087e-03 6.441285317246705187e-03 -0.000000000000000000e+00
-3.743528561806624966e-03 6.051568757534268178e-03 -0.000000000000000000e+00
-3.331676348857642855e-03 6.457932975187316745e-03 -0.000000000000000000e+00
-5.149486593115815136e-03 5.667138031400769521e-03 -0.000000000000000000e+00
-4.449781724890050638e-03 6.234945383670107387e-03 -0.000000000000000000e+00
-3.710810224930749524e-03 6.065321922330301797e-03 -0.000000000000000000e+00
-3.281233174231623639e-03 6.464852646592960696e-03 -0.000000000000000000e+00
-4.417309663731577851e-03 5.860652185409027590e-03 -0.000000000000000000e+00
-3.870445688812201857e-03 6.346547709177969079e-03 -0.000000000000000000e+00
-4.421135338862014486e-03 5.872309502282319939e-03 -0.000000000000000000e+00
-3.863525562706082717e-03 6.331460126950657144e-03 -0.000000000000000000e+00
-3.742701360018169110e-03 6.061756443117104383e-03 -0.000000000000000000e+00
-3.332117449461435843e-03 6.443190149109719912e-03 -0.000000000000000000e+00
-5.145907733741766910e-03 5.655574431913652431e-03 -0.000000000000000000e+00
-4.456799454900545188e-03 6.251789063865388456e-03 -0.000000000000000000e+00
-3.747415060125602881e-03 6.062727227236519058e-03 -0.000000000000000000e+00
-3.325053049751724998e-03 6.444708708328177743e-03 -0.000000000000000000e+00
-3.838785701972269315e-03 6.053283129310580053e-03 -0.000000000000000000e+00
-3.483271485441419291e-03 6.378776600814908306e-03 -0.000000000000000000e+00
-5.920021139882269967e-03 4.678520861637542813e-03 -0.000000000000000000e+00
-5.083987001542111805e-03 6.164032052317315255e-03 -0.000000000000000000e+00
-3.137833914748783259e-03 6.278974845799710318e-03 -0.000000000000000000e+00
-2.841128298695094756e-03 6.571583750478016302e-03 -0.000000000000000000e+00
-3.997711485210553306e-03 6.041193654411277161e-03 -0.000000000000000000e+00
-3.731744951962018275e-03 6.278747157311801060e-03 -0.000000000000000000e+00
-5.745430329041401052e-03 5.978387558577451591e-03 -0.000000000000000000e+00
-2.601843925974289817e-03 6.511249481390458949e-03 -0.000000000000000000e+00
-2.418330657246919868e-03 6.703657033749217849e-03 -0.000000000000000000e+00
-4.217282372090264131e-03 6.027200150658773570e-03 -0.000000000000000000e+00
-4.072831164930346137e-03 6.153588832887884295e-03 -0.000000000000000000e+00
-6.434846222729079246e-03 4.712005864060128148e-03 -0.000000000000000000e+00
-2.148500827617833009e-03 6.739351161494701488e-03 -0.000000000000000000e+00
-2.062830410413774018e-03 6.830807284858041173e-03 -0.000000000000000000e+00
-5.285176978359368283e-03 5.824873541228047999e-03 -0.000000000000000000e+00
-5.290370791619536384e-03 5.826530188842161430e-03 -0.000000000000000000e+00
-1.263753227113223465e-03 7.216212422087925869e-03 -0.000000000000000000e+00
-1.258391130569136429e-03 7.218531000482303686e-03 -0.000000000000000000e+00
-5.617382597501802133e-03 5.737155234766474349e-03 -0.000000000000000000e+00
-5.822843575428920948e-03 5.298493553214935273e-03 -0.000000000000000000e+00
-1.048757979909969995e-03 7.339287480666273171e-03 -0.000000000000000000e+00
-1.084446024454427393e-03 7.300899100294536148e-03 -0.000000000000000000e+00
-5.994621213641915247e-03 5.329712812549320701e-03 -0.000000000000000000e+00
-6.421092603974970503e-03 3.785591607370449550e-03 -0.000000000000000000e+00
-6.417426557583649771e-03 4.155646843710732175e-03 -0.000000000000000000e+00
-9.398434731726357239e-04 7.397440752538181861e-03 -0.000000000000000000e+00
-9.969993038105584571e-04 7.342369493415407122e-03 -0.000000000000000000e+00
-6.412776210676596200e-03 4.145884380869553631e-03 -0.000000000000000000e+00
-5.998993479410963392e-03 5.340581467203210642e-03 -0.000000000000000000e+00
-6.419354304063262795e-03 3.779563992245341120e-03 -0.000000000000000000e+00
-9.393731228000690159e-04 7.396731537654191273e-03 -0.000000000000000000e+00
-9.976536463446594727e-04 7.343426239759913432e-03 -0.000000000000000000e+00
-5.621386359880464756e-03 5.747599944920283449e-03 -0.000000000000000000e+00
-5.821082692017781612e-03 5.289717734916265200e-03 -0.000000000000000000e+00
-1.047369435390493875e-03 7.337093377682471496e-03 -0.000000000000000000e+00
-1.086385521834071222e-03 7.303999607314036122e-03 -0.000000000000000000e+00
-5.288727456602498878e-03 5.834058913657290922e-03 -0.000000000000000000e+00
-5.288685710646279237e-03 5.817652754870284749e-03 -0.000000000000000000e+00
-1.261512708073453393e-03 7.212336962389025857e-03 -0.000000000000000000e+00
-1.261546511063027509e-03 7.223524165041698454e-03 -0.000000000000000000e+00
-5.004850721343351294e-03 5.862961864436729530e-03 -0.000000000000000000e+00
-4.830302907866401707e-03 5.989476525100946754e-03 -0.000000000000000000e+00
-1.577310546323346108e-03 7.023370162680437831e-03 -0.000000000000000000e+00
-1.519963970085774774e-03 7.105136281181637613e-03 -0.000000000000000000e+00
-6.605743637393579615e-03 3.919435935194658452e-03 -0.000000000000000000e+00
-4.773184400529068006e-03 5.870170662837868002e-03 -0.000000000000000000e+00
-4.453429279164644594e-03 6.113658793721280654e-03 -0.000000000000000000e+00
-1.988409593065371128e-03 6.787866217046308916e-03 -0.000000000000000000e+00
-1.857126926361474251e-03 6.958636412579822551e-03 -0.000000000000000000e+00
-5.875998002095511596e-03 5.836379090070319305e-03 -0.000000000000000000e+00
-4.596637385735485859e-03 5.871552357280014969e-03 -0.000000000000000000e+00
-4.164590952023872195e-03 6.215484141983572755e-03 -0.000000000000000000e+00
-2.487000544841466709e-03 6.532286261905776575e-03 -0.000000000000000000e+00
-2.267432677666464391e-03 6.797467145115568612e-03 -0.000000000000000000e+00
-5.973854121039567922e-03 4.671010785052548756e-03 -0.000000000000000000e+00
-5.171348368126715833e-03 6.109078186994345780e-03 -0.000000000000000000e+00
-4.477496155510435338e-03 5.871837513177722082e-03 -0.000000000000000000e+00
-3.969025831921213499e-03 6.289697107836962793e-03 -0.000000000000000000e+00
-3.064260425932691101e-03 6.281052609022801450e-03 -0.000000000000000000e+00
-2.744464844971150619e-03 6.634217934530387516e-03 -0.000000000000000000e+00
-5.177101714141957300e-03 5.667208204407686925e-03 -0.000000000000000000e+00
-4.498244126626999018e-03 6.216672046601619608e-03 -0.000000000000000000e+00
-4.417339385041491040e-03 5.871615335667794075e-03 -0.000000000000000000e+00
-3.870401424249686473e-03 6.329336271862901625e-03 -0.000000000000000000e+00
-3.710781712476629579e-03 6.054374208497687385e-03 -0.000000000000000000e+00
-3.281274792138300089e-03 6.480730519393659676e-03 -0.000000000000000000e+00
-4.421136227684113740e-03 5.873099347168285987e-03 -0.000000000000000000e+00
-3.863525543808921103e-03 6.330634582901820476e-03 -0.000000000000000000e+00
-4.416976692576735086e-03 5.870777181119606059e-03 -0.000000000000000000e+00
-3.870603113480419744e-03 6.330314469940914388e-03 -0.000000000000000000e+00
-4.416951798628887538e-03 5.860665177111815810e-03 -0.000000000000000000e+00
-3.870643878704643770e-03 6.346643181589721461e-03 -0.000000000000000000e+00
-3.715114679216618976e-03 6.066307352324885362e-03 -0.000000000000000000e+00
-3.274317112510610750e-03 6.466594270219722454e-03 -0.000000000000000000e+00
-4.476416491969753553e-03 5.869315571770374919e-03 -0.000000000000000000e+00
-3.969620617303493137e-03 6.292619684791556089e-03 -0.000000000000000000e+00
-5.173262804652856151e-03 5.654880262885833911e-03 -0.000000000000000000e+00
-4.505311682969581621e-03 6.234399031408827639e-03 -0.000000000000000000e+00
-3.068540619793114210e-03 6.292044068386133671e-03 -0.000000000000000000e+00
-2.737881952774606775e-03 6.621989360339648745e-03 -0.000000000000000000e+00
-4.594865668776704215e-03 5.867328024679093618e-03 -0.000000000000000000e+00
-4.165548415618558487e-03 6.220291263155684931e-03 -0.000000000000000000e+00
-5.970546323056824534e-03 4.660934955208331093e-03 -0.000000000000000000e+00
-5.178162992400953124e-03 6.128142996903613963e-03 -0.000000000000000000e+00
-2.491029894673035816e-03 6.541898767046109772e-03 -0.000000000000000000e+00
-2.261434067112294555e-03 6.787104625592072470e-03 -0.000000000000000000e+00
-4.770761111312971092e-03 5.864226536609568573e-03 -0.000000000000000000e+00
-4.454700130393202118e-03 6.120190631647030866e-03 -0.000000000000000000e+00
-5.882372592157569802e-03 5.855076500941560659e-03 -0.000000000000000000e+00
-1.992001215766758815e-03 6.795690494746388886e-03 -0.000000000000000000e+00
-1.851909524911432570e-03 6.950089508832167813e-03 -0.000000000000000000e+00
-5.001830436048682049e-03 5.855317985885529972e-03 -0.000000000000000000e+00
-4.831821013235787499e-03 5.997429154340968259e-03 -0.000000000000000000e+00
-6.611511109025219879e-03 3.931622604644441354e-03 -0.000000000000000000e+00
-1.580296842682016312e-03 7.029176901739891785e-03 -0.000000000000000000e+00
-1.515703921226380091e-03 7.098361482768462440e-03 -0.000000000000000000e+00
-6.103952226364978140e-03 4.759035092898512669e-03 -0.000000000000000000e+00
-6.108357962912230876e-03 4.760011739149175650e-03 -0.000000000000000000e+00
-8.218817066877881494e-04 7.440985422819265498e-03 -0.000000000000000000e+00
-8.172957636295719031e-04 7.442713366827780064e-03 -0.000000000000000000e+00
-6.433384351880067076e-03 3.909450980872034714e-03 -0.000000000000000000e+00
-6.589113561481507730e-04 7.513808891056103327e-03 -0.000000000000000000e+00
-6.800492051586837228e-04 7.498235771860002792e-03 -0.000000000000000000e+00
-6.038406984794353338e-04 7.534506498478852655e-03 -0.000000000000000000e+00
-6.344555230438364557e-04 7.516076658413146927e-03 -0.000000000000000000e+00
-6.436821552778249078e-03 3.917185046491515610e-03 -0.000000000000000000e+00
-6.578908072567557497e-04 7.512316077315034368e-03 -0.000000000000000000e+00
-6.813847510152570841e-04 7.500438022276510394e-03 -0.000000000000000000e+00
-6.107026253324293608e-03 4.766270218727578986e-03 -0.000000000000000000e+00
-6.106989251328881485e-03 4.752171387859907732e-03 -0.000000000000000000e+00
-8.198886838878538530e-04 7.437952763254808593e-03 -0.000000000000000000e+00
-8.199167595636380756e-04 7.446916860809086811e-03 -0.000000000000000000e+00
-5.821120176020211368e-03 5.304189693669443019e-03 -0.000000000000000000e+00
-5.621345038025804541e-03 5.730479312587199309e-03 -0.000000000000000000e+00
-1.086355717331982662e-03 7.294083011600481677e-03 -0.000000000000000000e+00
-1.047401082300919439e-03 7.347377855528837431e-03 -0.000000000000000000e+00
-5.582319443738353870e-03 5.600576763020088424e-03 -0.000000000000000000e+00
-5.212130964365208063e-03 5.960594844343657973e-03 -0.000000000000000000e+00
-1.451760432137128021e-03 7.078860780694240344e-03 -0.000000000000000000e+00
-1.359624525253066984e-03 7.200977007241739225e-03 -0.000000000000000000e+00
-6.101965927338554030e-03 5.358932255885932514e-03 -0.000000000000000000e+00
-5.393418627185148084e-03 5.653006967821947934e-03 -0.000000000000000000e+00
-4.886114606035690811e-03 6.081222233342983667e-03 -0.000000000000000000e+00
-1.908893491487789751e-03 6.817180386086260126e-03 -0.000000000000000000e+00
-1.751062365676681054e-03 7.020705014184471654e-03 -0.000000000000000000e+00
-6.074612737055173906e-03 4.625414304916405928e-03 -0.000000000000000000e+00
-5.358184315815639476e-03 6.028405185025034058e-03 -0.000000000000000000e+00
-5.256700321914720142e-03 5.663450422473528811e-03 -0.000000000000000000e+00
-4.648961466229561967e-03 6.164037760990647048e-03 -0.000000000000000000e+00
-2.449308507018521652e-03 6.542723587785339787e-03 -0.000000000000000000e+00
-2.215179912491621605e-03 6.826326622391819254e-03 -0.000000000000000000e+00
-5.259597424098677587e-03 5.665001279247232346e-03 -0.000000000000000000e+00
-4.642715879675352042e-03 6.164823709780141610e-03 -0.000000000000000000e+00
-5.173857438841467093e-03 5.665565838801164822e-03 -0.000000000000000000e+00
-4.504953052858418072e-03 6.215799508166639994e-03 -0.000000000000000000e+00
-3.063772127369746023e-03 6.281198685003651014e-03 -0.000000000000000000e+00
-2.744749732122936381e-03 6.634233112153786055e-03 -0.000000000000000000e+00
-4.480893267448243789e-03 5.873280200022957219e-03 -0.000000000000000000e+00
-3.962545715614884667e-03 6.290946277188767984e-03 -0.000000000000000000e+00
-5.145933289369297725e-03 5.665404528484073964e-03 -0.000000000000000000e+00
-4.456756337236744692e-03 6.234159026058225424e-03 -0.000000000000000000e+00
-3.742678100982999023e-03 6.051718808785894362e-03 -0.000000000000000000e+00
-3.332154829818190223e-03 6.458064259342984059e-03 -0.000000000000000000e+00
-3.747417773195149682e-03 6.064529465172571396e-03 -0.000000000000000000e+00
-3.325052477225393099e-03 6.443028984283490600e-03 -0.000000000000000000e+00
-5.173283685319135516e-03 5.664033885848588669e-03 -0.000000000000000000e+00
-4.505272312694763581e-03 6.217781898695811695e-03 -0.000000000000000000e+00
-4.476396742043253774e-03 5.859937558320498299e-03 -0.000000000000000000e+00
-3.969656843249264044e-03 6.307818373508693351e-03 -0.000000000000000000e+00
-3.068542416474029366e-03 6.293061313175175864e-03 -0.000000000000000000e+00
-2.737881341068060248e-03 6.621126520186968768e-03 -0.000000000000000000e+00
-5.255563858770573304e-03 5.660378164114547236e-03 -0.000000000000000000e+00
-4.649583351349517724e-03 6.167951283039732786e-03 -0.000000000000000000e+00
-5.255547869371296477e-03 5.651789614575880583e-03 -0.000000000000000000e+00
-4.649617931929056480e-03 6.183300353456142040e-03 -0.000000000000000000e+00
-2.453895839613584595e-03 6.553231242508256171e-03 -0.000000000000000000e+00
-2.208770559379680254e-03 6.815132702788373291e-03 -0.000000000000000000e+00
-5.391741197611349401e-03 5.648381739313757845e-03 -0.000000000000000000e+00
-4.887006492825474169e-03 6.086929068065924028e-03 -0.000000000000000000e+00
-6.071198260013038750e-03 4.614831420574332967e-03 -0.000000000000000000e+00
-5.364673351378773658e-03 6.047871331210940421e-03 -0.000000000000000000e+00
-1.913091486871437708e-03 6.825914688650433319e-03 -0.000000000000000000e+00
-1.745328791978473237e-03 7.011365161968838820e-03 -0.000000000000000000e+00
-5.580132837955137370e-03 5.594419228990386329e-03 -0.000000000000000000e+00
-5.213245508653291393e-03 5.967804154329624765e-03 -0.000000000000000000e+00
-6.107857605669370082e-03 5.376596507211265155e-03 -0.000000000000000000e+00
-1.455378535719170641e-03 7.085553037876746521e-03 -0.000000000000000000e+00
-1.354766364768084097e-03 7.193373485499698905e-03 -0.000000000000000000e+00
-5.818465337617595434e-03 5.296970230408665041e-03 -0.000000000000000000e+00
-5.622622024125806250e-03 5.738588132887315063e-03 -0.000000000000000000e+00
-1.089227901818146105e-03 7.298818802942838406e-03 -0.000000000000000000e+00
-1.043591946034871931e-03 7.341423335315572750e-03 -0.000000000000000000e+00
-4.685116365936714544e-04 7.574311695402559559e-03 -0.000000000000000000e+00
-4.648909373839993364e-04 7.575060966215890063e-03 -0.000000000000000000e+00
-3.592878486655681769e-04 7.600426327669372074e-03 -0.000000000000000000e+00
-3.694006119646653374e-04 7.598019723799537793e-03 -0.000000000000000000e+00
-3.587343500571771315e-04 7.599587910932770717e-03 -0.000000000000000000e+00
-3.700786439559400343e-04 7.599196040615070237e-03 -0.000000000000000000e+00
-4.668768244474597040e-04 7.571839890373714341e-03 -0.000000000000000000e+00
-4.668984695479772018e-04 7.578444938632045505e-03 -0.000000000000000000e+00
-6.436785824792234934e-03 3.904797392794026253e-03 -0.000000000000000000e+00
-6.813608083389433023e-04 7.492785078371987789e-03 -0.000000000000000000e+00
-6.579162110431358013e-04 7.520265269486683772e-03 -0.000000000000000000e+00
-6.419386701066481793e-03 3.789218772801827752e-03 -0.000000000000000000e+00
-5.998953319727884370e-03 5.323461136812939268e-03 -0.000000000000000000e+00
-9.976283550323927773e-04 7.334801071500490592e-03 -0.000000000000000000e+00
-9.394016859858023150e-04 7.406055688777625143e-03 -0.000000000000000000e+00
-6.412777295288274448e-03 4.142055341211889861e-03 -0.000000000000000000e+00
-6.222214252757124475e-03 4.491659438533941208e-03 -0.000000000000000000e+00
-5.639385623492088051e-03 5.857099932200036940e-03 -0.000000000000000000e+00
-1.409242345389472018e-03 7.097980011073616244e-03 -0.000000000000000000e+00
-1.306078499525659131e-03 7.232757492011368528e-03 -0.000000000000000000e+00
-6.224267873084499136e-03 4.492598235860145207e-03 -0.000000000000000000e+00
-5.634213473950960838e-03 5.857508846432699957e-03 -0.000000000000000000e+00
-6.072234658138359054e-03 4.624386424117120191e-03 -0.000000000000000000e+00
-5.364064688643976897e-03 6.027918727804427133e-03 -0.000000000000000000e+00
-1.908306319093666659e-03 6.817433498542209598e-03 -0.000000000000000000e+00
-1.751438342377370505e-03 7.020579246502369614e-03 -0.000000000000000000e+00
-5.395939941078620183e-03 5.654454075937362031e-03 -0.000000000000000000e+00
-4.880505066622631283e-03 6.081795264342889674e-03 -0.000000000000000000e+00
-5.971182890013165823e-03 4.669946617240948797e-03 -0.000000000000000000e+00
-5.177766794107474535e-03 6.108525940480412364e-03 -0.000000000000000000e+00
-2.485920544477937533e-03 6.532698704252938061e-03 -0.000000000000000000e+00
-2.268088893111225302e-03 6.797383778921459174e-03 -0.000000000000000000e+00
-4.599607639780733948e-03 5.872953878744891290e-03 -0.000000000000000000e+00
-4.158679465932124675e-03 6.216518152630770740e-03 -0.000000000000000000e+00
-5.920249748666811529e-03 4.686998408368127020e-03 -0.000000000000000000e+00
-5.083823739770870764e-03 6.145193492408782335e-03 -0.000000000000000000e+00
-3.132621579771677212e-03 6.269205114402480461e-03 -0.000000000000000000e+00
-2.848097742518984621e-03 6.583007647759637690e-03 -0.000000000000000000e+00
-3.843864660248108578e-03 6.057862557961244711e-03 -0.000000000000000000e+00
-3.476253034028042865e-03 6.376526243216333774e-03 -0.000000000000000000e+00
-5.920042231256000820e-03 4.686483751176042344e-03 -0.000000000000000000e+00
-5.083945453770916112e-03 6.146189851567137805e-03 -0.000000000000000000e+00
-3.838767800235037830e-03 6.044070728759122837e-03 -0.000000000000000000e+00
-3.483303829469541757e-03 6.392420373698844659e-03 -0.000000000000000000e+00
-3.137839336616876640e-03 6.282013133135713745e-03 -0.000000000000000000e+00
-2.841126421669698532e-03 6.569009948251245540e-03 -0.000000000000000000e+00
-5.970563021185343322e-03 4.668392769587754142e-03 -0.000000000000000000e+00
-5.178125384195431113e-03 6.111483276958038120e-03 -0.000000000000000000e+00
-4.594851057910132042e-03 5.858583698187550849e-03 -0.000000000000000000e+00
-4.165579318275103304e-03 6.234125989858231055e-03 -0.000000000000000000e+00
-2.491034338873432397e-03 6.544150884926844790e-03 -0.000000000000000000e+00
-2.261432065028989857e-03 6.785331955244743030e-03 -0.000000000000000000e+00
-6.071210453857528444e-03 4.621760388771282459e-03 -0.000000000000000000e+00
-5.364640735215142620e-03 6.032714843972428187e-03 -0.000000000000000000e+00
-5.391729981489595813e-03 5.640292824128147545e-03 -0.000000000000000000e+00
-4.887035506000808605e-03 6.100769859517369414e-03 -0.000000000000000000e+00
-1.913094099688789074e-03 6.827137225798148024e-03 -0.000000000000000000e+00
-1.745327374398503162e-03 7.010451832809360545e-03 -0.000000000000000000e+00
-6.220798967388974088e-03 4.487928082207677700e-03 -0.000000000000000000e+00
-5.640147545350387981e-03 5.863402768167940045e-03 -0.000000000000000000e+00
-6.220791044236062550e-03 4.481703442758945902e-03 -0.000000000000000000e+00
-5.640174389359070561e-03 5.876669286146265700e-03 -0.000000000000000000e+00
-1.413493766924345252e-03 7.105650921708154058e-03 -0.000000000000000000e+00
-1.300732099922596863e-03 7.224399127711451929e-03 -0.000000000000000000e+00
-6.417598696623366683e-03 3.784286791262695543e-03 -0.000000000000000000e+00
-5.999858542314606691e-03 5.330530531994811042e-03 -0.000000000000000000e+00
-6.417992435697933429e-03 4.156164936323756762e-03 -0.000000000000000000e+00
-1.001154029073525464e-03 7.340532050905556986e-03 -0.000000000000000000e+00
-9.350164566309937531e-04 7.399246390231005444e-03 -0.000000000000000000e+00
-6.437782394513119621e-03 3.910242988990285037e-03 -0.000000000000000000e+00
-6.840014501419966475e-04 7.496836715331565461e-03 -0.000000000000000000e+00
-6.546572834992270273e-04 7.515018643446925127e-03 -0.000000000000000000e+00
-2.105325026486026818e-04 7.620421749208889858e-03 -0.000000000000000000e+00
-2.080291807010359317e-04 7.620437807199398339e-03 -0.000000000000000000e+00
-1.557945093640933365e-04 7.622037017783255680e-03 -0.000000000000000000e+00
-1.587793922262492607e-04 7.623838002623518559e-03 -0.000000000000000000e+00
-2.093595219722910183e-04 7.618526988110975451e-03 -0.000000000000000000e+00
-2.093742265231735011e-04 7.622822469626686949e-03 -0.000000000000000000e+00
-3.700611438163803335e-04 7.593859596046806208e-03 -0.000000000000000000e+00
-3.587529082096085897e-04 7.605165903465774084e-03 -0.000000000000000000e+00
-6.344360427016360049e-04 7.509694614097399586e-03 -0.000000000000000000e+00
-6.038626746965591874e-04 7.541465754527935592e-03 -0.000000000000000000e+00
-6.417388105843607748e-03 4.141380980692358979e-03 -0.000000000000000000e+00
-9.969787881790870276e-04 7.335027256760708221e-03 -0.000000000000000000e+00
-9.398682371191957596e-04 7.405807597887496818e-03 -0.000000000000000000e+00
-6.421095295666701119e-03 3.789917190368467803e-03 -0.000000000000000000e+00
-5.994622213061212568e-03 5.323937604293989788e-03 -0.000000000000000000e+00
-6.107359396013978259e-03 5.358183732437336345e-03 -0.000000000000000000e+00
-1.450519521850546223e-03 7.079394839365340392e-03 -0.000000000000000000e+00
-1.360462838354947746e-03 7.200584734657216462e-03 -0.000000000000000000e+00
-5.584447834052763682e-03 5.601862729742996053e-03 -0.000000000000000000e+00
-5.207296085707385780e-03 5.960910409841082766e-03 -0.000000000000000000e+00
-5.882009141171984368e-03 5.835825180508663786e-03 -0.000000000000000000e+00
-1.986666998943953377e-03 6.788609930829413684e-03 -0.000000000000000000e+00
-1.858236522919942679e-03 6.958321853686825174e-03 -0.000000000000000000e+00
-4.775713212943677455e-03 5.871521602519143290e-03 -0.000000000000000000e+00
-4.448228507743345883e-03 6.114365171186987406e-03 -0.000000000000000000e+00
-5.745221828329705183e-03 5.959217376469489423e-03 -0.000000000000000000e+00
-2.596259699616243477e-03 6.503265269362094522e-03 -0.000000000000000000e+00
-2.425056478082471267e-03 6.713080567341309091e-03 -0.000000000000000000e+00
-4.003096032360042855e-03 6.047592905495667234e-03 -0.000000000000000000e+00
-3.724964321792728628e-03 6.274325265592308430e-03 -0.000000000000000000e+00
-5.699410434031521033e-03 5.989497182995664505e-03 -0.000000000000000000e+00
-3.269779392535893114e-03 6.246605987144311298e-03 -0.000000000000000000e+00
-3.052422311243752073e-03 6.485713072333249354e-03 -0.000000000000000000e+00
-3.275390386795029585e-03 6.260428340321026741e-03 -0.000000000000000000e+00
-3.045534094979401862e-03 6.470856123515486558e-03 -0.000000000000000000e+00
-5.745390586284065959e-03 5.961062356561600169e-03 -0.000000000000000000e+00
-3.997698719640091491e-03 6.032732992285067333e-03 -0.000000000000000000e+00
-3.731771742951695003e-03 6.290943753089192798e-03 -0.000000000000000000e+00
-2.601852836470491814e-03 6.515702983340919928e-03 -0.000000000000000000e+00
-2.418326598268211169e-03 6.700133377249745809e-03 -0.000000000000000000e+00
-5.882336931225251586e-03 5.839445787691985822e-03 -0.000000000000000000e+00
-4.770751303464965121e-03 5.856043110977869268e-03 -0.000000000000000000e+00
-4.454725214274757317e-03 6.132457552551854110e-03 -0.000000000000000000e+00
-1.992009046685866425e-03 6.799321582118955133e-03 -0.000000000000000000e+00
-1.851905259124098091e-03 6.947346955494540337e-03 -0.000000000000000000e+00
-6.107827097173473829e-03 5.363326012121667243e-03 -0.000000000000000000e+00
-5.580125942648089810e-03 5.586828439425649794e-03 -0.000000000000000000e+00
-5.213268471073062571e-03 5.979904497876700233e-03 -0.000000000000000000e+00
-1.455384457743791327e-03 7.088099160979689263e-03 -0.000000000000000000e+00
-1.354762661097796972e-03 7.191491375810605234e-03 -0.000000000000000000e+00
-6.417967870177010425e-03 4.146097582142869130e-03 -0.000000000000000000e+00
-6.417594475079058114e-03 3.779326453537626678e-03 -0.000000000000000000e+00
-5.999879134446800544e-03 5.341351786105192484e-03 -0.000000000000000000e+00
-1.001157294357984950e-03 7.341817076600090468e-03 -0.000000000000000000e+00
-9.350141754020102614e-04 7.398285403409157746e-03 -0.000000000000000000e+00
-6.377452210418743661e-04 7.514865128211808271e-03 -0.000000000000000000e+00
-6.000424303571338935e-04 7.535353566715898010e-03 -0.000000000000000000e+00
-3.723538471245013692e-04 7.597478510986962336e-03 -0.000000000000000000e+00
-3.561173647688986588e-04 7.600701428323204667e-03 -0.000000000000000000e+00
-5.324418314195389357e-05 7.619980241186847560e-03 -0.000000000000000000e+00
-5.196498893009215969e-05 7.619798157423304102e-03 -0.000000000000000000e+00
-5.262286881038691355e-05 7.618903942355789542e-03 -0.000000000000000000e+00
-5.263030222710241013e-05 7.621008936970791181e-03 -0.000000000000000000e+00
-1.587687339060506186e-04 7.620717932949674922e-03 -0.000000000000000000e+00
-1.558058041586929399e-04 7.625321059851197791e-03 -0.000000000000000000e+00
-3.693873859742236032e-04 7.593871775432149349e-03 -0.000000000000000000e+00
-3.593027541436699668e-04 7.605013890686164457e-03 -0.000000000000000000e+00
-6.800342453719132596e-04 7.493072025427999043e-03 -0.000000000000000000e+00
-6.589293923772165940e-04 7.519798263451467520e-03 -0.000000000000000000e+00
-6.433385100623773001e-03 3.905055840050503276e-03 -0.000000000000000000e+00
-1.084430262874330753e-03 7.294805551522177446e-03 -0.000000000000000000e+00
-1.048778488664497965e-03 7.346666731095184352e-03 -0.000000000000000000e+00
-5.822851210177670822e-03 5.305202157921482496e-03 -0.000000000000000000e+00
-5.617382476652166279e-03 5.730638204400150156e-03 -0.000000000000000000e+00
-6.611240859777101075e-03 3.918675847303288232e-03 -0.000000000000000000e+00
-1.574870878572026678e-03 7.024434702600442643e-03 -0.000000000000000000e+00
-1.521600175113241304e-03 7.104479127185539360e-03 -0.000000000000000000e+00
-5.006937051347248868e-03 5.864239228728239731e-03 -0.000000000000000000e+00
-4.825916671188590357e-03 5.989815996969003777e-03 -0.000000000000000000e+00
-6.434659739758069597e-03 4.696546363752688788e-03 -0.000000000000000000e+00
-2.142670580892902521e-03 6.733552053273247212e-03 -0.000000000000000000e+00
-2.069209142160605142e-03 6.838150699101611107e-03 -0.000000000000000000e+00
-4.222910610372748730e-03 6.035417369551441050e-03 -0.000000000000000000e+00
-4.066465443584632578e-03 6.147098542795533492e-03 -0.000000000000000000e+00
-6.345622727697813881e-03 4.849742558728241393e-03 -0.000000000000000000e+00
-2.778591721760065303e-03 6.457492555621692325e-03 -0.000000000000000000e+00
-2.682880329666847974e-03 6.581077323110598454e-03 -0.000000000000000000e+00
-3.479161875721642483e-03 6.231155073962297598e-03 -0.000000000000000000e+00
-3.347073792907828693e-03 6.337072952692469202e-03 -0.000000000000000000e+00
-6.345673382000205365e-03 4.850324064609922922e-03 -0.000000000000000000e+00
-3.473221000059867336e-03 6.216264714063547865e-03 -0.000000000000000000e+00
-3.353699772900564646e-03 6.352642196306693481e-03 -0.000000000000000000e+00
-2.784603571220234386e-03 6.470949946607167796e-03 -0.000000000000000000e+00
-2.676252711083459968e-03 6.567267540450272105e-03 -0.000000000000000000e+00
-6.434808335335467921e-03 4.698184023898038277e-03 -0.000000000000000000e+00
-4.217274211470001255e-03 6.019435653842713542e-03 -0.000000000000000000e+00
-4.072852183117731117e-03 6.164167372843677717e-03 -0.000000000000000000e+00
-2.148513848428984518e-03 6.745289899244129479e-03 -0.000000000000000000e+00
-2.062823268434960111e-03 6.826261120232720615e-03 -0.000000000000000000e+00
-6.611477404644183764e-03 3.920978265652840314e-03 -0.000000000000000000e+00
-5.001824788962272450e-03 5.847650778704597575e-03 -0.000000000000000000e+00
-4.831840083181604406e-03 6.007980120801840324e-03 -0.000000000000000000e+00
-1.580308633912369531e-03 7.034193953891569248e-03 -0.000000000000000000e+00
-1.515696525556164964e-03 7.094577535024238803e-03 -0.000000000000000000e+00
-5.818462010788699734e-03 5.289753600556816419e-03 -0.000000000000000000e+00
-5.622638756644315894e-03 5.748634836984299439e-03 -0.000000000000000000e+00
-1.089237655282904171e-03 7.302644813519427666e-03 -0.000000000000000000e+00
-1.043585125016677218e-03 7.338512180932969288e-03 -0.000000000000000000e+00
-6.437796564289832713e-03 3.917823786869907739e-03 -0.000000000000000000e+00
-6.840084495735032633e-04 7.499334124065582322e-03 -0.000000000000000000e+00
-6.546519240331616363e-04 7.513049780845762991e-03 -0.000000000000000000e+00
-3.723575271190049385e-04 7.598670662917213388e-03 -0.000000000000000000e+00
-3.561143200461469593e-04 7.599707231611402616e-03 -0.000000000000000000e+00
-1.606050454403817884e-04 7.623813329429608709e-03 -0.000000000000000000e+00
-1.538378377052562751e-04 7.621854713297428890e-03 -0.000000000000000000e+00
