3.236338758793882997e-02 -3.277804668968476562e+03
3.236338759465080817e-02 3.277802741421138307e+03
1.060465938233312068e-02 -1.667726364049135555e+02
1.060465940793553670e-02 1.667726334002882993e+02
1.082260790616393006e-02 -1.408030760268709969e+02
1.082260793520546140e-02 1.408030724142175529e+02
1.077437680881583072e-02 -1.168652861618660665e+02
1.077437682186667932e-02 1.168652858165701645e+02
1.065463582722759629e-02 -1.035625040223837061e+02
1.065463584782534896e-02 1.035625011442851502e+02
1.096365371998915539e-02 8.452546294746086630e+01
1.096365368057651210e-02 -8.452546276198727071e+01
1.032354751877889200e-02 -8.232334917429830057e+01
1.032354749408962401e-02 8.232334744271268789e+01
1.062229405618063914e-02 -7.540080056174585366e+01
1.062229409722868952e-02 7.540079852216933887e+01
1.098182602176834936e-02 -7.004052096421709450e+01
1.098182608927049907e-02 7.004052070413396791e+01
1.008468109393467413e-02 -6.754390203959594885e+01
1.008468110907537012e-02 6.754390029536335760e+01
1.084405401093382036e-02 -6.511354709261753726e+01
1.084405404133515806e-02 6.511354548124822372e+01
1.028164901197003815e-02 -6.329825197191554764e+01
1.028164896662063510e-02 6.329825186727750719e+01
1.128159111258400515e-02 -5.647805720308818422e+01
1.128159113322731687e-02 5.647805694655296094e+01
1.024402005350905608e-02 -5.474483790892379176e+01
1.024402006925557301e-02 5.474483624075246979e+01
1.110531043515906174e-02 -5.233693609392400958e+01
1.110531044750825286e-02 5.233693482173003275e+01
1.025610139220638033e-02 -4.927191024671172670e+01
1.025610138749108446e-02 4.927191013396369357e+01
9.963905986950570212e-03 -4.866626007870966220e+01
9.963906025324178323e-03 4.866625904945492209e+01
1.134180550107675468e-02 4.753675230986262790e+01
1.134180544554831346e-02 -4.753675228059243096e+01
1.119232866187151905e-02 -4.669040893851540375e+01
1.119232868697193212e-02 4.669040788884070992e+01
1.050520088738211844e-02 -4.528834158411302013e+01
1.050520088720025870e-02 4.528834108538802639e+01
1.107855377109436684e-02 -4.401987416266710795e+01
1.107855412868014380e-02 4.401987386798118251e+01
1.056402642376791552e-02 -4.290118822491695738e+01
1.056402624192336222e-02 4.290118713091307256e+01
1.032819157072504580e-02 -4.182113549816576636e+01
1.032819149610550262e-02 4.182113461068248483e+01
1.060811846832135884e-02 -4.037172625477044363e+01
1.060811840022640902e-02 4.037172604815216204e+01
1.027013168114001250e-02 -3.987902703970571139e+01
1.027013169123140723e-02 3.987902592550445036e+01
1.094170317909862016e-02 -3.952782137914560678e+01
1.094170314328484460e-02 3.952782040080523274e+01
1.091945594631073789e-02 -3.886636630334144371e+01
1.091945603179879376e-02 3.886636611774601846e+01
1.144803793982841419e-02 -3.791907272522693972e+01
1.144803798177724923e-02 3.791907192282932471e+01
1.084529695793426222e-02 -3.765120963931558862e+01
1.084529688823457523e-02 3.765120921632351525e+01
1.122012210452404991e-02 -3.511046815617088157e+01
1.122012219712585634e-02 3.511046776242165635e+01
1.060801666853980994e-02 -3.453583463870705828e+01
1.060801661215966460e-02 3.453583386843288139e+01
1.018773718711911240e-02 -3.408693173386131292e+01
1.018773720529836564e-02 3.408693068781832380e+01
1.093018527758446608e-02 -3.360037639208702842e+01
1.093018540043093866e-02 3.360037558513341338e+01
1.028640823317315128e-02 -3.335992967981011503e+01
1.028640828335100968e-02 3.335992952232947317e+01
1.043690632738059412e-02 -3.333872950225141096e+01
1.043690651484886593e-02 3.333872929195078427e+01
1.092887350756345695e-02 -3.258021536066866730e+01
1.092887328044290542e-02 3.258021500885123345e+01
1.050941840083520831e-02 -3.256973289789259951e+01
1.050941841885218338e-02 3.256973204865342808e+01
1.111714502828797801e-02 3.194311083250549288e+01
1.111714482187540522e-02 -3.194311072596429213e+01
1.137046976411071331e-02 -3.151984335357592926e+01
1.137046993124869905e-02 3.151984296692312881e+01
1.048540068151218932e-02 -3.126110978507532678e+01
1.048540077700531314e-02 3.126110899493234641e+01
1.040339306644363221e-02 -3.081999538218772017e+01
1.040339256962582830e-02 3.081999469023307014e+01
1.146902057456725479e-02 -3.064712475892008570e+01
1.146902090206985275e-02 3.064712410858671632e+01
1.120654085608203780e-02 3.061660762909503575e+01
1.120654086643797266e-02 -3.061660752797121532e+01
1.084972339141885428e-02 -2.935626138434498955e+01
1.084972353162479489e-02 2.935626066357070485e+01
1.036793659641273638e-02 -2.910604013376444499e+01
1.036793654975361190e-02 2.910603995122269794e+01
1.134932380211205703e-02 -2.907049035456724084e+01
1.134932317226890891e-02 2.907048986387619038e+01
1.106375111272838406e-02 -2.893962246679900474e+01
1.106375141451815432e-02 2.893962222385580318e+01
1.118979165217177073e-02 -2.879389747066257144e+01
1.118979186163536130e-02 2.879389685568398960e+01
1.086533611754398644e-02 -2.849638133393668582e+01
1.086533624564202036e-02 2.849638110051805029e+01
1.136427916329549141e-02 -2.823227725845023173e+01
1.136427937613452427e-02 2.823227661798238941e+01
1.038184800811103869e-02 -2.776225054058784281e+01
1.038184770663693607e-02 2.776224971957013565e+01
1.084615423853696817e-02 -2.763821999617513825e+01
1.084615437334115334e-02 2.763821938328230132e+01
1.162273934573626599e-02 -2.706632097052653307e+01
1.162273905535535917e-02 2.706632046630178223e+01
1.105683653404898777e-02 -2.679913309923936993e+01
1.105683698037649744e-02 2.679913287418847290e+01
1.051340750369607509e-02 -2.674614083699516698e+01
1.051340741334046668e-02 2.674614016790835436e+01
1.069896174556179795e-02 -2.654145524145990365e+01
1.069896180116161610e-02 2.654145513738176732e+01
1.025238045236211669e-02 -2.631000821444351345e+01
1.025238123147922779e-02 2.631000763091110883e+01
1.062692066083958768e-02 -2.626038802918472825e+01
1.062691970656635607e-02 2.626038774597889969e+01
1.116296498199197997e-02 -2.622140245381240575e+01
1.116296525170440944e-02 2.622140191434851175e+01
1.004181942440399329e-02 -2.616165225058412247e+01
1.004181940246718675e-02 2.616165189137126745e+01
1.170705866136506103e-02 -2.576736807300966703e+01
1.170705867019803011e-02 2.576736753277979375e+01
1.108719317562077526e-02 -2.537629961657033917e+01
1.108719337964297717e-02 2.537629955193772702e+01
1.166983020390459716e-02 -2.511539339247659441e+01
1.166983021750275622e-02 2.511539280594703172e+01
1.077114123048455822e-02 -2.501848053850641662e+01
1.077114144994792411e-02 2.501847979185762227e+01
1.115996079297888743e-02 -2.472681772429600855e+01
1.115996056754827749e-02 2.472681714380420814e+01
1.039275334235089179e-02 -2.469585575683866097e+01
1.039275346623523381e-02 2.469585527496141353e+01
1.051956143755826238e-02 -2.459751093594393723e+01
1.051956145213365709e-02 2.459751067529083812e+01
1.108300190971192416e-02 2.445602296335079373e+01
1.108300136927953435e-02 -2.445602294289454903e+01
1.029204401800454943e-02 -2.439868192082584031e+01
1.029204413149952674e-02 2.439868157765121737e+01
1.101414250847943498e-02 -2.426539570644523280e+01
1.101414237694895229e-02 2.426539548375701116e+01
1.011464120658296315e-02 -2.420099425498102619e+01
1.011464092282365196e-02 2.420099380114634613e+01
1.032783750501890807e-02 -2.371836596619873561e+01
1.032783753921510082e-02 2.371836533320824714e+01
1.106034086033976307e-02 2.361026377983432667e+01
1.106034095531713453e-02 -2.361026370619560311e+01
1.078631497075585241e-02 -2.333421129270884720e+01
1.078631501132465767e-02 2.333421071330988639e+01
1.068200250749943604e-02 -2.306510503163484316e+01
1.068200260826372705e-02 2.306510495605962063e+01
1.102231692730183850e-02 -2.294353108577628930e+01
1.102231691573620984e-02 2.294353075571702405e+01
1.042611762785064684e-02 -2.288559724314057320e+01
1.042611761201019810e-02 2.288559710899426136e+01
1.097015649093883646e-02 -2.287039075505078145e+01
1.097015643809544361e-02 2.287039007399227941e+01
1.105903817929212996e-02 -2.276387113888391767e+01
1.105903853865782688e-02 2.276387057777411371e+01
1.108483570254467816e-02 -2.258807442359980300e+01
1.108483568076529431e-02 2.258807393673992792e+01
1.050256613369670786e-02 -2.257911898909116388e+01
1.050256613331221334e-02 2.257911885918861827e+01
1.087837074644758088e-02 -2.229071064384120859e+01
1.087837041767529718e-02 2.229071016934776139e+01
1.136258938335661488e-02 -2.226419427830714781e+01
1.136259012084118308e-02 2.226419382957760718e+01
1.041014022305686119e-02 -2.212520054283897153e+01
1.041014009516614582e-02 2.212520008058901411e+01
9.646766843240492384e-03 -2.207618119839082027e+01
9.646766706162355348e-03 2.207618089621887236e+01
1.066046903154051033e-02 -2.202862328435715966e+01
1.066046881250162261e-02 2.202862311626942571e+01
1.073395808787665391e-02 -2.198098077393660787e+01
1.073395802507781487e-02 2.198098025121827348e+01
1.108602078447874957e-02 -2.193950902936692415e+01
1.108602078160110006e-02 2.193950866906973118e+01
1.029187876819529120e-02 -2.166140795408490760e+01
1.029187878541911426e-02 2.166140779400799943e+01
1.050018033893748357e-02 -2.143778118202341076e+01
1.050018042762882776e-02 2.143778063580847970e+01
1.046815494730318936e-02 -2.136540544943991549e+01
1.046815497259654879e-02 2.136540528667745420e+01
1.106244469020551541e-02 -2.121766894844243012e+01
1.106244472116943260e-02 2.121766854938265112e+01
1.100270107888610266e-02 -2.116186407342240372e+01
1.100270114197294744e-02 2.116186349721800042e+01
1.059890801036245458e-02 -2.113752729799594476e+01
1.059890801951968338e-02 2.113752710662295442e+01
1.069958278850724823e-02 -2.099766084157431223e+01
1.069958276167096677e-02 2.099766029782018251e+01
1.049547233184021551e-02 -2.080975036158145386e+01
1.049547235918053822e-02 2.080974979340132691e+01
1.041901681095585251e-02 -2.074262394513968388e+01
1.041901678199534144e-02 2.074262340023465967e+01
1.035563025380724540e-02 -2.068131847660249889e+01
1.035562957876064519e-02 2.068131827969221703e+01
1.100080503465237884e-02 -2.059466130082472901e+01
1.100080605774252616e-02 2.059466093645437823e+01
9.867571265649787218e-03 -2.057918993177867861e+01
9.867570715579579085e-03 2.057918967583297842e+01
1.055842115182478030e-02 -2.053661500274738572e+01
1.055842301760301014e-02 2.053661459623718599e+01
1.027690394566002120e-02 -2.051678246701739283e+01
1.027690213386463214e-02 2.051678208490076116e+01
1.055602568548361965e-02 -2.039220070518554451e+01
1.055602581846013140e-02 2.039220055024391343e+01
1.201089385266282741e-02 -2.032498647005788683e+01
1.201089388613937707e-02 2.032498608665558848e+01
1.048933827122980680e-02 -2.030355037565340481e+01
1.048933838706554884e-02 2.030355016331822782e+01
1.066137269618051310e-02 -1.991551183203422681e+01
1.066137275951163990e-02 1.991551132695981963e+01
1.029841245682022212e-02 -1.982882181935533694e+01
1.029841241266892665e-02 1.982882162555733530e+01
1.066225513171706850e-02 -1.980298654518796297e+01
1.066225512245377524e-02 1.980298599240859758e+01
1.029208971285502580e-02 -1.971888652794575947e+01
1.029208972395267117e-02 1.971888627049922960e+01
1.037981599280646088e-02 -1.962876946303974535e+01
1.037981606026251030e-02 1.962876931559996763e+01
1.080746622223822950e-02 -1.956262255023007768e+01
1.080746647513473185e-02 1.956262203642880593e+01
1.047931294841501250e-02 -1.949161287443917345e+01
1.047931286809090055e-02 1.949161238913878691e+01
9.770588709552165477e-03 -1.942277526550851263e+01
9.770588720950696901e-03 1.942277508536921005e+01
1.066011016719208872e-02 -1.936668131455303765e+01
1.066011023966504170e-02 1.936668079403495568e+01
1.025170440153387770e-02 -1.926411335166479333e+01
1.025170463818318375e-02 1.926411310920747155e+01
1.040740031744256076e-02 -1.915233771310823840e+01
1.040739695773281598e-02 1.915233720500249248e+01
1.041342231421910069e-02 -1.915001132835674369e+01
1.041342529182560407e-02 1.915001090508653547e+01
1.048542804835868140e-02 -1.912795217056284258e+01
1.048542837575827669e-02 1.912795183962552414e+01
1.025784907950248216e-02 -1.900818389367490724e+01
1.025784890803556858e-02 1.900818366715023799e+01
1.003968548537132431e-02 -1.890036792241470209e+01
1.003968515718130575e-02 1.890036748401529110e+01
1.082975914829680149e-02 -1.883999405628370383e+01
1.082975912990863376e-02 1.883999351758835061e+01
9.772242659454647568e-03 -1.883056008722981289e+01
9.772244257866807143e-03 1.883055991541720431e+01
9.672849253582273960e-03 -1.878842313112274454e+01
9.672847911820284250e-03 1.878842297710281528e+01
1.039221007039207306e-02 -1.872987397594124204e+01
1.039220977664887663e-02 1.872987378675589909e+01
1.142443078949849540e-02 -1.871840083105608699e+01
1.142443191546331505e-02 1.871840053566424444e+01
1.084819330953414908e-02 -1.853613571629434986e+01
1.084819293520814139e-02 1.853613526927113853e+01
9.809723919369885137e-03 -1.844601763755160562e+01
9.809724169957468806e-03 1.844601751388945843e+01
1.079485023102408868e-02 -1.838780458060740486e+01
1.079485025574584631e-02 1.838780411815517724e+01
1.022356703524024413e-02 -1.835123512022621739e+01
1.022356709105057271e-02 1.835123493477411216e+01
1.060018781161563631e-02 -1.826326252986833865e+01
1.060018773126324837e-02 1.826326205541554160e+01
1.013654232774484354e-02 -1.822279070070100460e+01
1.013654233989677404e-02 1.822279061539934020e+01
1.099267498556957129e-02 -1.811858805684203588e+01
1.099267507212193726e-02 1.811858755669464927e+01
1.035518569718604266e-02 -1.803636876943350487e+01
1.035518604675755329e-02 1.803636860428539634e+01
1.040461489532571934e-02 -1.797382129873604129e+01
1.040461503691812034e-02 1.797382075976089766e+01
1.038302276729843356e-02 -1.795434900897636155e+01
1.038302252607333463e-02 1.795434855509046912e+01
1.086920075203860400e-02 -1.794315853559681884e+01
1.086920118653032438e-02 1.794315839348379527e+01
9.587814069415452611e-03 -1.786742260504804491e+01
9.587814162527699691e-03 1.786742217210561989e+01
1.048032395391258927e-02 -1.782744037186690989e+01
1.048032345979258047e-02 1.782744020722854472e+01
1.019099497466565730e-02 1.779229757876652585e+01
1.019099441883196920e-02 -1.779229755312734795e+01
1.059695205690814809e-02 -1.774855241661486716e+01
1.059695234655543168e-02 1.774855198300022963e+01
1.008362492172618086e-02 -1.757057579494383859e+01
1.008362461792026987e-02 1.757057572428492875e+01
1.071923703868823789e-02 -1.753978585046668925e+01
1.071923705057084564e-02 1.753978536014110290e+01
9.513968077661786107e-03 -1.752088008200372826e+01
9.513968229203037877e-03 1.752087998257576018e+01
9.975236426415510713e-03 -1.746738868615912565e+01
9.975238543157880639e-03 1.746738829021438377e+01
1.001237627153402955e-02 1.745520832262397093e+01
1.001237926288459784e-02 -1.745520824186048259e+01
1.043046082454889521e-02 -1.744525413571432182e+01
1.043046193595712108e-02 1.744525370764382544e+01
1.051366843641029537e-02 -1.742680803352500973e+01
1.051366866688225113e-02 1.742680757454600027e+01
1.043675222217086383e-02 -1.737563756988600616e+01
1.043675227717151197e-02 1.737563710165578712e+01
1.041848418811325977e-02 1.734676734785054819e+01
1.041848437539076230e-02 -1.734676725169392242e+01
1.098307224808080587e-02 -1.713908270770508580e+01
1.098307237243456060e-02 1.713908222889832444e+01
1.048608912891761669e-02 1.703217186449779419e+01
1.048608919446394200e-02 -1.703217172292278292e+01
1.044156193169061206e-02 -1.701130091400860778e+01
1.044156133611423391e-02 1.701130033278127485e+01
1.047833536214534331e-02 -1.700635329386681249e+01
1.047833596376213962e-02 1.700635291264458360e+01
9.713680867255186646e-03 -1.693083163483471054e+01
9.713680889683270342e-03 1.693083154870739193e+01
1.030786069258502954e-02 -1.689001989053683062e+01
1.030786069565509631e-02 1.689001944435590374e+01
1.093219499545611435e-02 -1.675842199856312931e+01
1.093219501363211846e-02 1.675842153534651757e+01
9.323375378687966467e-03 -1.671464489018593014e+01
9.323375081952701635e-03 1.671464446881739363e+01
1.053098213127639030e-02 -1.669678845696894953e+01
1.053098244034180245e-02 1.669678799447176587e+01
1.054173284031702761e-02 -1.668333660357857795e+01
1.054173303415362195e-02 1.668333629335175416e+01
1.042909823678765842e-02 1.666091108590022429e+01
1.042909801654578333e-02 -1.666091087849929053e+01
1.021346994559144648e-02 1.662995494460181334e+01
1.021347148386938727e-02 -1.662995490020397327e+01
1.043103926684081813e-02 -1.662080111909852320e+01
1.043103987274660027e-02 1.662080067666471805e+01
9.080295049114809822e-03 -1.654455051480290706e+01
9.080295118057236242e-03 1.654455041240903057e+01
1.134501266158567667e-02 -1.649119339342774992e+01
1.134500982532433630e-02 1.649119246306295850e+01
1.145660217384521229e-02 1.645957278893395070e+01
1.145659735182707681e-02 -1.645957257116879546e+01
9.661810543999683684e-03 -1.643622423705368973e+01
9.661810509746298833e-03 1.643622413086849932e+01
1.042952542996285724e-02 -1.635519980245211258e+01
1.042952355577474177e-02 1.635519943552584721e+01
1.059247857617576748e-02 -1.633794502426589546e+01
1.059247860206793089e-02 1.633794453656161139e+01
1.064932753346541604e-02 -1.633312226416546054e+01
1.064932753702687966e-02 1.633312179816848086e+01
1.051207325938859592e-02 -1.629847661852993213e+01
1.051207326763806300e-02 1.629847614751889751e+01
9.671010702792345870e-03 -1.615243012110511600e+01
9.671010820144241432e-03 1.615243011763660164e+01
1.042382409829724181e-02 -1.611948626180817712e+01
1.042382401965093186e-02 1.611948580356848026e+01
9.663367702204044007e-03 -1.610829744325122803e+01
9.663367802499272727e-03 1.610829730826439388e+01
1.014940704571451122e-02 -1.603160897486647229e+01
1.014940702395385891e-02 1.603160851984584312e+01
9.341033068217291513e-03 -1.597058122557830906e+01
9.341032682024295528e-03 1.597058106170484137e+01
1.051391585063874042e-02 -1.593618297512409754e+01
1.051391585160299687e-02 1.593618250182666074e+01
1.005545459463945239e-02 -1.588150456708173941e+01
1.005545476998518165e-02 1.588150412699720881e+01
1.021123893849833555e-02 -1.585966574200076273e+01
1.021123822319236138e-02 1.585966525896383317e+01
1.026427125346233114e-02 -1.584943755543208432e+01
1.026427132261891785e-02 1.584943726167367117e+01
1.043019096501885019e-02 -1.581323191714774623e+01
1.043018711646937803e-02 1.581323145950256759e+01
9.212334925620126527e-03 -1.580662513227060550e+01
9.212340365308404472e-03 1.580662501023063093e+01
8.242118791971954697e-03 -1.574075023571417908e+01
8.242118821885533256e-03 1.574075008258708941e+01
1.020456974869800651e-02 -1.566550674974025981e+01
1.020456978403588497e-02 1.566550626208663566e+01
9.659651968388383372e-03 -1.563300770470261014e+01
9.659647267779623500e-03 1.563300767565759664e+01
1.024258948894833654e-02 -1.563118288415013168e+01
1.024259406684907558e-02 1.563118243160468879e+01
1.037911372558198222e-02 -1.548070217503035906e+01
1.037916349356690117e-02 1.548070196566924217e+01
9.648425088887593870e-03 -1.547571009502999395e+01
9.648374151482402503e-03 1.547570990705473370e+01
1.030147558677755280e-02 -1.547018936723732985e+01
1.030147606198319847e-02 1.547018889716685308e+01
9.934266912078375256e-03 -1.545364233195215675e+01
9.934267970194504693e-03 1.545364191785310659e+01
1.060426805596466869e-02 1.544267978121164120e+01
1.060427711163232888e-02 -1.544267957806006564e+01
1.024670544325848552e-02 1.543157289590075010e+01
1.024670096926930639e-02 -1.543157255622512558e+01
9.917073700989639806e-03 -1.541739946985833498e+01
9.917073869636156697e-03 1.541739907026995482e+01
9.580449804910490252e-03 -1.540424715638793707e+01
9.580450160524689798e-03 1.540424672925199090e+01
1.010946441454911582e-02 -1.527695550491462484e+01
1.010946449979876517e-02 1.527695507216525606e+01
9.440480817623954010e-03 -1.524793561877874026e+01
9.440480784437777981e-03 1.524793558056252252e+01
1.016499399994365456e-02 -1.522485386268332874e+01
1.016499402488322754e-02 1.522485340056163494e+01
1.006874545507212108e-02 -1.519704739269612226e+01
1.006874542954274560e-02 1.519704691805691787e+01
9.239560090343386378e-03 -1.501512124561453732e+01
9.239560132716808857e-03 1.501512122550157535e+01
9.910287180402444981e-03 -1.501394933472474236e+01
9.910287270383719149e-03 1.501394894814731629e+01
9.602229365575486869e-03 -1.496321459831947287e+01
9.602229338634585970e-03 1.496321414931224325e+01
9.671086113329200804e-03 -1.494774584759335667e+01
9.671086141123190136e-03 1.494774536640516516e+01
9.956709395442811528e-03 -1.488400555746605924e+01
9.956709410150492781e-03 1.488400510628190965e+01
9.332858382796830124e-03 -1.486532193099527355e+01
9.332858509406405378e-03 1.486532188182488134e+01
1.003407573849346771e-02 -1.479466558105999852e+01
1.003407580485259770e-02 1.479466515789634684e+01
8.907170018916107240e-03 -1.467161312972011089e+01
8.907133325759783102e-03 1.467161290518708050e+01
1.119800060139872731e-02 -1.465314881060941232e+01
1.119803063569234543e-02 1.465314796460277336e+01
9.710472501034586590e-03 -1.462703064592629509e+01
9.710472557860198514e-03 1.462703018314542369e+01
1.139321306527124079e-02 1.462233034525851494e+01
1.139321026538963645e-02 -1.462232995620420084e+01
9.882625093259291699e-03 -1.458180864829952483e+01
9.882623925650592736e-03 1.458180855028889766e+01
1.007023738073418127e-02 -1.456696189985917655e+01
1.007023339365395974e-02 1.456696158054213797e+01
1.012481823682220318e-02 1.454216732839302217e+01
1.012481508268599402e-02 -1.454216721457466832e+01
9.663128228869725250e-03 -1.452596486969538070e+01
9.663128224240724942e-03 1.452596443335784215e+01
9.779561678574433606e-03 -1.448449910423969023e+01
9.779564909659982028e-03 1.448449906869553061e+01
9.447496185890635889e-03 1.447125279211889470e+01
9.447501465873810525e-03 -1.447125270703247324e+01
9.745057704883351019e-03 -1.437833189903192022e+01
9.745057661738540378e-03 1.437833149262757715e+01
9.441532682102803803e-03 -1.436476330597140993e+01
9.441532701791438206e-03 1.436476284311143559e+01
8.830360810108430630e-03 -1.435052623111252856e+01
8.830356645932407531e-03 1.435052583405082061e+01
9.830669382116144495e-03 -1.429970050709859031e+01
9.830674970188519116e-03 1.429970021523277879e+01
8.899872947302869472e-03 -1.429304616694000529e+01
8.899873022576507489e-03 1.429304605514722226e+01
9.578278752135365240e-03 -1.425562489192647320e+01
9.578277265140568847e-03 1.425562460814188803e+01
9.631220066282544789e-03 -1.418587319554694481e+01
9.631220083315031322e-03 1.418587276092765492e+01
9.106350980812968204e-03 -1.409668020892196694e+01
9.106351012114795654e-03 1.409667974598437645e+01
9.228808922602587880e-03 -1.409554667797530669e+01
9.228809114420944218e-03 1.409554664448761940e+01
9.696946866833783263e-03 -1.403151936074678119e+01
9.696946881660107459e-03 1.403151901128279633e+01
9.224403127661394419e-03 -1.398455556721458848e+01
9.224403031369217063e-03 1.398455550052322138e+01
9.571409438563487082e-03 -1.397515911263237776e+01
9.571409441859687200e-03 1.397515871325323111e+01
9.204648236946484305e-03 1.393164149102315008e+01
9.204648308921417263e-03 -1.393164146619447585e+01
9.494028610218705269e-03 -1.390080426908325073e+01
9.494028629491755439e-03 1.390080383845100087e+01
9.385578779783748313e-03 -1.385212845780492330e+01
9.385578794304608521e-03 1.385212810429748842e+01
8.644309430083015403e-03 -1.383135936607678929e+01
8.644309385958044364e-03 1.383135934463050276e+01
9.512237959651285296e-03 1.365826448644330071e+01
9.512237421456576011e-03 -1.365826443444264449e+01
9.208450117889881853e-03 -1.364097462473529099e+01
9.208450139711166216e-03 1.364097419620607532e+01
9.543576893990463050e-03 -1.361069005549549082e+01
9.543578201429880198e-03 1.361068965397654829e+01
9.551321584720324012e-03 -1.360996565939945313e+01
9.551320305946957301e-03 1.360996530678296423e+01
9.481657163149186107e-03 -1.353923385858348105e+01
9.481657259171098751e-03 1.353923355060625511e+01
9.820075830149778071e-03 1.347273033072050907e+01
9.820075596861784981e-03 -1.347273026017780850e+01
1.006274314133514224e-02 1.339048343124596308e+01
1.006274312470331958e-02 -1.339048332737086255e+01
8.863894891962650208e-03 -1.337450889697692169e+01
8.863894914064893854e-03 1.337450846947805694e+01
1.061657492575874412e-02 1.331664354702881603e+01
1.061657375056761221e-02 -1.331664334909559777e+01
9.447514663788680878e-03 -1.329487690362542018e+01
9.447514685310770544e-03 1.329487651505202805e+01
1.023191099652436334e-02 1.324017824177269809e+01
1.023188590043137489e-02 -1.324017814082004918e+01
9.634614823717260745e-03 -1.323475674410567393e+01
9.634588213385666261e-03 1.323475647854007420e+01
8.780864327617073431e-03 -1.319745909545129692e+01
8.780863963528690724e-03 1.319745905395923380e+01
1.035005563786640069e-02 1.316427293222701245e+01
1.035005540325939846e-02 -1.316427281676425487e+01
9.305386079766317375e-03 -1.314127876005822415e+01
9.305386104749862122e-03 1.314127844536230327e+01
1.028212654461437350e-02 1.309936593806774496e+01
1.028212565018481704e-02 -1.309936571970142083e+01
8.550789920181980572e-03 -1.309141236988633317e+01
8.550789953108216962e-03 1.309141194475859926e+01
9.274501436489350839e-03 -1.302155001381090038e+01
9.274501245785776379e-03 1.302154963343555139e+01
8.336079127030885522e-03 -1.299551476554821328e+01
8.336078199417099391e-03 1.299551453564275150e+01
9.935677879874118407e-03 1.294710857789914904e+01
9.935678501311353411e-03 -1.294710840449609357e+01
9.416552121418311078e-03 -1.286654501502662562e+01
9.416551972507250512e-03 1.286654467208670205e+01
1.152556046505089603e-02 -1.282724491465314465e+01
1.152556099992471488e-02 1.282724393115862327e+01
1.129638709632933141e-02 1.280093627183097915e+01
1.129636337285811268e-02 -1.280093574979970583e+01
9.676191504434212068e-03 -1.278235317547140504e+01
9.676163611905446230e-03 1.278235300339019176e+01
9.006985569757442953e-03 -1.276631624276523169e+01
9.006985536291239186e-03 1.276631586403036778e+01
7.641156946498545849e-03 -1.273585772105487379e+01
7.641157099459268930e-03 1.273585764000843490e+01
9.345291109154873002e-03 1.272360565590514270e+01
9.345291425614974182e-03 -1.272360558921597296e+01
8.479790695149681812e-03 -1.263400464586259808e+01
8.479790684491284036e-03 1.263400464335552797e+01
1.000867884933985714e-02 -1.261203582577341820e+01
1.000867954904723599e-02 1.261203547698342398e+01
9.476929471049170411e-03 -1.255641834112006983e+01
9.476929770807104164e-03 1.255641809988848578e+01
8.827525468746939830e-03 -1.251040437445817766e+01
8.827525989692502559e-03 1.251040436954025026e+01
8.685442843069884553e-03 -1.250698537075706618e+01
8.685443233523094247e-03 1.250698500210790698e+01
9.759922620962209472e-03 -1.248165984316424648e+01
9.759921612614739714e-03 1.248165962402262608e+01
1.046972855425130390e-02 -1.243002413224721536e+01
1.046972822980443869e-02 1.243002401313721883e+01
1.049177873779589751e-02 1.240669912106895367e+01
1.049177896628295491e-02 -1.240669861129677365e+01
9.150822338069524928e-03 -1.236591459457894793e+01
9.150822274979901125e-03 1.236591430612351417e+01
9.014064823036337451e-03 -1.230703426092394182e+01
9.014064975747632449e-03 1.230703422139304237e+01
8.687873570687560179e-03 1.225154111788909894e+01
8.687874701036485750e-03 -1.225154109269575642e+01
9.214482037710683068e-03 -1.224045739391328702e+01
9.214482747856914818e-03 1.224045706845767434e+01
8.385872136023453730e-03 -1.222972526604038102e+01
8.385871381768491423e-03 1.222972489340312130e+01
8.540242547104609852e-03 1.215070760808367112e+01
8.540242445640208735e-03 -1.215070760185530219e+01
9.009100567426250872e-03 -1.204082968027018907e+01
9.009100486403241390e-03 1.204082937795304353e+01
9.154566329447689013e-03 -1.199522854651413439e+01
9.154567717201666718e-03 1.199522818441481320e+01
9.047815350695164599e-03 -1.198241141559244838e+01
9.047812751315265772e-03 1.198241122594972197e+01
8.058889431850416174e-03 -1.194485633154271476e+01
8.058891702882429661e-03 1.194485622012940240e+01
8.029603649569488216e-03 -1.194373099693353879e+01
8.029602706365409140e-03 1.194373063184889894e+01
9.240320011726846708e-03 -1.185758448528663855e+01
9.240318560707895881e-03 1.185758439464204272e+01
9.454530605093200424e-03 1.182507718066762514e+01
9.454529060198181220e-03 -1.182507692396242760e+01
9.238518596058229934e-03 -1.179828665568130042e+01
9.238518821325725563e-03 1.179828647332785252e+01
8.737760970649028833e-03 -1.175465318448507013e+01
8.737760979161079272e-03 1.175465286416638833e+01
8.805981571918704287e-03 1.172004823970361009e+01
8.805981998219809814e-03 -1.172004818239459745e+01
9.052624447280862088e-03 -1.165911055455284284e+01
9.052624444584858945e-03 1.165911028199701249e+01
7.606660041177114133e-03 -1.155415957452458819e+01
7.606660084465674369e-03 1.155415941138299907e+01
8.396923711061449885e-03 -1.149722908274302036e+01
8.396923718437969419e-03 1.149722876252275228e+01
9.062127557055116994e-03 -1.143810018854138555e+01
9.062127647368363459e-03 1.143809995382768285e+01
8.699536954024960494e-03 1.140836743645944473e+01
8.699536976063019372e-03 -1.140836740674833827e+01
9.041958555662005237e-03 -1.135713159021695695e+01
9.041958558884413688e-03 1.135713132655455659e+01
1.047358720250994059e-02 -1.134460537167600158e+01
1.047358893556171906e-02 1.134460535351821697e+01
1.049470906617577283e-02 1.132226819758729341e+01
1.049471028831192206e-02 -1.132226770456448328e+01
7.857755911475593907e-03 1.123930205329240373e+01
7.857755805047416872e-03 -1.123930204868531924e+01
8.071305226606964936e-03 -1.122970951625466007e+01
8.071305243654623360e-03 1.122970919734746253e+01
9.782528585063043555e-03 1.116752800387818922e+01
9.782529420305415349e-03 -1.116752793654328180e+01
9.166085205392424454e-03 -1.116067978159031959e+01
9.166085258209086956e-03 1.116067956729455979e+01
1.022760991036283755e-02 1.112370202929500351e+01
1.022760729273433818e-02 -1.112370177504590174e+01
8.995349021212758686e-03 -1.108050564753141209e+01
8.995349032462572267e-03 1.108050538620668490e+01
9.272388679026234010e-03 1.105777123607474088e+01
9.272391215468109987e-03 -1.105777110954111286e+01
1.118602019795214043e-02 -1.095859491727716417e+01
1.118601476871065002e-02 1.095859407097124816e+01
7.788744456951149885e-03 -1.095413820968387597e+01
7.788744485152016873e-03 1.095413789322297049e+01
1.121491543471487239e-02 1.093361202262990872e+01
1.121490534195683855e-02 -1.093361141548446902e+01
1.042368903888265044e-02 -1.088837962586605101e+01
1.042368299104746120e-02 1.088837931967649197e+01
8.509038926768422439e-03 1.085752358412722351e+01
8.509038690214902612e-03 -1.085752355326355634e+01
1.043464575519921847e-02 -1.084123326646206387e+01
1.043465050067826118e-02 1.084123322942389223e+01
8.824352118252149976e-03 -1.083290137594214819e+01
8.824351843971412965e-03 1.083290111942259237e+01
9.751652734104616915e-03 -1.077712858638426141e+01
9.751649219423634898e-03 1.077712852621545636e+01
7.905151527889859447e-03 1.070401876410927144e+01
7.905151403689964287e-03 -1.070401874191390590e+01
7.540789955061914969e-03 -1.067713468174890146e+01
7.540789986541758007e-03 1.067713436849245845e+01
8.551275788315038789e-03 1.066241207415717618e+01
8.551275238227162498e-03 -1.066241204405207377e+01
8.521969108901107648e-03 -1.059447572958193540e+01
8.521969105008372555e-03 1.059447547389255995e+01
8.240822163298799907e-03 1.054748853220861982e+01
8.240821135135308062e-03 -1.054748851796292541e+01
9.015962406032499918e-03 -1.053058897998006316e+01
9.015962401766575499e-03 1.053058877943875338e+01
8.519221986939400429e-03 -1.040956295653405483e+01
8.519220366886025991e-03 1.040956277275914665e+01
9.179713960033893463e-03 -1.040369599146463742e+01
9.179724384213857127e-03 1.040369593698013162e+01
9.553804943065291599e-03 1.038489120555073164e+01
9.553813208101296153e-03 -1.038489079291373152e+01
8.177576495661023279e-03 -1.035000360900874661e+01
8.177576492867209487e-03 1.035000335366004798e+01
8.585753730329288153e-03 -1.026913310284150782e+01
8.585746342084248084e-03 1.026913308204348318e+01
8.967281846232157821e-03 -1.026406031231309512e+01
8.967281994776902035e-03 1.026406012262864387e+01
9.202871354253362376e-03 -1.024949237337324881e+01
9.202887496247126597e-03 1.024949232705795588e+01
9.309620412331378464e-03 1.023532837925881545e+01
9.309630416163472769e-03 -1.023532796762253483e+01
9.358520467687066538e-03 -1.016103304022372456e+01
9.358521045003485167e-03 1.016103281543311887e+01
7.857022897378940218e-03 -1.009569421628452268e+01
7.857022904546550474e-03 1.009569396118829765e+01
9.098414764831303306e-03 -1.007204095211265304e+01
9.098414555556596367e-03 1.007204090795975659e+01
9.036574681556724595e-03 -9.984136035105281692e+00
9.036574710985274470e-03 9.984135851670339790e+00
1.033047448395139380e-02 9.973229601867426908e+00
1.033047384526591429e-02 -9.973229595978319040e+00
1.034953437477890634e-02 9.952134876762846361e+00
1.034953503034352629e-02 -9.952134292507746949e+00
7.978338638135924060e-03 9.881259272874043376e+00
7.978338501360170143e-03 -9.881259229867008997e+00
7.045148738448395523e-03 -9.853628834359993149e+00
7.045148782294201849e-03 9.853628801132176207e+00
7.575629009857897875e-03 -9.835237153847677050e+00
7.575629025971936797e-03 9.835236899758585949e+00
8.810910285352684113e-03 -9.755366307283736660e+00
8.810910291539235384e-03 9.755366117482127564e+00
8.780002025839407295e-03 -9.652668961370714840e+00
8.780001978346246849e-03 9.652668780367294588e+00
9.947899910660334966e-03 -9.621311865416686260e+00
9.947896880365217701e-03 9.621311863166569722e+00
1.006502832408536288e-02 9.601169065802624303e+00
1.006502378948335996e-02 -9.601168568545958237e+00
7.327672809622859558e-03 -9.574073895756626484e+00
7.327672832303211078e-03 9.574073643233482755e+00
8.365106506186298363e-03 9.544324546625581718e+00
8.365109908092836083e-03 -9.544324450116553393e+00
8.590259862703421984e-03 -9.531389799862859391e+00
8.590259854016653665e-03 9.531389614164851309e+00
9.007362030818489781e-03 -9.488095316494391085e+00
9.007362174639233290e-03 9.488095227227844930e+00
7.564314716035397575e-03 -9.334427309762158842e+00
7.564314741177093591e-03 9.334427256070849666e+00
7.102375910857766129e-03 -9.318775946220402062e+00
7.102375938806905660e-03 9.318775695296368511e+00
8.291162633149931280e-03 -9.306975059493963087e+00
8.291166363629174502e-03 9.306974872315342040e+00
1.096876614582579720e-02 9.306772606109410262e+00
1.096876910007860140e-02 -9.306772485209076962e+00
1.094214520724651717e-02 9.287181706557463556e+00
1.094214210396653349e-02 -9.287181181097208693e+00
8.029897097985029195e-03 9.269924532460484201e+00
8.029902928462775633e-03 -9.269924492050487075e+00
9.620561891421977596e-03 -9.228590744653780931e+00
9.620559956812199665e-03 9.228590522183404588e+00
1.021625832980922050e-02 -9.180433640333065526e+00
1.021626606036459516e-02 9.180433632192743332e+00
1.002246099273510285e-02 9.125699430048037186e+00
1.002246519621259428e-02 -9.125699365098629556e+00
7.962186522328352015e-03 -9.076405081109498951e+00
7.962186510033230497e-03 9.076404892755270737e+00
8.468753952903357654e-03 9.061871137537028886e+00
8.468753384400439302e-03 -9.061871074513263125e+00
1.006919191844831384e-02 9.016065555942111232e+00
1.006918518923208272e-02 -9.016065471720382973e+00
9.891196165268748008e-03 8.994316492389943463e+00
9.891203307145103943e-03 -8.994316062319244409e+00
9.180886679189611752e-03 -8.950860056793683128e+00
9.180885345929768945e-03 8.950859940041226537e+00
1.158214084416992612e-02 -8.908436009648045939e+00
1.158213611022852231e-02 8.908435253689651390e+00
1.109712547622501537e-02 8.890577305439395062e+00
1.109705541295922041e-02 -8.890576710501173707e+00
8.626058860138448997e-03 8.877390015377837784e+00
8.626141130749840139e-03 -8.877389914566832019e+00
7.658369048582237132e-03 -8.838582603830928974e+00
7.658369046014119538e-03 8.838582414322370795e+00
7.765399146355588325e-03 8.836547522188608283e+00
7.765399945078821711e-03 -8.836547515774290318e+00
7.405336611186699551e-03 8.728666845209794189e+00
7.405336549558547317e-03 -8.728666840633785284e+00
8.839279433047865162e-03 -8.722688969415939297e+00
8.839279421993834207e-03 8.722688844468105884e+00
7.339208415681669484e-03 8.712597714888287825e+00
7.339208244844683433e-03 -8.712597685593156172e+00
7.387051976715463229e-03 -8.597100921945825647e+00
7.387051982685222638e-03 8.597100731707241650e+00
8.027850083850221474e-03 -8.529821841673681959e+00
8.027853294761366082e-03 8.529821619289757351e+00
7.932891809526769478e-03 8.517018530730561920e+00
7.932897516348885042e-03 -8.517018196655079976e+00
8.748245007973890625e-03 -8.512354017033628040e+00
8.748246939889851165e-03 8.512353903222095397e+00
9.696421183183968201e-03 -8.405142178465421665e+00
9.696421930788691121e-03 8.405141617501090678e+00
9.632976572316209740e-03 8.378163883229696296e+00
9.632976891967124852e-03 -8.378163377600204242e+00
7.144791250764895123e-03 -8.356254965735317342e+00
7.144791263141252007e-03 8.356254775118118872e+00
8.618512351088084000e-03 -8.305422759318952686e+00
8.618512203901348978e-03 8.305422643487119672e+00
7.453345209044186584e-03 8.295886916189338933e+00
7.453345221823244778e-03 -8.295886867410793286e+00
1.048938116926924520e-02 -8.283140105961189548e+00
1.048938177264329384e-02 8.283140088391121481e+00
1.049693275533278986e-02 8.266078898099191719e+00
1.049693309211534656e-02 -8.266078263704827123e+00
8.887379156062401656e-03 -8.131917904520138407e+00
8.887378267062359671e-03 8.131917552142731154e+00
6.926264236537329338e-03 -8.121202415158066401e+00
6.926264259965194021e-03 8.121202224293654126e+00
8.908775682084849393e-03 8.120073267205549783e+00
8.908775627343570175e-03 -8.120072592102934195e+00
8.331306336899834547e-03 -8.103761063441909940e+00
8.331306308018940343e-03 8.103760944357437879e+00
7.435127562411912756e-03 7.962723414978684744e+00
7.435127457931710489e-03 -7.962723357241409339e+00
6.727589932446557432e-03 -7.899273761317991749e+00
6.727590428128484359e-03 7.899273570015024504e+00
8.023950424229254336e-03 -7.896387865314805410e+00
8.023949996147819452e-03 7.896387743935991743e+00
8.434354539248838101e-03 -7.874434125534066631e+00
8.434347743221073251e-03 7.874433836396624642e+00
9.162242070846459904e-03 7.839740461210590539e+00
9.162234787504257988e-03 -7.839740269169433340e+00
7.868969075756068049e-03 7.687044992839564550e+00
7.868971338027896251e-03 -7.687044984538732528e+00
7.739219188373847209e-03 -7.683159271561984305e+00
7.739219163637781583e-03 7.683159148421806250e+00
7.899052906580708230e-03 -7.663918199940901843e+00
7.899053751123524120e-03 7.663918196430274499e+00
9.528759047516266456e-03 -7.638887026906073352e+00
9.528760154005114918e-03 7.638886769920046227e+00
9.546671767918533946e-03 7.624831640090222074e+00
9.546672583302622320e-03 -7.624830900748252205e+00
1.080777838830263016e-02 -7.577594931806699741e+00
1.080778078834010968e-02 7.577594331144631212e+00
1.081582485203522008e-02 7.555384057863185454e+00
1.081582657312999372e-02 -7.555383324460470895e+00
7.466563484600979850e-03 -7.465736081777099464e+00
7.466563472290515570e-03 7.465735956065704393e+00
7.433706827765338906e-03 7.428097822143093332e+00
7.433706686224781854e-03 -7.428097761932808574e+00
8.911572451926403834e-03 -7.398086906774769211e+00
8.911572134912225038e-03 7.398086817804227167e+00
1.105254409812373578e-02 7.330905264832918711e+00
1.105254404636763638e-02 -7.330905113134958739e+00
1.106261174739145425e-02 7.314960722316541819e+00
1.106261193115742544e-02 -7.314960162376234365e+00
8.919264419624085144e-03 -7.280733193231550437e+00
8.919264402666724281e-03 7.280733182875220422e+00
7.217834559557756262e-03 -7.247151093593044102e+00
7.217834546320868981e-03 7.247150965566656389e+00
7.376633478763594369e-03 7.224875789694809924e+00
7.376633265930052780e-03 -7.224875737671118792e+00
6.603567009448660895e-03 7.160932248748600237e+00
6.603566966815724651e-03 -7.160932244901974997e+00
1.091693885264907737e-02 7.109880926318036032e+00
1.091693752718758507e-02 -7.109880795079999594e+00
1.091908686208272437e-02 7.093119462860489222e+00
1.091908733526762015e-02 -7.093118837040613300e+00
8.489340981448025014e-03 -7.067216897659695185e+00
8.489340879521649688e-03 7.067216823711232720e+00
7.343727689393260774e-03 7.051482024361473755e+00
7.343727541889448658e-03 -7.051481976791578177e+00
6.989581636398669792e-03 -7.030639599791201455e+00
6.989581634955392871e-03 7.030639469497390159e+00
7.003078794053454320e-03 6.948670194862391902e+00
7.003078674041360308e-03 -6.948670173842413256e+00
8.480812396423476410e-03 -6.915725929948552064e+00
8.480812446166203708e-03 6.915725892582882395e+00
6.780633053766339791e-03 -6.820039148102771343e+00
6.780633061685288274e-03 6.820039015722664466e+00
7.103791896268825574e-03 -6.809845931949835673e+00
7.103792549729405492e-03 6.809845917231988288e+00
1.077630790851309868e-02 6.789380061678440548e+00
1.077629932330068270e-02 -6.789379889483955210e+00
1.054396420239478091e-02 6.775851039470600412e+00
1.054395646942060671e-02 -6.775850502092774619e+00
8.266070423132008960e-03 -6.759844563433869524e+00
8.266066571056310611e-03 6.759844447079605523e+00
7.950892888391713695e-03 6.749072426942110958e+00
7.950913664053418581e-03 -6.749072093078693158e+00
8.196789220942796508e-03 -6.726776878590144726e+00
8.196788868863798608e-03 6.726776819074411051e+00
9.881587397269006590e-03 -6.697534070973397924e+00
9.881589100145795820e-03 6.697533391928095270e+00
9.929529222916748735e-03 6.679893569082941518e+00
9.929529898911014507e-03 -6.679892742773847480e+00
6.587117320183468253e-03 -6.620254472600322515e+00
6.587117331307127538e-03 6.620254337936855471e+00
7.991230882761365950e-03 -6.547733473028197082e+00
7.991230859379474041e-03 6.547733417658553101e+00
6.392746119537892971e-03 -6.438738924190051449e+00
6.392746135582564639e-03 6.438738786364912592e+00
8.100516176196505616e-03 -6.433127996294899731e+00
8.100513880145701270e-03 6.433127695138828095e+00
8.153859718153104105e-03 6.423735467159965573e+00
8.153857228085249070e-03 -6.423734898935800963e+00
7.732830045153341568e-03 -6.359888584959739966e+00
7.732830005570207055e-03 6.359888524399427645e+00
7.565492277284594641e-03 6.350497243205803777e+00
7.565492749606247784e-03 -6.350497235430578868e+00
6.850037872020408800e-03 6.310254146565105415e+00
6.850037794432359967e-03 -6.310254097350150637e+00
1.096260328206682608e-02 6.192344705690913109e+00
1.096260350870277567e-02 -6.192344594563643945e+00
1.096971280284648673e-02 6.178782908557181486e+00
1.096971252011568962e-02 -6.178782299322371330e+00
7.500156752444009887e-03 -6.169282841574380782e+00
7.500156233239799013e-03 6.169282778202966000e+00
1.060336756657116741e-02 -6.165296758714459813e+00
1.060336987926352101e-02 6.165296516197415144e+00
1.051986321844190775e-02 6.134664443841183257e+00
1.051986417962417521e-02 -6.134663955692958304e+00
1.016543363398011296e-02 -6.037715770759453093e+00
1.016543982837703371e-02 6.037715227503140270e+00
9.894231680861563169e-03 6.022634400682220779e+00
9.894236072462352788e-03 -6.022633736802480264e+00
8.648104211443264147e-03 -5.983305658466747445e+00
8.648084473341262346e-03 5.983305359958015934e+00
7.268384530989198920e-03 -5.976770661094507275e+00
7.268384510649941732e-03 5.976770594436127126e+00
8.425020512877835765e-03 5.975947286744445641e+00
8.424953343326858912e-03 -5.975946881772067343e+00
8.340010875236145843e-03 5.968096643380241595e+00
8.340062281421182014e-03 -5.968096252216758657e+00
7.051278256833661343e-03 -5.784897850552843224e+00
7.051278241810446899e-03 5.784897780203827722e+00
6.938282841619940883e-03 5.760530179658026384e+00
6.938282731469505235e-03 -5.760530117934711036e+00
9.085210746513390848e-03 -5.648008815364566892e+00
9.085211375327667538e-03 5.648008570133131734e+00
9.009876873323878488e-03 5.618779299842685759e+00
9.009877355113700068e-03 -5.618778989017713776e+00
6.847232548203401048e-03 -5.596010020994770962e+00
6.847232538640018844e-03 5.596009946953119041e+00
6.986726601787012977e-03 5.549661360436617841e+00
6.986726580715240179e-03 -5.549661298956769961e+00
9.803174542687540308e-03 -5.440976840503047640e+00
9.803178496664106609e-03 5.440976608350306165e+00
9.792709971720794243e-03 5.430306091576497352e+00
9.792711811694184906e-03 -5.430305290246091765e+00
6.657244769727640663e-03 -5.412875469810091822e+00
6.657244765242677047e-03 5.412875392190366952e+00
1.117720468809357999e-02 5.393161977117550521e+00
1.117720777293038786e-02 -5.393161810100163933e+00
7.001980942378506489e-03 5.386094304190875981e+00
7.001963314725271822e-03 -5.386094241319439924e+00
1.116461483893079441e-02 5.381415120568739496e+00
1.116462469022684936e-02 -5.381414565528332972e+00
8.309381519434787949e-03 -5.290229158273595189e+00
8.309388937605865361e-03 5.290228775115894955e+00
8.005969057213790929e-03 5.276916918985185667e+00
8.005976288036896135e-03 -5.276916513227636329e+00
6.903638998781165548e-03 5.240670991874002205e+00
6.903638868513712473e-03 -5.240670941320169973e+00
6.479636616495539937e-03 -5.238667299881061723e+00
6.479636616466763477e-03 5.238667218735938214e+00
6.576521607696097539e-03 5.176648218005187374e+00
6.576521669336832590e-03 -5.176648180770455632e+00
7.087560611785934106e-03 -5.122327697505115296e+00
7.087560217951632997e-03 5.122327674654452601e+00
6.309140448205099311e-03 -5.077275832600916416e+00
6.309140452131224361e-03 5.077275747758255520e+00
7.372922309906171541e-03 -4.987767694421788356e+00
7.372868081415271529e-03 4.987767402742713685e+00
1.028021569965187169e-02 -4.985869004746175115e+00
1.028025127764467875e-02 4.985868393991893299e+00
7.169568030253548226e-03 4.982867376488225197e+00
7.169563326036115965e-03 -4.982866929749680374e+00
7.768155994471431965e-03 4.973007523222015003e+00
7.768114323229294467e-03 -4.973007521932657049e+00
1.039650756978486613e-02 4.970774838940626772e+00
1.039653870219011886e-02 -4.970773949639924361e+00
6.129049140631866524e-03 -4.934489799944345556e+00
6.129049149103359996e-03 4.934489710568620069e+00
7.657909369270314050e-03 4.849192119897459463e+00
7.657909348590260026e-03 -4.849192108197243556e+00
1.036008829733900058e-02 -4.819413190178859274e+00
1.036008838605238964e-02 4.819413067617057678e+00
1.036912022184798693e-02 4.808764553838104305e+00
1.036912030245355082e-02 -4.808763783872255004e+00
7.749901091671981650e-03 -4.683421664859711342e+00
7.749901689431373114e-03 4.683421250802766167e+00
7.761957516409992777e-03 4.678500218178651693e+00
7.761960680372526587e-03 -4.678499531886574303e+00
7.341245111509814118e-03 -4.672927436078857966e+00
7.341244773043685730e-03 4.672927422925077678e+00
1.164681365814795519e-02 -4.668158859547101081e+00
1.164681544738251952e-02 4.668158416587835369e+00
1.166290879765980761e-02 4.653495743970468723e+00
1.166290882693149858e-02 -4.653494879623466751e+00
6.252304297967044462e-03 4.626751267174060267e+00
6.252304263398472499e-03 -4.626751243425700544e+00
7.245307357698657462e-03 -4.520318569853334800e+00
7.245307353671715488e-03 4.520318562009728147e+00
8.454835018964683077e-03 -4.413106275629490760e+00
8.454821406650181795e-03 4.413106195398762921e+00
9.766400101206707679e-03 4.382717744037326391e+00
9.766362771238181611e-03 -4.382717674621857462e+00
8.457446139674116431e-03 4.360674446084289002e+00
8.457475284984691116e-03 -4.360674171939204591e+00
7.034967152719693272e-03 -4.356758598673267535e+00
7.034966813325935382e-03 4.356758583439734878e+00
8.377745131073153009e-03 -4.290090716225948064e+00
8.377745479925109012e-03 4.290090272954448558e+00
8.387915472047780333e-03 4.284622953157967373e+00
8.387915946496644209e-03 -4.284622126668010011e+00
1.110621539129321919e-02 4.229675621163217158e+00
1.110621538795280791e-02 -4.229675548252423312e+00
1.111458945718236772e-02 4.219566717585637505e+00
1.111458947457735942e-02 -4.219566038010556852e+00
6.867702232630460736e-03 -4.196962365817136664e+00
6.867702210610832428e-03 4.196962345781258819e+00
6.697931688961491874e-03 -4.039687295671640754e+00
6.697931669956135557e-03 4.039687270918157047e+00
6.432932803662807890e-03 4.026190167838664458e+00
6.432932731382228798e-03 -4.026190119487141672e+00
8.069820929732149026e-03 3.996554230335586766e+00
8.069822669849381624e-03 -3.996554228846568968e+00
9.254597929386324667e-03 3.935599612053023222e+00
9.254592370572283649e-03 -3.935599512854426774e+00
7.924741821538728442e-03 3.889682537712518595e+00
7.924740736124671198e-03 -3.889682400695991582e+00
6.580942932648817766e-03 -3.887347575708506309e+00
6.580936272391531110e-03 3.887347551385753608e+00
9.015738619115748823e-03 -3.807373426754276480e+00
9.015735738593362233e-03 3.807373057658762328e+00
9.048029247630972119e-03 3.801348044174287288e+00
9.048025927170161298e-03 -3.801347201591059211e+00
6.380060615501534187e-03 -3.742176764783969212e+00
6.380060605318120179e-03 3.742176730926153549e+00
7.179934222424915954e-03 3.729114555630277827e+00
7.179935038500757406e-03 -3.729114500439004054e+00
6.467356899868755525e-03 3.663059742760049975e+00
6.467356807703434143e-03 -3.663059691505619053e+00
1.148679501737764029e-02 3.613321290406918518e+00
1.148679513870457664e-02 -3.613321119962439099e+00
6.230644050914726020e-03 -3.605985772962335911e+00
6.230644198596976130e-03 3.605985734664614029e+00
1.149375182828579235e-02 3.605392147611238940e+00
1.149375192356330219e-02 -3.605391571941508833e+00
6.762819214645706366e-03 -3.542104979075537230e+00
6.762810281446969204e-03 3.542104971083051890e+00
8.530554226945350621e-03 3.525431086429815064e+00
8.530545019935753190e-03 -3.525431017613220419e+00
6.082656579717103836e-03 -3.480904804408788689e+00
6.082656576947029735e-03 3.480904761545823067e+00
8.079192209524348189e-03 3.477050865536304602e+00
8.079194184622707359e-03 -3.477050708592630990e+00
6.527867142570950403e-03 3.423409817096543684e+00
6.527867070231358620e-03 -3.423409774019538609e+00
6.499337178120283276e-03 3.394488847173474877e+00
6.499337476057379277e-03 -3.394488787366751303e+00
5.925649704453190940e-03 -3.369521601520919951e+00
5.925649706272160394e-03 3.369521553596641628e+00
1.090442401523405297e-02 -3.310096034643968732e+00
1.090442436758935242e-02 3.310095572276793519e+00
1.090851716442751626e-02 3.299188174250450967e+00
1.090851754771029157e-02 -3.299187315254562325e+00
9.821425980078407267e-03 -3.242516539278613941e+00
9.821426069257541830e-03 3.242516247727825096e+00
9.828172645157833009e-03 3.236448717755318949e+00
9.828172722737234246e-03 -3.236447856723891459e+00
6.909654237617855396e-03 -3.194302090700474661e+00
6.909652297848304682e-03 3.194301917861555040e+00
6.944416291460371593e-03 3.191281097026697378e+00
6.944414598978293496e-03 -3.191280752894517292e+00
1.204109448422289660e-02 -3.165508706106733072e+00
1.204109445035317881e-02 3.165508473968052350e+00
1.204473213001779411e-02 3.154845578825942187e+00
1.204473159922958905e-02 -3.154844763876456071e+00
7.886013673211096989e-03 -3.147979164005131114e+00
7.886013193670974100e-03 3.147979150468263487e+00
7.842549086271086503e-03 3.105777367514667819e+00
7.842549326702648316e-03 -3.105777207784542693e+00
7.432700626661901608e-03 -2.909030599359411884e+00
7.432701609490201256e-03 2.909030236721840801e+00
7.436755168119095656e-03 2.906714970001273546e+00
7.436756199832922007e-03 -2.906714350516387491e+00
7.267773978115690814e-03 -2.821663792789168124e+00
7.267774035279919893e-03 2.821663779788381898e+00
7.272806932936497736e-03 2.779167727020167344e+00
7.272806997314885773e-03 -2.779167620417656526e+00
1.021717704472931663e-02 -2.725893322662775287e+00
1.021717764389449071e-02 2.725892824426689121e+00
1.022396746311787265e-02 2.717165254228733229e+00
1.022396800691966097e-02 -2.717164385593123122e+00
1.058688783080596364e-02 -2.625566086175583180e+00
1.058688782979918738e-02 2.625565932938382918e+00
1.059251233021982902e-02 2.620193240414839586e+00
1.059251202224752511e-02 -2.620192450358556524e+00
6.341199643420896911e-03 -2.592261716492401558e+00
6.341198997865748511e-03 2.592261705906526714e+00
6.777439935125221734e-03 2.556079161245140341e+00
6.777439975754613079e-03 -2.556079120345669420e+00
8.028059808552536272e-03 -2.553177398320456870e+00
8.028061443824573845e-03 2.553176913388879754e+00
8.033412694712504729e-03 2.550977198475741670e+00
8.033414122096712087e-03 -2.550976369401519950e+00
6.591911255247283156e-03 2.443205756325521616e+00
6.591911335867298161e-03 -2.443205739016090394e+00
6.486103656578025463e-03 2.323472125085983109e+00
6.486103678014123151e-03 -2.323472113634393210e+00
9.465118566308966530e-03 -2.243901952666487176e+00
9.465116913640441929e-03 2.243901460890327382e+00
9.485791823324417685e-03 2.236258901465807192e+00
9.485789902602605184e-03 -2.236258064935159773e+00
6.389858292975488484e-03 2.212355546462566824e+00
6.389858620016470453e-03 -2.212355537164010233e+00
5.998536169604277296e-03 2.207109304864135257e+00
5.998536144211108825e-03 -2.207109279834574611e+00
8.629357077713610547e-03 -2.122968597288405590e+00
8.629350824795540068e-03 2.122968441862131961e+00
8.707715337838133757e-03 2.118875710357178921e+00
8.707708551318476750e-03 -2.118875135459170611e+00
6.248217195466359598e-03 2.102957845925669478e+00
6.248217218396886000e-03 -2.102957843513757030e+00
7.452136756841055802e-03 2.067948010217834920e+00
7.452108138798532386e-03 -2.067947938592103352e+00
1.109469630058620808e-02 2.060606634419599015e+00
1.109467017484272282e-02 -2.060606552879058473e+00
1.123089908144357316e-02 2.056667587639024575e+00
1.123094423552530897e-02 -2.056666935901580118e+00
6.129752721202045597e-03 -1.999957910407301087e+00
6.129752707343223521e-03 1.999957908114975869e+00
6.012599480338130797e-03 -1.903253716302130139e+00
6.012599469570006558e-03 1.903253709210468436e+00
6.052968089441112219e-03 1.873537718711824507e+00
6.052968037119525052e-03 -1.873537687953019004e+00
7.260202008066451475e-03 1.816484147628008250e+00
7.260204543082768996e-03 -1.816484120134710167e+00
5.897535284463621685e-03 -1.813362018849529855e+00
5.897535273723518434e-03 1.813362007044633017e+00
8.606914252848471558e-03 -1.785442005273291777e+00
8.606978695381677091e-03 1.785441788531938911e+00
8.022701522394671061e-03 1.779353782344083479e+00
8.022768201891248077e-03 -1.779353258575637087e+00
5.782968818905892192e-03 -1.730405634668495507e+00
5.782968816994502742e-03 1.730405618149509994e+00
5.933898675656453479e-03 1.726965066432137652e+00
5.933898649450958240e-03 -1.726965045214792660e+00
1.133859808503016875e-02 -1.720367095544143243e+00
1.133859773091468355e-02 1.720366822351272029e+00
1.134739169426681772e-02 1.713739783092475433e+00
1.134739131811773882e-02 -1.713739004816353440e+00
1.189286519209806041e-02 1.685529834393582949e+00
1.189286538283772753e-02 -1.685529653994531252e+00
1.189820614238491781e-02 1.682964299763472837e+00
1.189820620990848961e-02 -1.682963680204855761e+00
7.077473361440621280e-03 1.635850500666312657e+00
7.077468831538527225e-03 -1.635850431528920623e+00
9.363011211283536750e-03 -1.615466146058442076e+00
9.363088077931349187e-03 1.615465997581654101e+00
9.020614799476424014e-03 1.613011329692178641e+00
9.020698366240722382e-03 -1.613010709255057185e+00
6.289991225329056614e-03 1.599143844006795101e+00
6.289991222058200805e-03 -1.599143797346570972e+00
7.264611797173113790e-03 1.463778091993224617e+00
7.264611913123342375e-03 -1.463778025977475528e+00
6.716017883925020325e-03 1.387516376706077192e+00
6.716017107152096564e-03 -1.387516292118002426e+00
7.555493987531465387e-03 -1.377307120482651026e+00
7.555484479767463069e-03 1.377307051536980964e+00
8.128299575026766075e-03 1.367210419258072296e+00
8.128291291234216592e-03 -1.367210118473225711e+00
7.752031146942944297e-03 1.243533386051687062e+00
7.752031277673977934e-03 -1.243533299736043984e+00
7.213202198999669329e-03 1.118513122738525878e+00
7.213201291285675082e-03 -1.118513000655141365e+00
1.031758469474228744e-02 -1.108626008122251649e+00
1.031755701390731257e-02 1.108625702810628555e+00
1.037076780203783320e-02 1.104076542240347347e+00
1.037072043608859052e-02 -1.104075814504470454e+00
8.124057551182296485e-03 1.090132615073591715e+00
8.124083114136810072e-03 -1.090132464269394807e+00
1.019250269412451219e-02 -1.054265552855916832e+00
1.019251745107390555e-02 1.054265529058228124e+00
1.012375877717194318e-02 1.052499292524927688e+00
1.012377400816245714e-02 -1.052498725848264538e+00
7.539926042394432329e-03 9.998376603388318129e-01
7.539926261907765187e-03 -9.998375795762456386e-01
7.729930473557158205e-03 9.464697262906563990e-01
7.729930420881997964e-03 -9.464696053422386735e-01
7.779259182573254432e-03 7.868662748961744446e-01
7.779258696080284391e-03 -7.868660724304130660e-01
7.779630723034411041e-03 7.781125547750887828e-01
7.779631159915745102e-03 -7.781124750522480094e-01
7.001934791242782688e-03 6.894292337630690826e-01
7.001934972997963906e-03 -6.894291854399829944e-01
7.234765578609145611e-03 6.487118721013533928e-01
7.234765345680235077e-03 -6.487117717724830701e-01
9.813749701371943246e-03 -5.694257129225930303e-01
9.813752024279394706e-03 5.694253429335126571e-01
9.807788921915895630e-03 5.657795346313081453e-01
9.807791261678558761e-03 -5.657787087024928052e-01
1.096359636911432497e-02 4.560606866882644939e-01
1.096359815689007186e-02 -4.560599138674030217e-01
1.095558074118745985e-02 -4.555913488420251789e-01
1.095558274533336290e-02 4.555911541825012900e-01
6.543839034075412710e-03 4.394625311852238259e-01
6.543839426818663825e-03 -4.394625027334655987e-01
7.093990777017803069e-03 4.086633258959063153e-01
7.093986645704291293e-03 -4.086632220010328331e-01
8.397389847965548368e-03 3.903818865314731545e-01
8.397395920806356717e-03 -3.903816225882334456e-01
8.147749003277209370e-03 3.827245060492505124e-01
8.147746286256975570e-03 -3.827244509645552628e-01
6.175329155671113388e-03 2.478732832970904909e-01
6.175329330141646027e-03 -2.478732667747812479e-01
6.528083801790167742e-03 2.168241602958788650e-01
6.528083327307908704e-03 -2.168241191929269340e-01
1.172847638648323761e-02 -1.877657097497656691e-01
1.172847647824291212e-02 1.877656482943388383e-01
1.173345904578060490e-02 1.853423401354364897e-01
1.173345916868183923e-02 -1.853416414343410645e-01
5.905213505992293506e-03 1.108259036751368387e-01
5.905213745005458668e-03 -1.108258975873675917e-01
6.491283861958653360e-03 8.810803326316812845e-02
6.491283218399174215e-03 -8.810801003374885143e-02
9.034769644557263252e-03 -6.603265260609168796e-02
9.034775949800819689e-03 6.603221650137496013e-02
9.027865348421927963e-03 6.378635958983089327e-02
9.027871794594518468e-03 -6.378551468728947682e-02
5.740577016405282694e-03 2.733641828818547670e-02
5.740577484489683795e-03 -2.733641791041985930e-02
6.960471321543084018e-03 1.582474136228774822e-02
6.960471051343473069e-03 -1.582473501942015248e-02
1.659590052206411370e-01 6.850426910113270368e-09
1.659590052206454114e-01 6.850166870301821712e-09
