1.291272512473601031e-01 -1.734539532612191792e-01
1.291239675928877728e-01 1.734538512598067517e-01
9.434822893792631096e-04 -8.825227858782570822e-03
9.434900875074094754e-04 8.825227699784648355e-03
4.933714860322618335e-03 -7.450977905857530600e-03
4.933992494720788533e-03 7.450977714684142716e-03
7.893292125682494316e-08 -6.184244618261074480e-03
7.896777731427809650e-08 6.184244599988801896e-03
3.589596145705922553e-06 -5.480291703277858674e-03
3.588807082807356987e-06 5.480291550975441468e-03
1.219394311545520692e-04 4.472894873288983490e-03
1.219487367658157338e-04 -4.472894863474143577e-03
1.678725045493845939e-05 -4.356364030831482055e-03
1.678825829166776377e-05 4.356363939199917740e-03
2.172576359359893253e-03 -3.990038534117834601e-03
2.172810950828941469e-03 3.990038426188093068e-03
1.073057137730704187e-06 -3.706384753409353635e-03
1.073182949073445415e-06 3.706384739646347275e-03
3.129659412303912899e-06 -3.574269369487287264e-03
3.169658236147565873e-06 3.574269277186473571e-03
1.194228476265990260e-05 -3.445660524252458848e-03
1.194487224882745621e-05 3.445660438982466826e-03
5.528902782301276540e-07 -3.349599243358422802e-03
5.529941702025423758e-07 3.349599237821216258e-03
5.411868215097029615e-04 -2.988690078799547626e-03
5.411492337652555173e-04 2.988690065224288653e-03
1.781810679351930669e-08 -2.896972063602491158e-03
1.795906274919860909e-08 2.896971975326666573e-03
6.097405927235416482e-05 -2.769551386943312765e-03
6.098192108393203105e-05 2.769551319621707010e-03
8.838607893197489231e-06 -2.607357204025727553e-03
8.838118366146420710e-06 2.607357198059358661e-03
5.414317620001992678e-05 -2.575307577357052562e-03
5.415198362561566111e-05 2.575307522891237457e-03
5.294980768125171806e-07 2.515536600275787918e-03
5.293242324418991831e-07 -2.515536598726875878e-03
4.212802010419685889e-07 -2.470750037804143786e-03
4.210349733029115741e-07 2.470749982257750780e-03
3.814679063920246504e-08 -2.396555828593951130e-03
3.826544250369417799e-08 2.396555802202561189e-03
1.170659905907609237e-03 -2.329431423373642864e-03
1.170650714049453756e-03 2.329431407779535262e-03
2.369793438807881933e-04 -2.270233112932050403e-03
2.370500143740982544e-04 2.270233055039857627e-03
1.878496407297376009e-04 -2.213079183974926180e-03
1.877664589252180495e-04 2.213079137011333443e-03
1.685791649105298222e-07 -2.136379749887113658e-03
1.685336789933929238e-07 2.136379738953345445e-03
3.504472554702644469e-07 -2.110307230242869109e-03
3.505105304626472751e-07 2.110307171281877638e-03
2.132681353796900617e-04 -2.091722227051987307e-03
2.132894988853592630e-04 2.091722175280444091e-03
4.815313910667606103e-07 -2.056719531836766288e-03
4.816123471430385329e-07 2.056719522015479275e-03
4.210771004954335658e-08 -2.006590914479394489e-03
4.212975503448087035e-08 2.006590872018341586e-03
1.566728797784759078e-04 -1.992416210408729394e-03
1.566640551771703309e-04 1.992416188024952704e-03
2.899297074267035630e-05 -1.857965961240919377e-03
2.899127041398651881e-05 1.857965940404607535e-03
3.625728290864535140e-05 -1.827557665034584746e-03
3.625896202312113548e-05 1.827557624273430745e-03
6.109580405191509635e-08 -1.803802746319296260e-03
6.114092685659295906e-08 1.803802690965085028e-03
2.942195014746928357e-05 -1.778055346448250253e-03
2.942205797435323066e-05 1.778055303746103747e-03
8.285906666687093415e-07 -1.765331454390881450e-03
8.286061128218290958e-07 1.765331446057364848e-03
2.369184400659022526e-08 -1.764209589307763485e-03
2.369714791929425533e-08 1.764209578179133566e-03
2.446027835054616308e-09 -1.724070749520378778e-03
2.424322248130175651e-09 1.724070730903002040e-03
7.163930603614180497e-05 -1.723516041478854663e-03
7.164556581038683406e-05 1.723515996539053000e-03
1.123700648025766449e-04 1.690356629793621831e-03
1.123850056760624327e-04 -1.690356624155704398e-03
4.418715610010682112e-08 -1.667958279396998793e-03
4.418830885828423538e-08 1.667958258936213817e-03
1.964781874724770005e-07 -1.654266688582365329e-03
1.962356119383719803e-07 1.654266646769799332e-03
4.494299164380188925e-04 -1.630923919641409517e-03
4.494518625625213717e-04 1.630923883024746257e-03
9.757494386645693143e-06 -1.621776000214612519e-03
9.760328677323823357e-06 1.621775965800452629e-03
1.994533438312654774e-06 1.620161103250051691e-03
1.992163769758398923e-06 -1.620161097898809455e-03
7.812344499024897831e-05 -1.553466452193060865e-03
7.813215713755133321e-05 1.553466414051328254e-03
8.677168129676299447e-08 -1.540225313843953531e-03
8.677285349519849131e-08 1.540225304184260346e-03
2.447371490656134362e-06 -1.538344100543571381e-03
2.447477546848728643e-06 1.538344074577319229e-03
1.110615785281842575e-05 -1.531418870158964734e-03
1.110536992686960296e-05 1.531418857302964181e-03
7.497990199270446014e-05 -1.523707435457520099e-03
7.497135850052886194e-05 1.523707402914254924e-03
9.828952866078639211e-05 -1.507963559514372302e-03
9.828141288020004367e-05 1.507963547162390235e-03
2.182087000690466739e-07 -1.493987773708947610e-03
2.183648583708016673e-07 1.493987739816849064e-03
1.163222354414747273e-06 -1.469115030948078739e-03
1.163190965144782582e-06 1.469114987501692927e-03
1.235913691733356830e-05 -1.462551617192159445e-03
1.236155513596150091e-05 1.462551584759267352e-03
3.995156690827695972e-09 -1.432288024061026269e-03
3.994193089187338630e-09 1.432287997378601770e-03
5.397470486354842562e-08 -1.418149050809519845e-03
5.396259574455930312e-08 1.418149038900339389e-03
1.862753188363729201e-05 -1.415344821056133042e-03
1.862956042555484069e-05 1.415344785649583605e-03
5.278164650639021232e-08 -1.404513325800379542e-03
5.283747729766743689e-08 1.404513320292801641e-03
4.100655714192099076e-05 -1.392265676577528546e-03
4.100968612992348668e-05 1.392265645698323537e-03
4.156804942958963192e-05 -1.389639889453551198e-03
4.156532426826373589e-05 1.389639874466944191e-03
1.606422965380572714e-06 -1.387576861649450531e-03
1.606878657837682126e-06 1.387576833102250771e-03
1.590559298140955670e-07 -1.384415017059922870e-03
1.590758695234762503e-07 1.384414998051197070e-03
1.543878965607513545e-08 -1.363550396920687989e-03
1.543812307350500151e-08 1.363550368332954246e-03
2.041611098168166839e-06 -1.342855945415586099e-03
2.041497647063432072e-06 1.342855941995375803e-03
1.093335973289683281e-12 -1.329049382618249049e-03
1.093519635008098374e-12 1.329049351580441308e-03
5.901088400324972220e-08 -1.323920975241782644e-03
5.904186855916014898e-08 1.323920935730829975e-03
1.152643118126117606e-06 -1.308486843786960856e-03
1.153054960840681376e-06 1.308486813068657738e-03
3.119788802706536108e-05 -1.306848407028643640e-03
3.119194005601690246e-05 1.306848381528797698e-03
1.848446943028195363e-05 -1.301644223225853188e-03
1.848412206761451847e-05 1.301644209432685191e-03
2.998564648351074356e-07 1.294157002154525896e-03
2.996264694001251754e-07 -1.294157001072028090e-03
8.661320476903409146e-05 -1.291122644859158709e-03
8.661341260153527328e-05 1.291122626699139865e-03
1.122434415606833727e-06 -1.284069442141373306e-03
1.123061513802062626e-06 1.284069430357220008e-03
1.825302920938686870e-05 -1.280661464094974685e-03
1.827359469762192672e-05 1.280661440079077559e-03
1.594009191694517830e-07 -1.255121874918865973e-03
1.595729017054870255e-07 1.255121841422451780e-03
1.696936918280072176e-06 1.249401353571573956e-03
1.697105256927306079e-06 -1.249401349674780478e-03
2.247720494659278295e-05 -1.234793285051562087e-03
2.247973321465599196e-05 1.234793254391089662e-03
9.853306036820430123e-08 -1.220552794984373218e-03
9.858201091334727461e-08 1.220552790985104420e-03
2.387203765723935225e-07 -1.214119378825573173e-03
2.387036262139804917e-07 1.214119361359589002e-03
1.579111395374343946e-09 -1.211053651899282298e-03
1.581765419902061067e-09 1.211053644800565285e-03
1.131785388983995303e-05 -1.210248959203782514e-03
1.131943453749652036e-05 1.210248923163718786e-03
4.448058459223277041e-08 -1.204612183864810183e-03
4.445208869543150804e-08 1.204612154172157983e-03
2.830225313630508003e-08 -1.195309422316800322e-03
2.830502605505679352e-08 1.195309396553285303e-03
2.082545997142059940e-08 -1.194835521131229093e-03
2.083515800725615906e-08 1.194835514257082442e-03
4.148563967969756821e-07 -1.179573608757154011e-03
4.151265559410591458e-07 1.179573583648041955e-03
6.405682927309729390e-06 -1.178170423121491922e-03
6.405877669692607975e-06 1.178170399375747185e-03
2.756110943112559494e-05 -1.170815191394676980e-03
2.756906201877979049e-05 1.170815166933462676e-03
1.638873873842282976e-07 -1.168221199397136492e-03
1.639073640650493611e-07 1.168221183406885485e-03
5.153466758666910320e-05 -1.165704542966662779e-03
5.153178401971894368e-05 1.165704534071843003e-03
9.825218794700327433e-07 -1.163183409888182565e-03
9.828758307549953380e-07 1.163183382227119455e-03
1.557589634321643782e-09 -1.160988819675912598e-03
1.557100510385755810e-09 1.160988800609806266e-03
3.899446689073283332e-06 -1.146272344539203854e-03
3.899003473267622242e-06 1.146272336068298670e-03
1.353465019388902063e-05 -1.134438525386911693e-03
1.353728870941549294e-05 1.134438496482462330e-03
1.203556502733527755e-06 -1.130608566556346502e-03
1.203621771720327717e-06 1.130608557943328001e-03
5.380695343599466678e-09 -1.122790687601692844e-03
5.380192438178327766e-09 1.122790666484358834e-03
6.102991632213415809e-08 -1.119837620789899566e-03
6.104727590116933320e-08 1.119837590298475728e-03
5.289579325545808551e-09 -1.118549774095642987e-03
5.291399575944520749e-09 1.118549763968620502e-03
1.275466915509745544e-06 -1.111148359964823310e-03
1.275389456088592419e-06 1.111148331190594000e-03
8.925547306519569854e-08 -1.101204565594601694e-03
8.927939752628294357e-08 1.101204535527804118e-03
7.311687084720749279e-05 -1.097652388611539392e-03
7.312699003857352025e-05 1.097652359776407410e-03
8.819359025586609124e-10 -1.094408242926173808e-03
8.822673981004802183e-10 1.094408232506130290e-03
5.895895933126551538e-08 -1.089822542667885511e-03
5.895089904032234882e-08 1.089822523386236967e-03
4.914853485583634885e-05 -1.089003833075820413e-03
4.914978532494117860e-05 1.089003819531757190e-03
2.436902764655687130e-05 -1.086750864855899829e-03
2.437825178562253611e-05 1.086750843344306324e-03
7.312936426330595796e-05 -1.085701372261624852e-03
7.313717596938947886e-05 1.085701352040883538e-03
1.748445583331510214e-08 -1.079108789336059035e-03
1.748930760051117190e-08 1.079108781136900886e-03
1.753810449566169106e-09 -1.075551965188270565e-03
1.754508939909539742e-09 1.075551944899494697e-03
1.893772883853111144e-05 -1.074417615923306969e-03
1.893647110827193029e-05 1.074417604687013389e-03
1.015483898317924939e-07 -1.053883500499749968e-03
1.016022430070941857e-07 1.053883473772363388e-03
8.473869708318751312e-06 -1.049296062587486969e-03
8.473213484899437851e-06 1.049296052332138315e-03
1.911445377067607144e-07 -1.047928918754804494e-03
1.912417349018106481e-07 1.047928889502980224e-03
9.790499192137531444e-09 -1.043478537498685344e-03
9.793133247724263050e-09 1.043478523875201710e-03
4.987401169992101948e-06 -1.038709747792505292e-03
4.987181121816832726e-06 1.038709739990328201e-03
8.072826501803599340e-07 -1.035209403909453669e-03
8.078657556277498821e-07 1.035209376720261148e-03
1.171105662066526096e-07 -1.031451733691232404e-03
1.171299165022295947e-07 1.031451708010241866e-03
3.541815081679276402e-09 -1.027809004301311014e-03
3.546079840973909148e-09 1.027808994768749425e-03
1.803107529406536044e-06 -1.024840640249791504e-03
1.803327821049787299e-06 1.024840612705161082e-03
3.544055482668840332e-08 -1.019412977396863020e-03
3.544909868008591000e-08 1.019412964566574105e-03
8.306963312640699053e-07 -1.013498065331028177e-03
8.313933795858251492e-07 1.013498038443229983e-03
3.502088072399595875e-07 -1.013374958351599513e-03
3.502547527030826979e-07 1.013374935953104778e-03
7.367240920206811301e-06 -1.012207637991973264e-03
7.367303470386727135e-06 1.012207620479524525e-03
2.619873234722293805e-08 -1.005869773720142156e-03
2.619568521434634660e-08 1.005869761732972869e-03
1.650100185989690385e-05 -1.000164398223906109e-03
1.650310607506871950e-05 1.000164375024808301e-03
1.025080605969943346e-06 -9.969695508148380785e-04
1.025230455417207123e-06 9.969695223083076090e-04
4.471842464500610650e-08 -9.964703266716690502e-04
4.472640810483085952e-08 9.964703175797371987e-04
3.929709957889539963e-09 -9.942405349807974767e-04
3.931106968538015787e-09 9.942405268304138968e-04
3.760151214874605425e-06 -9.911422471168254613e-04
3.759853276115841615e-06 9.911422371055682301e-04
1.672634318799556509e-08 -9.905351144357632358e-04
1.660999412312128063e-08 9.905350988043000980e-04
6.424200297210547997e-07 -9.808900599282955029e-04
6.430059230230418565e-07 9.808900362728459419e-04
1.336891933168438563e-05 -9.761212165721861161e-04
1.336795980776573065e-05 9.761212100282669552e-04
2.754443615832376072e-06 -9.730407142609945282e-04
2.754730873856070513e-06 9.730406897890765466e-04
2.212865668190325415e-08 -9.711055417561169573e-04
2.213113480105972894e-08 9.711055319424143724e-04
2.380547675581215250e-09 -9.664502327559605470e-04
2.379667904897408085e-09 9.664502076489998742e-04
1.768835682967273042e-06 -9.643085557880661613e-04
1.768731904838991648e-06 9.643085512740964512e-04
3.177299667762788452e-09 -9.587943893434571147e-04
3.174606636212502087e-09 9.587943628767971963e-04
2.470796609601348503e-06 -9.544435320241225883e-04
2.470607216347512239e-06 9.544435232848609953e-04
1.739221839128982292e-06 -9.511336624148453633e-04
1.739533029432351546e-06 9.511336338935092458e-04
2.119756406255873639e-05 -9.501032332163518229e-04
2.120023148187108960e-05 9.501032091977447327e-04
5.233693723821138397e-08 -9.495110588671836936e-04
5.232630924406424952e-08 9.495110513468862663e-04
9.688369877995540861e-06 -9.455032860178833043e-04
9.689003629031863938e-06 9.455032631075567821e-04
1.233539373521543639e-05 -9.433875173538334514e-04
1.233469967891313258e-05 9.433875086415463747e-04
1.352188315409132917e-07 9.415278408302104165e-04
1.350375716213501242e-07 -9.415278394734435041e-04
1.626230234147741366e-06 -9.392129465404155247e-04
1.626629138333351138e-06 9.392129235945169798e-04
2.048016935534969695e-08 -9.297948293142200074e-04
2.048892858365037428e-08 9.297948255751113753e-04
9.139335982477257757e-12 -9.281654956199898200e-04
1.043074182557963135e-11 9.281654696730772328e-04
8.083478633606624327e-07 -9.271650454374675675e-04
8.083051432202139285e-07 9.271650401759660466e-04
6.860229805055272706e-07 -9.243344026714277401e-04
6.859938425870702549e-07 9.243343817189344190e-04
2.739746063965009090e-06 9.236898455910950816e-04
2.740093185146944526e-06 -9.236898413172752852e-04
1.464970080987012007e-05 -9.231630927045286891e-04
1.465276225615989611e-05 9.231630700520136257e-04
7.344844034887216858e-06 -9.221869670136700631e-04
7.346015429106710495e-06 9.221869427255469012e-04
3.966071630467619839e-08 -9.194791426907558685e-04
3.966706234808407397e-08 9.194791179130796469e-04
1.099955351268777512e-06 9.179513963332660859e-04
1.100058000435711382e-06 -9.179513912448766322e-04
6.694019590249719254e-09 -9.069611984712925342e-04
6.694664955523461778e-09 9.069611731339300093e-04
3.454725389676179945e-09 9.013037202889117401e-04
3.450923262277378728e-09 -9.013037127970848113e-04
2.827219804466412827e-06 -9.001992771520339262e-04
2.827695734376382934e-06 9.001992463948079500e-04
1.968459536883693324e-07 -8.999374603693092566e-04
1.967943179788333586e-07 8.999374401958975958e-04
7.772706568628127692e-07 -8.959410262803657208e-04
7.771995078456861214e-07 8.959410217227042894e-04
3.452064742865226320e-07 -8.937813617783985391e-04
3.452996729127329814e-07 8.937813381675207463e-04
9.189907056109326928e-09 -8.868175012348522655e-04
9.191170879064463283e-09 8.868174767224847608e-04
3.378784027889481840e-05 -8.845009164236042982e-04
3.378968387769505161e-05 8.845008941257416317e-04
4.102101962036946831e-07 -8.835559946709591571e-04
4.101562408027036175e-07 8.835559701966622190e-04
1.110645998576322697e-06 -8.828441532450988271e-04
1.110534657438531441e-06 8.828441368286021928e-04
3.497721751953740260e-06 8.816574459552883143e-04
3.498021722694940590e-06 -8.816574349801034691e-04
4.700634523679528497e-07 8.800193175040245961e-04
4.699905596057175533e-07 -8.800193151545920986e-04
3.929621351545672689e-06 -8.795349179191315047e-04
3.930160364762742031e-06 8.795348945065427967e-04
3.970674632506499994e-09 -8.754999097080431222e-04
3.974007846538236468e-09 8.754999042895924947e-04
2.227437865984705954e-06 -8.726763724409269127e-04
2.227866469988441822e-06 8.726763232081423969e-04
1.758071265762555071e-07 8.710030821116148932e-04
1.758505019242963220e-07 -8.710030705879791149e-04
1.159047689560870463e-08 -8.697675299553510016e-04
1.159807778175461155e-08 8.697675243362726653e-04
2.705877038859661927e-06 -8.654799015235989899e-04
2.706418393717242676e-06 8.654798821066973097e-04
7.757766746294992462e-10 -8.645668179840643695e-04
7.763626974425536163e-10 8.645667921758651503e-04
3.141131721267007933e-07 -8.643116085101837419e-04
3.141490700568844087e-07 8.643115838506855572e-04
9.315230743890938784e-10 -8.624782398974467071e-04
9.323427481407762838e-10 8.624782149726161699e-04
1.084298441547207409e-08 -8.547497920804934509e-04
1.085111010540448483e-08 8.547497918969475640e-04
6.923155712573387431e-07 -8.530064781225772403e-04
6.923697615778611548e-07 8.530064538735768632e-04
4.280920253908810077e-06 -8.524143913428497421e-04
4.280592195482207280e-06 8.524143841996540934e-04
8.375016001841402336e-08 -8.483562123620168403e-04
8.376523962737569417e-08 8.483561882833621885e-04
6.050720487542411120e-09 -8.451267629464121823e-04
6.058604593709161950e-09 8.451267542746017337e-04
2.712108599516507037e-11 -8.433064859228792381e-04
2.711874019875936371e-11 8.433064608770574847e-04
1.508643353671907127e-08 -8.404130291764276908e-04
1.508943552748334238e-08 8.404130058881571818e-04
5.311813051365987186e-08 -8.392573683218509288e-04
5.312744092929702317e-08 8.392573427606374098e-04
9.645702760117123574e-07 -8.387161159977492590e-04
9.647956863022299101e-07 8.387161004527234889e-04
6.347287419197052033e-07 -8.368001961291195211e-04
6.348750917564331499e-07 8.368001719115795468e-04
1.243428722245530067e-05 -8.364505801296867778e-04
1.243444887196961793e-05 8.364505736716094323e-04
2.925507433478838440e-10 -8.329646307268562169e-04
2.917957305853830213e-10 8.329646226237195656e-04
6.202069236419037115e-13 -8.289829169222204686e-04
6.202793890956016226e-13 8.289828911167019393e-04
6.301092302030031484e-06 -8.272631415212143005e-04
6.300445467246358402e-06 8.272631399842184010e-04
7.521168830108852038e-08 -8.271665761761783303e-04
7.513535007964624651e-08 8.271665522285048420e-04
3.842651457045275664e-06 -8.192034799814955316e-04
3.842971285807708817e-06 8.192034689025824625e-04
3.633172603343669682e-06 -8.189393104843754878e-04
3.634170987030199448e-06 8.189393005371530801e-04
1.096280214764438079e-08 -8.186471661508272924e-04
1.097002308927579597e-08 8.186471412757690075e-04
2.576135977781662071e-06 -8.177715347527338618e-04
2.576100302301131465e-06 8.177715128395557755e-04
2.038002187555414347e-09 8.171914215502080331e-04
2.028066336408212456e-09 -8.171914107998896459e-04
4.518138193099601963e-08 8.166036704911435644e-04
4.517740895227343508e-08 -8.166036525162835742e-04
9.699173717673309170e-08 -8.158536450849358367e-04
9.701823410156376753e-08 8.158536239396295192e-04
5.273983660977176433e-06 -8.151576546290160898e-04
5.274853663553214411e-06 8.151576320259552822e-04
4.135777698603274289e-07 -8.084216705192175459e-04
4.136530418171561048e-07 8.084216476191071355e-04
9.870459373560596815e-11 -8.068860042786042035e-04
9.876053989208973148e-11 8.068860022562890540e-04
1.402334664260043471e-07 -8.056645703472710288e-04
1.402490362074572142e-07 8.056645458928441556e-04
5.064334881780485516e-08 -8.041931153239799965e-04
5.065161207846809124e-08 8.041930902071549271e-04
3.759556929968237883e-09 -7.945659982136692818e-04
3.760687201929557705e-09 7.945659971493371741e-04
6.104674215973578327e-06 -7.945039833600602702e-04
6.105618632898076287e-06 7.945039629032638571e-04
1.158612577751555414e-08 -7.918192167293723258e-04
1.158921441880930885e-08 7.918191929689329632e-04
1.231872504548544776e-09 -7.910006456928311619e-04
1.232196253851777057e-09 7.910006202294485658e-04
7.388537834804007183e-09 -7.876276547976548449e-04
7.389542947195373215e-09 7.876276309220179173e-04
4.462618198933595904e-06 -7.866389598631169265e-04
4.462286143181070929e-06 7.866389572611318928e-04
2.398933943920095903e-08 -7.828999868439778321e-04
2.399512898994091686e-08 7.828999644511217080e-04
7.834180123609932642e-06 -7.763883315444860189e-04
7.836010285120676740e-06 7.763883196627097485e-04
3.643059776187020316e-06 -7.754112418556622808e-04
3.644043162261946045e-06 7.754111970869189893e-04
1.172812227583988045e-09 -7.740291281015684952e-04
1.172653871098744371e-09 7.740291036122594771e-04
3.718864466859780916e-08 7.737803989017900258e-04
3.721700435548205570e-08 -7.737803783139223521e-04
7.016442829798213727e-08 -7.716360830440052894e-04
7.016244040623878607e-08 7.716360778575061643e-04
3.231601163486853484e-08 -7.708504269509398876e-04
3.230962638706146866e-08 7.708504100534098544e-04
2.595184906692405320e-07 7.695383547335384999e-04
2.595317392633026306e-07 -7.695383487105305611e-04
1.141772479555048652e-06 -7.686809575431982622e-04
1.141926224736612537e-06 7.686809344532100075e-04
6.550826081299894855e-08 -7.664866837320148327e-04
6.551338255825406583e-08 7.664866818510990536e-04
1.624250914773784168e-06 7.657857190817305218e-04
1.624398940267933919e-06 -7.657857145791510060e-04
1.396992223446494977e-06 -7.608685571778850409e-04
1.397206346364819508e-06 7.608685356718933920e-04
9.466109581961315014e-10 -7.601505381547200239e-04
9.471553770982013597e-10 7.601505136612250095e-04
5.326456465930101151e-06 -7.593971445981949429e-04
5.328046679185634138e-06 7.593971235865941720e-04
2.400029065936667854e-06 -7.567075631106087242e-04
2.400334717243837663e-06 7.567075476657350456e-04
2.553504802665654120e-07 -7.563554305940561840e-04
2.553253457892121480e-07 7.563554246782368089e-04
1.626308569361336522e-05 -7.543751820000436708e-04
1.626578027177379539e-05 7.543751669828101204e-04
3.665239275702066058e-09 -7.506840811854509918e-04
3.666511431056128850e-09 7.506840581863885933e-04
4.041310228368257322e-11 -7.459641915960123866e-04
4.041838092188508602e-11 7.459641670984099807e-04
2.059221472530936702e-10 -7.459042077215296803e-04
2.054584563371922356e-10 7.459042059494375501e-04
6.677191980857387415e-06 -7.425160280062653067e-04
6.677997178733573714e-06 7.425160095134276201e-04
5.155222934949700087e-07 -7.400308110787823983e-04
5.154905466930652150e-07 7.400308075496273485e-04
5.310431146806641315e-09 -7.395335721159626867e-04
5.311158724913552282e-09 7.395335509817283501e-04
1.602262360604873108e-09 7.372307187531289144e-04
1.597368768432909987e-09 -7.372307174392519558e-04
2.331262524275069386e-08 -7.355988832433110226e-04
2.331557137644276055e-08 7.355988604552338248e-04
1.998571872183410899e-07 -7.330230702382366324e-04
1.998790686370809498e-07 7.330230515314288282e-04
1.781919001242520899e-09 -7.319240172348666449e-04
1.784311282571646341e-09 7.319240160999780209e-04
3.162923394110244811e-07 7.227642306722488605e-04
3.163531576676231776e-07 -7.227642279204925723e-04
1.065755476986293816e-10 -7.218492905926931309e-04
1.068390639393110950e-10 7.218492679159036482e-04
6.501058374375571059e-08 -7.202467002043191294e-04
6.501570794372895851e-08 7.202466789568516938e-04
2.851704104535297198e-07 -7.202083668137500153e-04
2.852106334851520610e-07 7.202083481540889594e-04
7.914329669805852455e-06 -7.164654011059501089e-04
7.915470147360593873e-06 7.164653848084971384e-04
3.141372881122990871e-08 7.129461859669709899e-04
3.142491880868728811e-08 -7.129461822340121694e-04
5.473888670740698544e-07 7.085938674800284403e-04
5.474202246065995015e-07 -7.085938619831948747e-04
1.341388912963478729e-09 -7.077485315310305756e-04
1.341537382093061440e-09 7.077485089087649697e-04
7.277376621495915489e-11 7.046864290816796331e-04
7.284995174155456228e-11 -7.046864186075047203e-04
5.273620547881649598e-09 -7.035345879169848608e-04
5.275315318329877856e-09 7.035345673545665562e-04
5.242884940308462533e-06 7.006400593850454789e-04
5.243724430230825983e-06 -7.006400540428613186e-04
7.610247594629136326e-06 -7.003531660836097772e-04
7.609830655435685263e-06 7.003531520304834930e-04
1.085507498432784338e-08 -6.983794595147905333e-04
1.093376776123544711e-08 6.983794573191251173e-04
1.514249604215218780e-07 6.966233233852280483e-04
1.513947830640813714e-07 -6.966233172752019347e-04
1.259268749724449162e-07 -6.954065241956958318e-04
1.259437636136673962e-07 6.954065075427048881e-04
4.518301108420589765e-06 6.931885931714930078e-04
4.518895927900552083e-06 -6.931885816160446778e-04
2.820858571489045465e-13 -6.927677084687956224e-04
2.824094652828303578e-13 6.927676859720048423e-04
8.942668298503125645e-07 -6.890707517952790939e-04
8.943517165742425347e-07 6.890707316666823878e-04
1.591038908565273996e-05 -6.876930257891953951e-04
1.591064599723979636e-05 6.876930136231223416e-04
8.126208675816517298e-08 6.851314806521336103e-04
8.104878229665134964e-08 -6.851314714760390473e-04
7.011813586211607581e-10 -6.808682405019981457e-04
7.016247156605185219e-10 6.808682223543988370e-04
2.127030691973569268e-06 -6.787885687516104173e-04
2.127659102147678983e-06 6.787885167073215084e-04
1.556329239402860205e-06 6.773963753284805659e-04
1.556325367962878509e-06 -6.773963477037751998e-04
1.236159848293904925e-06 -6.764130002183288849e-04
1.236435216550630479e-06 6.764129911121833597e-04
5.802381431399311734e-12 -6.755643622862384694e-04
5.794277505798729960e-12 6.755643422444526387e-04
1.396532000174110509e-09 -6.739525667295444928e-04
1.396344387493567752e-09 6.739525624407516477e-04
2.488052605560287699e-07 6.733042153631697922e-04
2.488322720199117544e-07 -6.733042118341309688e-04
1.510222679984249994e-09 -6.685627341043220767e-04
1.511461733668941950e-09 6.685627339716536778e-04
7.666515489328559962e-08 -6.674001942101581144e-04
7.667237427068804614e-08 6.674001757529865594e-04
1.200812684149777937e-07 -6.644570436695237513e-04
1.200883558735312617e-07 6.644570309040980990e-04
9.129892911690419819e-09 -6.620220894154477684e-04
9.136133587156948423e-09 6.620220891552022757e-04
1.449802627767420428e-10 -6.618411635311853732e-04
1.459724636573383779e-10 6.618411440231120480e-04
3.480179222458789026e-08 -6.605009943255618372e-04
3.484602202525786095e-08 6.605009827290866465e-04
2.421481492481056071e-06 -6.577685501769508537e-04
2.421399923000777631e-06 6.577685438739213578e-04
1.340712843057176030e-06 6.565342437409895900e-04
1.340957217647709446e-06 -6.565342167650075949e-04
1.217002447626112608e-08 -6.543760195433883081e-04
1.217133843091225294e-08 6.543760042789840926e-04
4.827718074265858743e-07 -6.512602064693241363e-04
4.827718761648742256e-07 6.512602043774389860e-04
1.055965477448601178e-08 6.483236358037778105e-04
1.051502093255495055e-08 -6.483236344706035711e-04
1.033388615827000100e-09 -6.477371103897829356e-04
1.033115320410797417e-09 6.477370931674136800e-04
9.979685846342840608e-11 -6.471691906402982086e-04
9.977275416503745541e-11 6.471691709211836296e-04
1.984879636963835005e-07 6.429877562553299808e-04
1.989444226169428330e-07 -6.429877559257390256e-04
3.207414259419882004e-06 -6.371732667173071957e-04
3.207850388940374548e-06 6.371732507193728816e-04
1.095901733773435313e-06 -6.347601586397992688e-04
1.095947499367685353e-06 6.347601394783283562e-04
3.641604630370785349e-06 -6.340819052805065801e-04
3.642208574329355649e-06 6.340818952450456196e-04
7.125362633892584343e-07 -6.320945758172370277e-04
7.125707884393594644e-07 6.320945699214983778e-04
1.289139861313333222e-09 -6.320350256742552318e-04
1.296424013709719999e-09 6.320350063548081480e-04
1.714907454058130201e-07 -6.274763485980154381e-04
1.714917523849532192e-07 6.274763438013099791e-04
1.797951696104533276e-06 6.257561361187864799e-04
1.798083882546736227e-06 -6.257561225345324241e-04
1.236304189632000268e-06 -6.243384425896953598e-04
1.236612760861760163e-06 6.243384329399664272e-04
9.778367278568500084e-12 -6.220294587307279542e-04
9.782117847052707308e-12 6.220294417801933368e-04
3.242241542222181837e-09 6.201982439144347386e-04
3.234178376762347577e-09 -6.201982408817724012e-04
2.245091833413710440e-08 -6.169735604877329841e-04
2.245419635090205301e-08 6.169735460646995785e-04
7.840170906572652761e-06 -6.114197937984358188e-04
7.840869171052254147e-06 6.114197851653548066e-04
5.889921014249309128e-09 -6.084071619128005948e-04
5.890693005048903021e-09 6.084071449674738341e-04
2.111130320938644618e-07 -6.052781955810559089e-04
2.111104895182876709e-07 6.052781831605416390e-04
3.789208158023054777e-06 6.037048060991344290e-04
3.789455880631839075e-06 -6.037048045268903580e-04
1.037802682499641472e-06 -6.009935218778448369e-04
1.037957950833087172e-06 6.009935079254315020e-04
5.711633713912441342e-07 -6.003306629387773806e-04
5.711362321653805964e-07 6.003306619779088431e-04
4.182067291435639090e-07 5.991486305904039807e-04
4.182328325304559810e-07 -5.991486045007602974e-04
9.313519224021564524e-11 5.947582513066626813e-04
9.306103510312068695e-11 -5.947582510628662703e-04
7.213561448680967860e-12 -5.942506361071502952e-04
7.215291436655650610e-12 5.942506192313081002e-04
6.020964937817786642e-12 5.909601321782341444e-04
6.035663419023865755e-12 -5.909601286150243044e-04
1.381632385359943991e-06 -5.905977398612396534e-04
1.381852745315618301e-06 5.905977285211964911e-04
8.009360396505405581e-10 5.886409614787271221e-04
8.011282883265102607e-10 -5.886409480244439701e-04
7.942321602375987826e-09 -5.863551073964477387e-04
7.943279286520501394e-09 5.863550935677387275e-04
3.672655217563757177e-10 5.851520541518296379e-04
3.668517674823021034e-10 -5.851520474559583499e-04
1.673783064877909357e-06 -5.799038693749289201e-04
1.675076772843805201e-06 5.799038245903484707e-04
6.731817499332031599e-11 -5.796680305655258934e-04
6.732830896944798203e-11 5.796680138191359199e-04
4.023395008264648654e-06 5.785818315239550473e-04
4.023995004972639479e-06 -5.785817993952020472e-04
1.704854979158302231e-06 -5.761882361677558633e-04
1.705314276762750113e-06 5.761882199649022429e-04
2.044552045194566453e-08 5.745554047570674118e-04
2.044871557421302690e-08 -5.745554031238325234e-04
7.408692117977335407e-06 -5.736933582703888446e-04
7.409972862949165868e-06 5.736933563104131516e-04
1.627421285614261464e-07 -5.732524536117002915e-04
1.627569722862163873e-07 5.732524400372700831e-04
4.780603558871780850e-08 -5.703010846894436634e-04
4.781037088404060564e-08 5.703010815054475194e-04
6.845329852235965325e-08 5.664322795053285640e-04
6.845664142466443839e-08 -5.664322783308003159e-04
1.885992580426813384e-14 -5.650096351332115378e-04
1.886678665876648705e-14 5.650096185563945788e-04
7.086182966292522959e-11 5.642305482909496265e-04
6.999519946574353165e-11 -5.642305466978562393e-04
1.053662870058903556e-10 -5.606355117568170192e-04
1.053909521523405393e-10 5.606354982263180324e-04
5.916942059635729614e-07 5.581490563513973697e-04
5.917234519922343317e-07 -5.581490555975475876e-04
3.002361008117971628e-06 -5.572547705600143161e-04
3.002746275913205178e-06 5.572547599478251288e-04
2.981323400580675046e-05 -5.508503492066206238e-04
2.981114012034304556e-05 5.508503394816712624e-04
1.466267472020631098e-05 -5.505398827854301059e-04
1.466037236969520006e-05 5.505398799022342537e-04
2.017853566171486329e-05 5.495447763692737830e-04
2.017918478499512705e-05 -5.495447545334640384e-04
5.394362786819559400e-09 -5.476986042659512952e-04
5.395113053135704530e-09 5.476985907534800968e-04
4.200189683634839534e-07 -5.434191213761553922e-04
4.200325478777060859e-07 5.434191202755713586e-04
1.823918058500829710e-07 -5.431506808618230325e-04
1.824017570807700043e-07 5.431506708241542027e-04
4.856700567658177275e-06 -5.423797787321425236e-04
4.856558046104915908e-06 5.423797762812427974e-04
1.405388844572043809e-06 5.416302524420691777e-04
1.405779537405692935e-06 -5.416302306592153367e-04
4.116083769296875899e-07 -5.376987124126949994e-04
4.115432170528585229e-07 5.376987005172884646e-04
5.859569307485232167e-11 -5.342411307511068510e-04
5.861333460930902361e-11 5.342411172519960592e-04
9.487140609999771207e-06 -5.329894539147828113e-04
9.488659125532529774e-06 5.329894515783121676e-04
6.128113826772420993e-07 -5.283377260341137228e-04
6.128643569970445689e-07 5.283377163271546365e-04
3.472541262118452651e-06 5.277605824419420635e-04
3.472364981600426837e-06 -5.277605821303039783e-04
2.272165023216335916e-06 5.266442976623796025e-04
2.272818879463208917e-06 -5.266442667449312050e-04
1.782030318204340470e-06 5.228937222236797015e-04
1.782206029976988782e-06 -5.228937199478455580e-04
2.631228376762595658e-10 -5.214315823847883325e-04
2.628698707546070767e-10 5.214315806264480059e-04
3.488494858160756830e-11 -5.204583365650541568e-04
3.488957039144128435e-11 5.204583231192386238e-04
2.933238672897795423e-09 -5.162317533833311141e-04
2.933421903759524898e-09 5.162317433394623825e-04
2.401885048745725708e-08 -5.107972438755834736e-04
2.401449673056554158e-08 5.107972342972950074e-04
5.870397443211849597e-08 -5.091378978176839144e-04
5.870340132585873484e-08 5.091378976986129287e-04
6.756085073996319543e-08 5.080719867657276356e-04
6.756675600160271912e-08 -5.080719604520380185e-04
8.195217965754821603e-16 -5.066381721143371156e-04
8.200429900931696630e-16 5.066381587513878052e-04
1.255181510432341671e-10 5.050639043544001084e-04
1.259620502270100301e-10 -5.050638992473622689e-04
4.634705526924505834e-08 -5.043794270328356370e-04
4.635420620019593154e-08 5.043794172061202407e-04
7.788037386529862415e-07 -5.020883816371909600e-04
7.789555163989832976e-07 5.020883769134087222e-04
1.733069297543646207e-05 -4.939566209164199901e-04
1.733132041551166256e-05 4.939566180751983745e-04
7.611631379328516175e-14 -4.931283864258331848e-04
7.613098750359414044e-14 4.931283731475052034e-04
1.873585863302009986e-10 -4.925039103934243136e-04
1.909285040299033506e-10 4.925039004883582884e-04
6.769571612603680692e-06 4.924931970216868231e-04
6.769817199094759473e-06 -4.924931906239167056e-04
4.598460803663473607e-06 4.914564912632872441e-04
4.599064593838330883e-06 -4.914564634571279593e-04
4.061145644288058058e-06 4.905432809376151539e-04
4.061483518974843998e-06 -4.905432787992102493e-04
4.978461335824979695e-07 -4.883559910828510911e-04
4.974758351096424966e-07 4.883559793102256819e-04
5.992848370845495320e-07 -4.858076268678871270e-04
5.989848230801521930e-07 4.858076264371197803e-04
1.592908082665244343e-08 4.829112171939217951e-04
1.573847006415803345e-08 -4.829112137569471861e-04
1.752268675525591161e-09 -4.803026725854603047e-04
1.752513986831493939e-09 4.803026626181838431e-04
9.388316087841789266e-09 4.795335694131490421e-04
9.388119936880168155e-09 -4.795335660780750174e-04
1.456280320026837932e-06 4.771096424219266113e-04
1.456337658750797250e-06 -4.771096379651046555e-04
2.068515978393422840e-07 4.759587315428959338e-04
2.069405009532304303e-07 -4.759587087845347118e-04
1.071918449310113417e-07 -4.736591160044310226e-04
1.072086962390716345e-07 4.736591098261570929e-04
4.394426174208803880e-07 -4.714141321100530639e-04
4.396549607056013570e-07 4.714140921064575757e-04
3.642447972222754959e-07 4.704690901817040619e-04
3.644847921975717693e-07 -4.704690586989292329e-04
2.728456333066283611e-07 4.697712488442886661e-04
2.722145766602665795e-07 -4.697712435096000291e-04
3.215164451209455537e-12 -4.677176490638097870e-04
3.215811776539070525e-12 4.677176390354487244e-04
1.292931433801776752e-06 4.676099571810652723e-04
1.292861470285516102e-06 -4.676099568416342066e-04
9.163365877674127419e-11 4.619011576056590140e-04
9.153414284942081686e-11 -4.619011573635070666e-04
1.289427324056408086e-08 -4.615848220416868546e-04
1.289514120146148190e-08 4.615848154297322184e-04
2.226939203839701543e-11 4.610508158491405362e-04
2.228886462237316947e-11 -4.610508142989089677e-04
1.261477133804745376e-11 -4.549389887733780078e-04
1.261643060762751819e-11 4.549389787063856834e-04
2.195984773078348434e-07 -4.513787331683193505e-04
2.195793611355570316e-07 4.513787214002688950e-04
6.221195053881763459e-08 4.507012111307979237e-04
6.219956333903928783e-08 -4.507011934522848107e-04
7.736745430684504076e-07 -4.504543756959613547e-04
7.737879322871750444e-07 4.504543696733144011e-04
1.475452779539248083e-06 -4.447809695250221486e-04
1.475103992054777563e-06 4.447809398400681094e-04
4.840553476428232839e-06 4.433533396222441277e-04
4.839422214114824736e-06 -4.433533128654836919e-04
1.574138823734687428e-12 -4.421939696368844155e-04
1.574580138225071083e-12 4.421939595498566855e-04
8.749448487707958942e-09 -4.395040451153346033e-04
8.751607414540429099e-09 4.395040389857779429e-04
3.522165949595835019e-07 4.389994300282400977e-04
3.521928208571658880e-07 -4.389994274469905932e-04
5.956444152579968454e-07 -4.383248978797949012e-04
5.956128516177383656e-07 4.383248969500269199e-04
4.738638518329436951e-07 4.374220576406886909e-04
4.739168710741289649e-07 -4.374220240699846400e-04
2.594875830269309593e-07 -4.303225636012640923e-04
2.594929519587461777e-07 4.303225449542547000e-04
2.428059495051935802e-11 -4.297555243238550390e-04
2.428640075122633971e-11 4.297555142237452714e-04
2.228390072090262644e-07 4.296957723874339713e-04
2.228871821694232400e-07 -4.296957366625420681e-04
6.652726216527675612e-08 -4.288325677383001962e-04
6.653644467567192551e-08 4.288325614366213993e-04
1.027976010531642820e-11 4.213691767936802242e-04
1.025875562201491045e-11 -4.213691737383551883e-04
9.798149404235999050e-12 -4.180115657179824754e-04
9.797471883297506609e-12 4.180115555946654145e-04
1.807189747025628052e-09 -4.178588506781900089e-04
1.806943834785563548e-09 4.178588442550997591e-04
7.453282271241763558e-06 -4.166971087995820808e-04
7.453512402811046509e-06 4.166970934990875397e-04
5.181102737055759664e-07 4.148611991473090876e-04
5.192813362203729896e-07 -4.148611889849287103e-04
2.852796468167900487e-06 4.067809029402862119e-04
2.852569701265010887e-06 -4.067809025010250628e-04
4.010498070536212843e-09 -4.065752794254842727e-04
4.010761500543726057e-09 4.065752729091866801e-04
1.391014617427938283e-06 -4.055570857639598107e-04
1.391554011974539022e-06 4.055570855781854547e-04
2.246243497166973760e-07 -4.042324931307377162e-04
2.248529344843448285e-07 4.042324795316227723e-04
5.775630065652803184e-08 4.034887140913991001e-04
5.801764586629937317e-08 -4.034886749671069152e-04
1.480498667976954233e-06 -4.009890551372239753e-04
1.482277356983082320e-06 4.009890233515561817e-04
2.720472356837142280e-06 3.998137063047075396e-04
2.721523841141194136e-06 -3.998136674947072415e-04
8.150586028229114834e-12 -3.950697397098669353e-04
8.140994313036207406e-12 3.950697330575064694e-04
1.659406875810434183e-10 3.930780087842273532e-04
1.659802369435168050e-10 -3.930780055980362961e-04
6.186438914210150189e-08 -3.914898995350993673e-04
6.191640568055090788e-08 3.914898948269810320e-04
8.842861678741569059e-07 3.879348001444267251e-04
8.843514067302076942e-07 -3.879347921169163738e-04
6.487873975708574930e-07 3.870910512906313534e-04
6.488345417266323775e-07 -3.870910216598663894e-04
1.488776197019240979e-06 -3.852798084528989545e-04
1.489042037010926489e-06 3.852798079048656019e-04
1.095900159633904749e-09 -3.835027202705991608e-04
1.096071438890115859e-09 3.835027134957344204e-04
6.644275522644246693e-07 3.823239619517089407e-04
6.644542948406097472e-07 -3.823239591987337383e-04
6.496191768143878419e-11 3.789402154863860867e-04
6.502435102050535166e-11 -3.789402152828314657e-04
2.779765171161958227e-06 3.762386958447104502e-04
2.779669778505391205e-06 -3.762386888998926282e-04
1.984664721859235791e-06 3.753517173963973920e-04
1.985192855924136752e-06 -3.753516842794357451e-04
1.630969859474175554e-09 -3.739810126755763642e-04
1.632794908514760874e-09 3.739810087623922428e-04
1.976257049527910859e-10 3.731483590389886567e-04
1.976633220529456959e-10 -3.731483565216981899e-04
9.945035828492380996e-13 -3.720454254287316781e-04
9.950558972913282793e-13 3.720454185338801264e-04
8.393011657660718926e-07 3.677077913207644978e-04
8.393137854850219530e-07 -3.677077902084351394e-04
2.311463841177724393e-09 -3.659644558985263225e-04
2.312154452478924943e-09 3.659644539212202540e-04
2.263288761076848336e-09 -3.609009294647752639e-04
2.263605083676170354e-09 3.609009224595216819e-04
9.160017597798222416e-06 -3.603615276953802998e-04
9.160855033663395857e-06 3.603615269165453498e-04
2.851875806203330971e-06 3.592785204804866566e-04
2.851831309955263347e-06 -3.592785113683469572e-04
1.830023893476218663e-06 3.585625954566666542e-04
1.830292024242786480e-06 -3.585625670198567812e-04
4.566552956137056847e-08 -3.577155692221150674e-04
4.574693062558596061e-08 3.577155630649125526e-04
8.462322093617447900e-07 3.571455323076966836e-04
8.463290050031613645e-07 -3.571455146404054967e-04
1.677916863532047754e-12 -3.559657026984502340e-04
1.683853912359141780e-12 3.559656995490132511e-04
2.201320136150621183e-07 -3.544182399610876287e-04
2.210046101038915299e-07 3.544182040275577141e-04
8.078951513187257008e-07 3.534847448021541340e-04
8.072348833284104373e-07 -3.534847010757599921e-04
2.015051879822854906e-14 -3.503287797284046295e-04
2.015821705730641723e-14 3.503287726023208352e-04
3.585845025511426050e-08 -3.464911336998513069e-04
3.586348629709237024e-08 3.464911307698159150e-04
3.707812913310127884e-13 -3.407233905640625064e-04
3.708251985170696869e-13 3.407233832706702708e-04
1.128752388495097507e-07 -3.404264730466486288e-04
1.128838203535319272e-07 3.404264571101556182e-04
3.033658318259781572e-08 3.399294418095529630e-04
3.033077816107503851e-08 -3.399294117404250571e-04
7.127479412935546263e-10 -3.365508103047910610e-04
7.126149700226990719e-10 3.365508071000773314e-04
1.719535586186607215e-06 3.360538419011917764e-04
1.719183829375747719e-06 -3.360538414897446414e-04
3.425681661103671166e-10 3.339242689373461714e-04
3.426741592744133888e-10 -3.339242663330028896e-04
1.469556886593917657e-06 3.276847700312429949e-04
1.469646832762374893e-06 -3.276847641506411626e-04
1.370463920844462027e-06 3.269671106330358291e-04
1.370597694812542352e-06 -3.269670783937181141e-04
2.759674278181106020e-10 -3.264643887381000835e-04
2.761634759017721175e-10 3.264643853846292080e-04
4.278410044590218587e-07 -3.262534543170756405e-04
4.284940479664661384e-07 3.262534414836262765e-04
3.021844988251745551e-06 3.246324620222588758e-04
3.021702823747086430e-06 -3.246324361905672182e-04
1.234624325195188624e-06 -3.195021591800374693e-04
1.235606047389230372e-06 3.195021304321513989e-04
7.393054136031555430e-07 3.187040874446296656e-04
7.400395598914230221e-07 -3.187040523136267412e-04
4.262880736789077983e-08 -3.166229000332357844e-04
4.263425380946001598e-08 3.166228842368340544e-04
4.665188649050179223e-12 -3.162770828649652229e-04
4.663615518021480781e-12 3.162770793375556302e-04
1.183567307997000767e-07 3.162335117707556760e-04
1.182337341426526035e-07 -3.162334903405403263e-04
3.071950759526801106e-07 3.158180736148286875e-04
3.071074364472629017e-07 -3.158180529153485801e-04
1.075125035681117187e-10 -3.061236109918941193e-04
1.075556457535293309e-10 3.061236072691845872e-04
1.268345278740967967e-10 3.048341293798600450e-04
1.268670067425241965e-10 -3.048341261136028259e-04
1.039130980781011066e-07 -2.988797552074697441e-04
1.039594560460478058e-07 2.988797422303810479e-04
2.123983809535062604e-06 2.973329958574758881e-04
2.123604837859004865e-06 -2.973329794093266761e-04
1.627885483175748420e-12 -2.961280975099728555e-04
1.627482157200529358e-12 2.961280935918573489e-04
8.833065152189665043e-09 2.936754320176437959e-04
8.791990348355324710e-09 -2.936754287642703680e-04
4.653231018441443659e-07 -2.879240949049572686e-04
4.652120940780217868e-07 2.879240826199632288e-04
4.481847970883415834e-07 2.873594231894366162e-04
4.481285955913454266e-07 -2.873593807848576903e-04
2.048316801894382211e-11 -2.864370344083700423e-04
2.047772410737788364e-11 2.864370303009110947e-04
6.032597839530438028e-08 2.853938413003488813e-04
6.032680874389019508e-08 -2.853938324621693983e-04
1.167556097561859550e-09 2.850198361556571542e-04
1.167870327391318892e-09 -2.850198328286440101e-04
3.229820602736776878e-08 2.847722244218102135e-04
3.230219600698434577e-08 -2.847721950503368069e-04
9.139749299522906981e-08 -2.799468711017178780e-04
9.145437695762229044e-08 2.799468508258855411e-04
9.852210569709837745e-07 2.792424177359654688e-04
9.847472814430903036e-07 -2.792423962642005646e-04
6.552966862981442359e-08 2.773243658744335228e-04
6.553519744377205967e-08 -2.773243631992400142e-04
2.405801675833095747e-13 -2.772183350604001347e-04
2.404212221015842255e-13 2.772183307663851214e-04
5.280841598420540603e-11 2.739364265834111334e-04
5.280158882770622791e-11 -2.739364246130339842e-04
2.983066702478814163e-06 -2.710619084301040481e-04
2.983551615908459816e-06 2.710619072208991114e-04
4.748231934692024654e-14 -2.686778664085022234e-04
4.747518425789703181e-14 2.686778619188219487e-04
1.472564202880553848e-07 -2.639412997170199329e-04
1.473042446774317967e-07 2.639412842820279439e-04
2.323640351175916219e-07 -2.638408253863286151e-04
2.326241261386302953e-07 2.638407930666038649e-04
5.344017611438969909e-08 2.636819860593574150e-04
5.344747681859309635e-08 -2.636819624189717590e-04
2.384957824542717737e-08 2.631602250942240433e-04
2.382922487241831269e-08 -2.631602250259941706e-04
3.918980899851539099e-07 2.630420765301386241e-04
3.918159701408969591e-07 -2.630420294703721129e-04
2.965559309895675649e-15 -2.611219549567798948e-04
2.964411526852858060e-15 2.611219502272201605e-04
4.461497954735627856e-07 2.566081961144022990e-04
4.460283709468161226e-07 -2.566081954952535238e-04
2.947230570577240312e-07 -2.550323630171834051e-04
2.948439662941121256e-07 2.550323565314921892e-04
1.431111463822540217e-07 2.544688614493104215e-04
1.432866569546529044e-07 -2.544688207044723625e-04
2.204878687353236280e-07 -2.478360014096893989e-04
2.204823201495153951e-07 2.478359794987394565e-04
1.516032307398570461e-07 2.475755696668598951e-04
1.516133302215222256e-07 -2.475755333498471842e-04
1.004899223639014793e-09 -2.472806707380055058e-04
1.003774776673949907e-09 2.472806700419374654e-04
1.765872409351923899e-07 -2.470283285350998890e-04
1.769991941523714842e-07 2.470283050947050273e-04
1.723784118611339204e-07 2.462523898746996629e-04
1.720455363641556256e-07 -2.462523441354260746e-04
1.175679323609058751e-12 2.448371331108791719e-04
1.167027358765036003e-12 -2.448371318541700797e-04
3.140217189138563431e-08 -2.392049573191641762e-04
3.141276637845630901e-08 2.392049569040983808e-04
3.390221059172320075e-07 -2.335315270359670440e-04
3.393972200270131601e-07 2.335315227903397568e-04
1.720015463071393891e-07 2.319234351968266911e-04
1.719246217199322133e-07 -2.319234315235182888e-04
3.429322663204579292e-06 2.307569541038357165e-04
3.428493022910173081e-06 -2.307569395967025915e-04
9.632839249790746228e-10 -2.305497363827067967e-04
9.636824390069018849e-10 2.305497355765829658e-04
8.771598575011568685e-09 -2.270218239736733023e-04
8.769051675230503954e-09 2.270218005167557146e-04
2.303460708905735469e-09 2.267324824126536306e-04
2.301788058712470848e-09 -2.267324386766885586e-04
1.496984114954811639e-07 2.238247948234949069e-04
1.496724930170317482e-07 -2.238247909652218580e-04
1.203869228576609472e-07 2.232898546834470046e-04
1.204422899057475807e-07 -2.232898187218824407e-04
2.009317734882467238e-10 -2.220936839011326412e-04
2.009357115080699376e-10 2.220936828408796545e-04
5.676553191687315390e-12 -2.137710456047033330e-04
5.675003195577037983e-12 2.137710442948053964e-04
3.200710304736808027e-11 2.130568083585166947e-04
3.194668235358866764e-11 -2.130568057998642945e-04
2.437169751771457070e-06 2.114885420834768939e-04
2.436213285798490211e-06 -2.114885420046814710e-04
7.494655290293067977e-10 2.082629625940296244e-04
7.481093488973321723e-10 -2.082629573446659636e-04
1.583310406009949247e-06 2.058331356607925422e-04
1.582825103796091767e-06 -2.058331284101902155e-04
5.529050834406663995e-08 -2.057095747927076171e-04
5.529999090241069972e-08 2.057095735056029440e-04
3.147318684557536871e-08 -2.014775250839071635e-04
3.147238711129560273e-08 2.014775055522136809e-04
4.481879802656435048e-08 2.011586755690764571e-04
4.481804321040962323e-08 -2.011586309814921813e-04
6.453960029945510037e-14 -1.980274663097386320e-04
6.445502334811047508e-14 1.980274645180602269e-04
2.672676525887137967e-06 1.973362439689193898e-04
2.671094974592903067e-06 -1.973362410483229807e-04
1.305370994175031887e-10 1.938407738047754378e-04
1.304017254396852607e-10 -1.938407710925077443e-04
4.997320344903802043e-07 1.912087282556852784e-04
4.996951360339705665e-07 -1.912087192361518401e-04
2.085114246388179648e-11 -1.908205493894992453e-04
2.087269773861938703e-11 1.908205473628710582e-04
4.152110804939412517e-07 1.907891360887377103e-04
4.153189986248237607e-07 -1.907891056256074823e-04
1.051741619804017368e-08 -1.874401233555655704e-04
1.062681060610722399e-08 1.874401229326214742e-04
3.755853486320424820e-09 1.865577789550483144e-04
3.747275862462736375e-09 -1.865577753134309519e-04
7.421688331501480387e-15 -1.842015495818680182e-04
7.418663046374435490e-15 1.842015473136575778e-04
5.761574739281911815e-07 1.839976079195145399e-04
5.759468623320748379e-07 -1.839975996144130061e-04
1.607808422429689862e-09 1.811590458791837170e-04
1.608207202336751015e-09 -1.811590435996467791e-04
4.030404046720227295e-07 1.796286140591314869e-04
4.028153577458195465e-07 -1.796286108942959600e-04
2.144468134671428001e-16 -1.783074043172945956e-04
2.145510258546330888e-16 1.783074017812509820e-04
3.860090352872825733e-08 -1.751627387436623540e-04
3.857210449257107582e-08 1.751627142762451396e-04
1.638547631990104912e-07 1.745855196296653832e-04
1.639027882841086220e-07 -1.745854741735605471e-04
2.265379362001728571e-07 -1.715865858564898875e-04
2.264371719537135073e-07 1.715865704282865491e-04
3.480277218606917953e-07 1.712654905694939705e-04
3.479670718608606289e-07 -1.712654450056730251e-04
3.022392250509350355e-08 -1.690351871141054297e-04
3.022959847620284701e-08 1.690351779678637230e-04
6.904626340384268698e-08 1.688753230134607041e-04
6.913119975862973917e-08 -1.688753048027699633e-04
2.635222373925950412e-08 -1.675115068189257921e-04
2.634388831536153474e-08 1.675114945346758131e-04
1.038120552766763286e-08 1.669472384235296436e-04
1.037252210594184464e-08 -1.669471952982600393e-04
9.514796749078269398e-09 -1.665838833991511265e-04
9.509716657475980914e-09 1.665838826828109449e-04
8.183250967452650568e-07 1.643506605029558336e-04
8.177846882122845289e-07 -1.643506520504016118e-04
3.099932933182100629e-09 -1.539392699002823447e-04
3.151971641443231738e-09 1.539392507103284923e-04
2.491600878185948619e-07 1.538167320717596638e-04
2.491623478191579725e-07 -1.538166992900312415e-04
3.066792965649156237e-09 -1.493160175976409871e-04
3.067592214071250909e-09 1.493160169096690096e-04
1.135631345330119518e-06 1.470672226418385793e-04
1.134561727140831173e-06 -1.470672170006766439e-04
3.628376626242694506e-07 -1.442480625707979677e-04
3.629363658374534699e-07 1.442480362052797193e-04
4.964883971114425129e-07 1.437861930797475793e-04
4.965114427156801932e-07 -1.437861471135306354e-04
9.321152283498275310e-08 -1.389389738526001410e-04
9.300883311740314619e-08 1.389389657436367162e-04
2.053086462953746976e-07 1.386546550991714605e-04
2.050636361991751576e-07 -1.386546132911934553e-04
2.730377596708111163e-07 -1.371765825066146151e-04
2.743878822655470562e-07 1.371765819464342679e-04
7.152555531909326106e-09 1.352618841397027936e-04
7.159809783185889607e-09 -1.352618819753960010e-04
4.652507479043599091e-08 -1.351083294585839981e-04
4.650290669041813627e-08 1.351083037971100216e-04
1.007181408906298859e-07 1.349918998968582524e-04
1.007021251203952390e-07 -1.349918560241398331e-04
5.882258217859052282e-07 1.292888807796448560e-04
5.880123730090987365e-07 -1.292888798636692273e-04
7.958053784159345074e-10 1.229528498765725575e-04
7.962259777158572990e-10 -1.229528492705805214e-04
1.574424620105865582e-07 -1.187421776853642477e-04
1.574305382245462839e-07 1.187421516616905668e-04
1.675526472782389493e-07 1.183377248336471528e-04
1.676223824083498720e-07 -1.183376805663516757e-04
3.530119982142496428e-08 1.170728137604613389e-04
3.528409816715596829e-08 -1.170728132684029186e-04
4.847348607724718339e-11 1.167951946107828067e-04
4.840701804023395020e-11 -1.167951932862754897e-04
6.053115452369599069e-07 -1.123426601149431111e-04
6.055209288197420385e-07 1.123426518901389184e-04
1.022353550314087552e-07 1.121260738658619982e-04
1.022671363219658016e-07 -1.121260434435695326e-04
1.210639108716232159e-11 1.112837367555209018e-04
1.211097338836465656e-11 -1.112837366278879851e-04
6.418319484174325287e-06 1.094310960341136749e-04
6.419672759806759596e-06 -1.094310922438431957e-04
3.522236100629933751e-06 1.090426071572029633e-04
3.521540645867545151e-06 -1.090426028422633901e-04
3.157184350785535611e-06 1.088341617783065800e-04
3.157686636151521992e-06 -1.088341272898462611e-04
5.445778898781659166e-10 -1.058332148954327487e-04
5.447023273102845429e-10 1.058332147741281168e-04
1.037466286412647354e-12 -1.007158493235053517e-04
1.037058143464465941e-12 1.007158489482307790e-04
2.070450398203768815e-11 9.914334645109914180e-05
2.070126638765954553e-11 -9.914334482341325425e-05
9.807592013026233676e-08 9.612420148927558483e-05
9.796724741224207039e-08 -9.612420003439291595e-05
3.679393579610107957e-12 -9.595898554936782890e-05
3.683820543622356560e-12 9.595898492467958018e-05
4.561340431271376044e-08 -9.448152205810084279e-05
4.568055521680123704e-08 9.448151058864237605e-05
7.328544845663182490e-07 9.415934717519693390e-05
7.326760464928081333e-07 -9.415931945856438308e-05
1.147952665335891215e-15 -9.156912274860944405e-05
1.147733664249477682e-15 9.156912187446236229e-05
1.511706707757582372e-11 9.138705571828543831e-05
1.505055420993902654e-11 -9.138705459551189263e-05
1.096858972135615076e-07 -9.103790613507210317e-05
1.097909383929213461e-07 9.103789167832792466e-05
2.108399275038906894e-07 9.068720386317594129e-05
2.109916800740278389e-07 -9.068716267857717338e-05
2.747463536718725166e-07 8.919439766595401288e-05
2.747356647145533726e-07 -8.919438811964731527e-05
2.251836997264532874e-07 8.905863541995015032e-05
2.252385095470247714e-07 -8.905860263432003677e-05
9.830460567763083877e-07 8.656548053981842237e-05
9.825885657549702549e-07 -8.656547688122519148e-05
1.370141203244494519e-09 -8.548678694807173098e-05
1.382939540122573486e-09 8.548677909101846614e-05
4.375429949120832451e-08 8.535688366027369806e-05
4.375646082767969289e-08 -8.535685082815513665e-05
2.601751193297119239e-11 8.462304792054973666e-05
2.587593317411755763e-11 -8.462304545139700607e-05
2.081941166945684295e-06 7.745980081030606615e-05
2.079847828216533638e-06 -7.745979731690307089e-05
1.427364144748005091e-09 7.342420463086682392e-05
1.423172088343234742e-09 -7.342420015465868279e-05
6.981543786756062246e-08 -7.288395405749533232e-05
7.033273667919342874e-08 7.288395040904759102e-05
2.744078273717855169e-08 7.234965963816018309e-05
2.748690105389516599e-08 -7.234964372131156055e-05
2.491981883827880744e-06 6.580495288965901941e-05
2.489115318439266099e-06 -6.580494832203188623e-05
2.164596299881323788e-09 5.918916546500729495e-05
2.159522299394131470e-09 -5.918915900463279613e-05
6.548718171890384975e-07 -5.866596189135466827e-05
6.549342750278745821e-07 5.866594573495935487e-05
5.667897892377252335e-07 5.842521452470585781e-05
5.671390348997020627e-07 -5.842517601458169788e-05
2.971246518018619481e-06 5.768733367599090933e-05
2.969034040318446796e-06 -5.768732569577647221e-05
3.226762399726788935e-08 -5.578933048122467929e-05
3.206367359800293153e-08 5.578932922190523477e-05
1.037559113149174195e-06 5.569586400965639719e-05
1.037673300410621198e-06 -5.569583402241878959e-05
3.889322319898343289e-10 5.290913044546839640e-05
3.899617779798694698e-10 -5.290912617169638628e-05
3.954369369548524084e-07 5.008502099633725657e-05
3.948408655095510610e-07 -5.008501459602261822e-05
8.257284489547929863e-09 4.163917007038203839e-05
8.243825296266994908e-09 -4.163915935635534700e-05
2.106527065109597009e-07 4.117594315051117926e-05
2.094022730802541440e-07 -4.117593893176012547e-05
3.072699927543902803e-10 3.648302390382848412e-05
3.088805354504376119e-10 -3.648302134668089555e-05
8.339291376704227626e-07 3.432835391587768417e-05
8.319125741875315156e-07 -3.432834860670250622e-05
7.553370932469944922e-08 -3.013271105812857158e-05
7.557662655671318109e-08 3.013269147914961020e-05
3.275614283302321477e-07 2.993976361226455526e-05
3.274418199067063721e-07 -2.993971990599386646e-05
3.232114909944393371e-07 2.413369221845676019e-05
3.230283208403196241e-07 -2.413365132253796088e-05
3.648209972882506296e-07 -2.410885592921230988e-05
3.645823363062304185e-07 2.410884562827391713e-05
3.093553480618409352e-10 2.325535565493209666e-05
3.064155577768996644e-10 -2.325535414932989112e-05
1.313630343243986852e-06 2.162553189962663886e-05
1.309841821023218572e-06 -2.162552640174670299e-05
2.999974170835739551e-09 2.065811979020887117e-05
2.998290485727765479e-09 -2.065810582293412635e-05
2.505512191258954831e-09 2.025290866556769427e-05
2.190876155990609707e-09 -2.025290575061115247e-05
1.467636052174263568e-09 1.311688927127218248e-05
1.464992231042992171e-09 -1.311688839694922957e-05
1.296443266983359535e-06 1.147384044019316449e-05
1.288720135230879716e-06 -1.147383826511861632e-05
3.966929834637908870e-07 -9.936133458875345519e-06
3.964899769391521654e-07 9.936130206794208718e-06
3.789120198544395237e-07 9.807894261525371317e-06
3.787172138047192517e-07 -9.807857287855678934e-06
1.559970760681657225e-09 5.864654260270210747e-06
1.554552509177186060e-09 -5.864653938119336282e-06
1.108791656253943088e-07 4.662476330042255237e-06
9.504412522157109108e-08 -4.662475100794324341e-06
1.141078636062301999e-07 -3.494297493467113955e-06
1.145556028312789508e-07 3.494274415799347735e-06
5.130552940600020588e-07 3.375428786145356711e-06
5.120860662865377977e-07 -3.375384075828321830e-06
1.283143821799810838e-09 1.446580958584162209e-06
1.267068695945629492e-09 -1.446580938593666693e-06
7.834073756417843658e-11 8.374092497369431300e-07
5.607152576527107193e-08 -8.374089140868447630e-07
2.170086148647676307e-07 3.625089805794077014e-13
2.170820256726060954e-07 3.624952198651930847e-13
