3.113950679220373101e-17 6.761437598975093750e+12
2.504335848829714051e-01 7.930774195532140425e+01
8.451319096784835843e-19 4.425228015676929694e-02
1.965840838671608190e-06 4.416315230172208894e-02
7.043805526315604004e-09 3.957374751776726596e-02
5.917993911842840116e-09 3.954603862948428972e-02
1.337710097265139473e-16 3.953914727219003111e-02
5.060206521018654313e-17 3.951173267678020212e-02
6.273235565428147582e-10 2.713837757991131167e-02
6.435356241131468149e-20 2.713748526850762524e-02
2.278969738740268571e-09 2.709624559590542020e-02
7.221331417300623154e-18 2.709534629452300947e-02
2.867022632688204871e-09 2.348505204686679101e-02
9.138573069936989538e-17 2.347807086686186373e-02
9.303681852715435368e-11 2.346542051668277715e-02
3.701161552976071335e-17 2.345852147454887196e-02
2.799488245160302801e-17 2.162951830055625385e-02
4.961659014268526012e-07 2.162323114794054493e-02
5.175306578061648417e-11 2.069157453704271316e-02
1.690842132151214508e-16 2.069156108749416537e-02
6.354819607571715404e-17 1.965409252970426110e-02
3.383731739770493820e-07 1.965013941598701616e-02
4.075729855933285548e-11 1.672331647518114986e-02
4.650279252737796791e-18 1.672316024262832101e-02
1.542134255922746144e-10 1.671307828853820648e-02
1.202712483189555749e-18 1.671292475709845737e-02
2.392195137548504394e-10 1.647166256313664645e-02
1.387253724540894380e-18 1.647155762016638131e-02
2.395816544943607189e-10 1.645325973396031746e-02
7.102374510152745562e-18 1.645315729189156598e-02
8.793507618987914857e-10 1.423383633944539338e-02
1.585344244854873607e-17 1.423246971085998999e-02
2.845289212005077430e-10 1.422347797335650130e-02
5.052483955461558856e-18 1.422212022531982312e-02
6.205998968735179514e-11 1.391164473414083745e-02
1.777916769695531648e-17 1.391160967398845372e-02
2.287780295294060063e-11 1.390323941812255520e-02
1.477786067517702044e-18 1.390319738659769391e-02
1.327566033205368823e-16 1.327124736557221477e-02
3.413413479765823754e-07 1.327091676188480417e-02
6.611793688480314594e-12 1.303128227585733170e-02
1.159272785911239701e-16 1.303128037073411280e-02
3.104930752419283478e-13 1.217812031764760328e-02
5.336377166416456422e-15 1.217812020298391154e-02
2.374174598973889453e-17 1.200692455360350547e-02
2.767232117655873149e-08 1.200591600622551679e-02
1.083184331452651973e-16 1.161917693728931923e-02
4.879849752946484944e-09 1.161895728771268101e-02
2.535031719690818685e-11 1.112639522635131689e-02
3.293335833673398572e-19 1.112636743235293456e-02
1.592806984418177547e-11 1.112477472627918483e-02
7.563294011307036367e-18 1.112474733594400952e-02
1.198197112391846774e-10 1.097409456765653657e-02
2.190197722632196475e-20 1.097408141119487514e-02
6.718603028445564980e-11 1.096383663897401196e-02
2.217815885824296294e-17 1.096382390802689948e-02
2.349934459523955875e-11 1.043468222797718122e-02
5.094411085725221491e-18 1.043466663409796727e-02
1.219237557387743883e-12 1.042814927310009229e-02
2.667261228703173562e-19 1.042813277329916744e-02
1.217620966554477195e-11 9.800196088395198013e-03
2.824437940805476872e-19 9.800165156002583686e-03
3.181726864642903365e-11 9.795522876448916130e-03
5.281896013385237012e-18 9.795491457046948819e-03
2.039520801601817576e-10 9.594986585766348414e-03
1.585261447640739916e-18 9.594768343965318080e-03
1.401156581937039771e-10 9.588600962707411260e-03
4.589475562131674381e-19 9.588385569537531336e-03
1.062832263195303523e-15 9.229426541517097432e-03
9.692551272296466365e-08 9.229401326666346675e-03
2.740092130953097442e-11 9.216895592631023371e-03
4.097309629110472930e-15 9.216895203275655979e-03
2.632839417733481777e-10 9.134063333734718237e-03
8.094137064719799322e-16 9.134059684688843744e-03
2.557604203389540307e-13 9.127590174462957631e-03
1.044048533323859504e-18 9.127586310926994254e-03
3.706096056518677083e-15 8.876462139568132986e-03
7.264157524978177222e-09 8.876448840077100222e-03
1.315803481507734351e-11 8.870613618870228784e-03
1.140586631317888349e-13 8.870613535664473998e-03
1.230140160467863225e-15 8.337918433230884913e-03
8.881076889125995283e-10 8.337911670996409411e-03
1.724800562029166054e-17 8.325294423610955785e-03
4.423107154201512095e-09 8.325168347705101668e-03
2.421814673428449973e-10 8.323168175289072032e-03
6.401736415489817154e-13 8.323168013521321795e-03
2.660489011678699056e-13 8.241962413736566087e-03
1.889936091883822164e-13 8.241962400835415453e-03
7.236924321133558188e-12 8.038894471404715164e-03
6.358313105595222976e-19 8.038890145434740564e-03
2.618350812316875006e-11 8.037554064943419271e-03
2.514499126112188941e-17 8.037549842856303584e-03
2.695736807001221770e-16 8.007233868521994660e-03
3.859325639793088799e-09 8.007216919535303096e-03
3.063683921156246115e-11 7.965074293459833629e-03
1.227326335019458079e-15 7.965073884652803735e-03
5.094179409690825647e-11 7.962145796486833418e-03
2.285588447389331900e-15 7.962145362073366414e-03
1.747837949923311896e-12 7.555506132618584544e-03
5.489455624867051287e-17 7.555504960495091661e-03
1.866627481725976662e-12 7.545308001422752243e-03
5.772102950425078309e-17 7.545306788791104370e-03
1.045212664426177165e-12 7.360747145272787673e-03
7.990470112529105596e-17 7.360746510501268471e-03
8.955137139100356905e-13 7.359262122438377240e-03
5.370369071376149858e-17 7.359261405857233859e-03
2.042147960508461522e-13 7.257145019227189721e-03
1.189308901756938656e-14 7.257144993785646751e-03
5.103490789632861366e-11 7.195195017873434219e-03
8.572682046053066606e-20 7.195183570250387670e-03
9.703844630855086958e-11 7.189376727153222978e-03
9.896678799986582498e-18 7.189365471915753515e-03
4.060360303894688279e-12 7.148437770171968408e-03
1.730725795532067837e-16 7.148437200377937874e-03
4.771380271456390778e-11 7.146063080547735390e-03
1.441637318850061861e-15 7.146062524775639510e-03
8.307949699510839658e-09 7.086638092546760324e-03
1.175339801352439782e-14 7.086632630590272534e-03
3.074383300383466729e-08 7.044602843762596753e-03
3.826970916879292068e-15 7.044594702667287579e-03
9.175848645505894160e-13 6.986357835185437633e-03
4.253904051948704082e-16 6.986357751327482331e-03
1.076676890952570525e-13 6.863316503564897628e-03
5.913462174411808922e-12 6.863316472103789603e-03
1.794277302016107250e-13 6.860489533835566894e-03
5.255629782430310365e-12 6.860489506900528493e-03
1.252480373759930026e-14 6.647818230466564886e-03
9.288317737048767225e-14 6.647818216462644467e-03
3.973741978632810174e-17 6.636771234853344748e-03
1.962970388177517151e-13 6.636770975709772695e-03
3.333471441515923479e-15 6.631417606278784682e-03
1.121038890113576505e-11 6.631417357246711074e-03
2.724455404932724183e-10 6.502867926063607591e-03
1.397143154970028219e-14 6.502867355038743045e-03
5.857566004322808838e-16 6.476337941173942146e-03
4.812191854825685435e-11 6.476336836280714888e-03
2.519547150634875463e-16 6.466878045391809791e-03
1.010533911248415768e-11 6.466876841520734047e-03
5.082813433187200855e-09 6.447226285093085769e-03
1.250746133960048786e-18 6.447194686880509777e-03
1.109218704251819412e-15 6.335999480527286509e-03
2.095066990686244705e-11 6.335999363628766999e-03
5.117208427727495521e-16 6.333106634930818664e-03
2.596294146019732918e-12 6.333106533810239740e-03
8.735682524610172362e-19 6.316425208103633795e-03
2.509589707441249583e-12 6.316420270161771967e-03
6.187757215639335944e-18 6.312813666660095635e-03
2.862174315284106508e-11 6.312808775182598281e-03
9.877346740816416657e-15 6.241987699058342519e-03
1.429415998562629830e-14 6.241987689402642668e-03
1.998177215657544813e-09 6.222424119991028235e-03
7.626220053876669456e-16 6.222420394878590971e-03
2.148163474467643873e-15 6.099293203811627720e-03
2.559720087367635070e-14 6.099293191422648121e-03
2.232650236007330074e-15 6.084517474128243834e-03
1.469783983163142721e-11 6.084517145316841250e-03
1.463828040398681596e-16 6.074967045750641684e-03
1.316425963859200693e-12 6.074966602798129341e-03
1.593148632500486054e-09 6.063041181101894682e-03
4.311236631784740443e-16 6.063033543523259176e-03
7.979355724948974440e-15 6.015492274742986062e-03
5.003122579827857642e-11 6.015491870069202864e-03
5.900396280472264371e-17 6.014926076697504551e-03
2.607561412334650166e-12 6.014925641637974482e-03
1.371525005991835865e-19 5.880550015790446221e-03
4.742766315576870032e-13 5.880546248176302809e-03
1.326979929045826037e-18 5.877979013235720869e-03
1.077882657536592490e-11 5.877975180777844644e-03
2.483465392888928130e-09 5.851010007446779543e-03
8.157001761229687321e-16 5.851004416703023576e-03
1.657173663837902426e-19 5.840568952108916856e-03
1.096429775289379884e-11 5.840555489129811186e-03
6.186912593088172042e-18 5.836134541929887884e-03
2.531893563668992662e-10 5.836122722404805258e-03
1.060096121609311664e-15 5.779667188741502079e-03
1.075737555256611011e-13 5.779667177296866909e-03
3.988852888161091977e-18 5.740251475196347583e-03
5.971760789560800783e-13 5.740250072366811888e-03
5.786539158079404054e-18 5.737792530149940680e-03
1.121295474280558947e-12 5.737791301361426163e-03
3.052189873218048684e-17 5.656577305977816307e-03
1.839356500921689985e-12 5.656576536060047011e-03
3.538787731895895107e-18 5.653621434971447049e-03
5.005425583601846625e-13 5.653620368370296766e-03
6.239807513804029412e-19 5.624010618835636847e-03
6.565378738400726702e-12 5.624003050702306751e-03
3.408583969479024945e-18 5.620897535108412141e-03
2.829667484767039444e-11 5.620889775873230687e-03
4.807014786495514882e-09 5.597681159544417792e-03
6.484455517697728852e-16 5.597675773773428017e-03
1.244412374901106905e-14 5.523420292833495539e-03
1.483504492275201588e-14 5.523420286239531449e-03
1.860583666862529078e-18 5.433771365188817988e-03
7.781231501070632390e-14 5.433770966977098313e-03
4.615735967155357295e-17 5.433288930794359650e-03
2.602505794626765587e-12 5.433288579952974193e-03
1.242006727814118204e-09 5.428420463181528495e-03
1.840973469196012699e-18 5.428387307653073819e-03
3.381071235830555940e-14 5.424362830178148728e-03
9.413593462298563656e-14 5.424362824167520102e-03
9.361274680476310637e-19 5.356379077199656044e-03
1.266286136588544567e-14 5.356378628548612644e-03
4.766459743026559326e-16 5.351370664651764440e-03
4.752272203334944603e-12 5.351370485109392151e-03
2.094249442951805650e-15 5.348518255175497942e-03
4.693854360371029693e-12 5.348518115006793174e-03
2.940945129912812216e-15 5.299183257365937434e-03
2.378969218907067041e-13 5.299183237414085632e-03
2.228804428591079671e-15 5.298253248950101149e-03
3.088152974581931310e-13 5.298253218471916069e-03
6.006855260504582271e-15 5.271723192198330896e-03
9.841201242603506463e-15 5.271723186572949658e-03
4.167207356448818971e-10 5.243758747307308322e-03
3.046298859677706664e-18 5.243739821517203956e-03
9.807104585447674631e-18 5.231186825849496944e-03
1.065551473721826706e-11 5.231185343094801009e-03
2.618030951056862650e-19 5.227729291227728101e-03
1.801028631674137332e-13 5.227726702884820040e-03
1.362598258311820893e-17 5.203060389193370910e-03
2.269618414581248287e-12 5.203059315568910742e-03
2.382130656195217240e-18 5.202945286102312467e-03
1.223958430562538261e-12 5.202944305274690220e-03
3.214773318332191608e-20 5.117131500280612533e-03
3.085274216584675064e-12 5.117121116697390983e-03
4.638258000065668699e-21 5.115905608187645663e-03
2.219832936171303400e-14 5.115903748263308723e-03
6.746901040985640902e-21 5.113428086018393520e-03
1.827780415447080236e-13 5.113419083679466258e-03
2.463049335349639896e-16 5.092034779683250745e-03
6.412908898160608799e-15 5.092034765701651880e-03
4.027036984144549733e-11 5.066121632531013497e-03
5.381076241820457130e-18 5.066116243216762551e-03
1.882862716325623037e-17 5.042178919354654495e-03
6.993439121486779697e-14 5.042178783900562108e-03
9.770515487636179829e-18 5.039042789462734422e-03
3.719904303650364278e-15 5.039042717432943436e-03
1.392169895417207784e-19 5.031711453869405076e-03
6.181993001947354324e-13 5.031708004400418585e-03
1.470774935048665062e-19 5.029887688129541443e-03
4.025027511328796105e-13 5.029884133419527253e-03
8.411745214442780200e-17 4.943140884326226343e-03
2.411571198746605215e-14 4.943140859204625363e-03
1.236262711307312554e-19 4.931009409475567255e-03
1.140403141156655054e-14 4.931008756504633855e-03
1.499600518575952579e-18 4.928993204013939859e-03
2.882377928480516611e-13 4.928992315333695015e-03
4.346171946426152434e-11 4.906753328309627557e-03
1.243069359340300524e-17 4.906749612192963170e-03
3.108818280366378176e-16 4.885507249275747484e-03
6.657837028813858519e-13 4.885507147807132723e-03
1.007399169662131577e-15 4.885415278806847124e-03
2.667386237586906830e-13 4.885415238384402219e-03
6.338742282471412866e-18 4.865355149025068354e-03
1.038630119753656300e-12 4.865354447572359069e-03
1.846696324039181079e-18 4.863433060288318080e-03
4.888567020301994126e-13 4.863432361833993321e-03
1.841919101676513026e-09 4.855779793761259150e-03
1.235328961078093417e-17 4.855760021349085458e-03
2.812046627081062414e-12 4.815190002265478178e-03
2.765446717723874387e-17 4.815189275957894657e-03
6.086922358735055398e-20 4.802010900253275358e-03
2.590784674950057219e-13 4.802005815263149340e-03
9.662055339310993747e-22 4.801692601516375537e-03
1.224765604690961373e-13 4.801686023842019826e-03
1.365381936426198461e-19 4.788663908781967508e-03
1.730806209328505529e-12 4.788658535889328029e-03
3.851611446301028169e-20 4.788368274733494079e-03
6.683307474436730070e-13 4.788364701464349962e-03
3.627171442113234062e-17 4.773130955712111441e-03
2.870716645590782553e-14 4.773130910299718845e-03
8.989343680046823825e-19 4.737641202710559177e-03
2.149692643308329136e-13 4.737640397205214460e-03
9.568957270639276260e-20 4.735502574053764534e-03
2.859121874940067181e-14 4.735501596395910555e-03
6.824617509867984625e-16 4.716779411882236588e-03
1.298520275893514147e-15 4.716779406977044016e-03
1.684922576494972881e-10 4.698166622409729806e-03
8.276607099480610215e-17 4.698163719355025192e-03
2.776088342744668222e-11 4.649728543571073243e-03
1.723652940487123817e-17 4.649726349632117388e-03
3.229903079903714640e-20 4.623683244075024040e-03
7.262221299691046397e-14 4.623681982382370041e-03
4.726531484798578301e-20 4.621514265961540295e-03
1.188354521964421394e-14 4.621513439218637859e-03
2.388598024395136740e-20 4.608408566033865214e-03
1.238152908884690957e-13 4.608405712590586678e-03
3.554155260775747535e-19 4.605327461400927219e-03
9.379981041385703522e-13 4.605324933609659249e-03
1.364687312699132982e-16 4.600027941967239908e-03
7.704939233096600183e-16 4.600027937745329761e-03
5.800577295416947634e-18 4.566835477687426932e-03
1.064949200519784932e-14 4.566835398463052476e-03
3.448097858225617731e-17 4.564654048551955445e-03
1.714786099565123351e-13 4.564653934030309806e-03
1.804432900396425231e-19 4.538160481216190444e-03
2.093123377863360664e-13 4.538158637002426971e-03
1.162361792926153635e-20 4.537370296178507706e-03
1.847695388528192222e-14 4.537368665051610093e-03
3.202862361649564744e-18 4.531243686213133962e-03
9.990011924533793111e-15 4.531243581858505724e-03
1.405563919371832986e-10 4.528312525740971206e-03
2.010500939681713745e-19 4.528291448694381389e-03
1.513627568345884656e-18 4.515761895920276416e-03
2.456078820903796659e-12 4.515760351205124618e-03
2.664342782844023578e-20 4.515001121512905898e-03
6.612202037397329742e-14 4.514999014754974595e-03
1.286904978312930473e-11 4.480581554898340792e-03
4.051710885399563161e-17 4.480579788163553678e-03
1.042372586294933486e-11 4.480462876645491602e-03
4.309742349047197471e-17 4.480461888177175722e-03
6.148816212137110903e-17 4.478247466041646550e-03
2.062995589575448130e-12 4.478247310349179819e-03
5.181956848891000236e-19 4.462813999367363539e-03
7.084384818865735316e-14 4.462813380767745829e-03
9.609840850971422468e-16 4.458955543877413281e-03
3.073225264930184104e-14 4.458955535614659085e-03
1.165153219520543972e-15 4.456229220430004030e-03
6.811050037171510912e-12 4.456228989400986933e-03
2.608022346339189588e-11 4.440414154287583744e-03
8.061820176317118391e-17 4.440412924378842920e-03
1.479538341375794276e-18 4.420026825780585047e-03
3.798504853272449609e-14 4.420026593181830554e-03
5.716625925131726263e-19 4.419498220119601369e-03
5.331727309158872537e-14 4.419497618322268048e-03
6.457571581029819136e-19 4.404469757124485768e-03
3.885955543329539395e-13 4.404468273134063902e-03
5.346519030830817213e-21 4.402771023284908491e-03
1.659563702929874186e-15 4.402769806262396210e-03
2.524330588805403284e-20 4.377397407447861793e-03
1.184093090414883204e-14 4.377396519724087963e-03
7.247168461359760544e-19 4.376104089884077196e-03
2.608761883700541708e-13 4.376103455936275824e-03
2.467157980872251097e-12 4.370476560338138611e-03
2.097221032334439813e-17 4.370475991187549973e-03
4.561539411630787766e-16 4.356975440139558391e-03
7.799981188247062094e-16 4.356975437488194887e-03
3.066137512105794676e-11 4.334626170563723145e-03
1.099766647917769884e-17 4.334624485133688893e-03
1.893653483248648222e-18 4.331696243968488971e-03
2.082429303761748234e-14 4.331696124789637288e-03
1.346378860002076588e-11 4.329012657796792000e-03
3.694974907280042279e-16 4.329012240249232972e-03
5.237121189475598449e-17 4.314957432992695859e-03
4.799002140534444281e-15 4.314957423925445436e-03
1.787942565582261765e-22 4.298449737364260989e-03
5.902105143611815808e-14 4.298442531967512983e-03
1.664641333335946325e-21 4.296759414674605239e-03
1.868998513023494824e-13 4.296751925079729528e-03
5.323772438364893353e-19 4.291428460840774305e-03
2.234307507877872921e-15 4.291428339692215238e-03
9.673935967564361045e-19 4.264524553958829768e-03
7.470433377457710714e-15 4.264524401025790272e-03
2.050745747220939908e-18 4.264411810477799526e-03
7.759257842327707041e-15 4.264411739911286824e-03
6.837624938623170840e-11 4.248383211664805148e-03
3.442302290705849243e-18 4.248377114283382466e-03
3.332991069151185941e-17 4.234784556199740028e-03
1.353800257138520171e-14 4.234784518643169328e-03
5.095105259378775502e-12 4.233121774323615055e-03
1.078858138921583466e-16 4.233120985042373129e-03
1.625594876725407383e-15 4.227788703870430376e-03
3.552417995349484856e-13 4.227788665628224966e-03
6.531343148615116000e-12 4.226012447236025468e-03
1.968874202265879706e-18 4.226010652794932355e-03
2.749644852935064545e-20 4.224160431956506395e-03
2.003466944909943433e-14 4.224159476295266148e-03
2.526241822572768349e-19 4.221056009635655928e-03
8.547773038418054687e-14 4.221055099900526686e-03
6.065154304144279396e-14 4.190641880830021059e-03
2.287618969106248022e-19 4.190641145285190286e-03
3.970988007308564459e-20 4.188899370505494608e-03
7.661541051691987186e-16 4.188899215480105381e-03
1.925686869825368781e-12 4.185832163437890399e-03
3.566465074033270623e-19 4.185828694782092047e-03
2.933748720159519648e-19 4.169508339733695758e-03
1.145935244588386488e-15 4.169508251746511379e-03
6.521347772022116929e-19 4.169422283862301605e-03
9.914418258395414521e-15 4.169422202357957533e-03
1.298516409727969669e-17 4.150449584497946202e-03
9.328800695914782700e-17 4.150449581194236466e-03
4.969537730201550542e-12 4.146289005681608013e-03
8.077258496908056984e-18 4.146287867573474235e-03
3.201840752569173184e-20 4.130629900202158721e-03
4.778608482102098201e-15 4.130629577813532509e-03
3.906157121948993011e-19 4.126272478443764047e-03
3.493138990999591669e-15 4.126272289114391555e-03
2.038726791545726872e-21 4.119896512605130713e-03
2.830326626081673253e-15 4.119894961430726511e-03
1.482539775953594806e-19 4.118357809111306174e-03
1.786623717723196422e-13 4.118356420088466717e-03
4.345774774832329046e-19 4.093940399813193742e-03
2.080709625019209305e-14 4.093940076586683949e-03
4.233715200697287253e-20 4.093090735618023709e-03
3.818969288371787877e-15 4.093090391999149903e-03
1.250391411995698247e-11 4.084410202697900255e-03
2.807939247856238506e-16 4.084409944723911730e-03
1.058904034539323743e-16 4.082477005874886669e-03
6.696144887287437769e-16 4.082476991860596073e-03
1.871514293662338355e-15 4.076166053430360821e-03
9.967983210437364332e-15 4.076166037036870957e-03
1.410715190350515013e-15 4.075410754280226616e-03
8.883973808420449590e-15 4.075410739354722207e-03
2.493127052974099028e-12 4.067997720438314320e-03
3.838202737816207921e-16 4.067997339640363856e-03
6.348270632765921898e-13 4.067573815181871333e-03
1.421606629694049080e-16 4.067573724698770286e-03
4.497486941820639457e-11 4.065996647309290044e-03
5.199187724995499623e-19 4.065988114478800985e-03
1.130972288700788065e-18 4.063902519891714193e-03
1.728018686290967029e-14 4.063902275589279141e-03
3.755770450695851450e-17 4.063747240969959630e-03
2.818085612906137454e-13 4.063747200819886260e-03
1.219089767903264577e-17 4.054706276042984413e-03
1.748844503313475942e-15 4.054706217658847478e-03
1.334693130912174867e-18 4.044946455597560331e-03
1.973887914824988638e-15 4.044946394976226857e-03
1.231602872657661981e-20 4.041775432299539970e-03
3.511027983298172371e-15 4.041774834917104785e-03
4.792216227370145553e-19 4.040244471214595248e-03
2.285422130052277398e-13 4.040243394290152397e-03
2.406183363279911198e-21 4.034581597975440623e-03
6.748741280018874930e-15 4.034578561297820325e-03
2.532145226961044797e-21 4.033853786626441507e-03
2.135370232885435253e-14 4.033851070209244424e-03
4.587155549054641027e-19 4.005691799936266992e-03
1.274351166021776829e-17 4.005691795070651269e-03
8.231475925964920254e-17 3.986840172267139965e-03
7.355476201098780744e-15 3.986840162692842880e-03
2.254358716580098857e-21 3.986328870860577148e-03
7.888870869508333089e-18 3.986328805854609525e-03
9.573556940314508390e-13 3.976199970534153617e-03
2.517155037123799970e-17 3.976199805227479019e-03
2.333950529577725710e-19 3.968106796876077168e-03
5.569099292735779718e-15 3.968106627577227055e-03
1.605147113299090328e-19 3.967568730774669386e-03
1.220660800603539742e-14 3.967568349912548899e-03
6.214567984162085411e-20 3.964095846568706574e-03
8.068614657135546582e-16 3.964095721146137542e-03
6.622901511914153013e-12 3.955999622398800875e-03
2.281619488412133554e-17 3.955999073865863053e-03
1.719714611856074175e-21 3.953834330329505757e-03
1.571080613885150184e-15 3.953832812533026111e-03
8.903728369444020350e-19 3.952248169335505039e-03
6.801646817503825532e-13 3.952246975998650359e-03
1.181545954562072772e-16 3.941425508650626096e-03
3.050599773852889502e-16 3.941425506644067114e-03
1.620288916797117791e-12 3.930542392651468174e-03
7.825656263965473100e-14 3.930542385251206347e-03
2.186901468470757369e-16 3.918673935602433323e-03
3.839889526147311816e-14 3.918673912492706517e-03
1.384556642094982535e-19 3.917452504913885095e-03
6.238322398726528755e-15 3.917452288906495168e-03
3.090381249713098545e-20 3.909621846846116078e-03
1.700549981098643187e-14 3.909620934080670386e-03
2.760979334205510693e-20 3.908510358624458711e-03
5.861969593829592940e-14 3.908509262706673371e-03
6.420602954168979710e-17 3.889761310003557807e-03
3.551703061819028158e-14 3.889761276153981453e-03
5.360578609486390966e-11 3.888541432455639574e-03
5.756319458523880553e-19 3.888534594450152211e-03
3.790158739399446408e-18 3.885326958004739484e-03
1.291817130319105360e-12 3.885326379237679598e-03
3.622738062094148199e-19 3.884950452925492546e-03
2.491512836085071893e-13 3.884949904021850822e-03
3.036730783357695190e-11 3.850692598523248068e-03
1.191217834776613343e-17 3.850691280234790938e-03
3.244982033561968185e-18 3.849742107913703328e-03
1.758442330612005200e-15 3.849742088590888279e-03
2.953781102282168530e-15 3.849375652415768911e-03
9.571020571840719030e-13 3.849375634115489650e-03
4.316829745544830901e-17 3.843912932948222692e-03
1.809767699442426201e-16 3.843912930270982319e-03
9.057147003254651652e-18 3.838277691600120670e-03
6.301620185918883324e-15 3.838277649965915039e-03
1.438823237359343721e-16 3.837935418862478774e-03
2.740143660584229576e-13 3.837935386566987839e-03
1.110789449561218465e-19 3.829853516533561399e-03
4.068682977228356078e-16 3.829853432953232543e-03
3.654527983148104762e-16 3.827018035019055103e-03
2.691585294831086846e-13 3.827017997070250414e-03
6.290042239100999799e-12 3.821917367102888215e-03
4.196922930611772364e-17 3.821916954798025654e-03
7.625921424684405348e-20 3.819808656447387391e-03
8.810294694309685741e-15 3.819808383776949947e-03
7.002227066013797066e-12 3.818032366371589166e-03
5.499899108670835323e-17 3.818031918589140893e-03
4.683481431442664344e-20 3.810793013440527156e-03
1.219439256787422325e-16 3.810792956991831612e-03
1.309312960668334278e-16 3.809968419090479282e-03
1.633345945456834519e-13 3.809968380423724155e-03
2.705390711826933756e-16 3.805525705792013949e-03
1.024267829817154440e-15 3.805525702862545216e-03
1.116572718559130145e-16 3.786350413718651310e-03
8.774402493770062405e-16 3.786350410680579346e-03
3.528010175288262073e-12 3.771442784572785062e-03
7.559219486090381886e-18 3.771441998154889848e-03
9.613291003304494492e-18 3.769270241389458247e-03
2.481812010547134671e-12 3.769269890462075608e-03
6.586366510911076305e-20 3.768384025577874510e-03
8.700073097995636593e-14 3.768382655267329354e-03
2.142290489912281520e-21 3.757417530482619512e-03
3.518655917813990910e-15 3.757416758200936464e-03
5.313845153170824237e-21 3.755389116393635651e-03
2.892094904153901249e-15 3.755388413778100454e-03
1.304284101487159005e-17 3.742936847109942181e-03
3.146009864398988342e-13 3.742936686426032861e-03
2.572464711773952428e-18 3.739705819672556244e-03
9.719501877605901866e-13 3.739705585776187825e-03
3.597202698290135805e-19 3.739356402548448238e-03
7.576968227495578889e-15 3.739356146542426301e-03
1.570555074350912157e-21 3.738587052370887388e-03
4.885663842012500026e-15 3.738586182987939377e-03
1.750016065117694405e-19 3.737610676941379838e-03
9.870459766930183818e-14 3.737609911609392384e-03
1.106439278013411723e-20 3.721071608282710934e-03
1.277513004342465678e-15 3.721071468258789657e-03
1.027641321144447284e-15 3.721032793441949715e-03
5.055298454613001484e-13 3.721032765258188400e-03
6.639460602799104075e-13 3.715894596670606120e-03
3.011207666907458423e-17 3.715894384091376294e-03
1.963167485772055252e-17 3.712112391086322665e-03
1.835926536118414716e-15 3.712112381848120882e-03
7.855979938935712286e-13 3.707132752715039305e-03
5.653379221813671601e-16 3.707132735028150460e-03
5.586198172419746282e-18 3.706587094572127376e-03
1.099898763780297003e-14 3.706587047764390002e-03
3.242894840262045557e-17 3.703035883634597705e-03
1.591118902261558102e-14 3.703035847951572593e-03
4.335617930571030487e-18 3.701380193624086590e-03
2.350833554335260572e-16 3.701380188685166658e-03
1.046657325591711550e-19 3.694205344542471695e-03
1.215489164336110309e-14 3.694205094740097596e-03
5.491776660127580693e-20 3.691277692733536953e-03
1.949406221211701541e-15 3.691277488234360679e-03
1.015050981641769690e-19 3.686392780364833224e-03
2.965761100438874280e-16 3.686392715529236263e-03
1.705413827100894655e-18 3.685209165759041530e-03
1.457115127106182087e-15 3.685209133823833579e-03
1.466327620653680791e-17 3.682889758506727434e-03
4.881959139341412704e-17 3.682889755022154561e-03
1.191754027723680127e-12 3.665357131174267358e-03
1.414748184400654858e-19 3.665355101566943139e-03
6.712734801630866377e-17 3.664015864347354174e-03
4.188112146936588577e-15 3.664015854070462423e-03
2.442707189908021658e-14 3.663020104694140848e-03
1.161896103104951913e-17 3.663020055646247063e-03
9.635857997255799606e-18 3.652485138544510519e-03
3.489271456587791503e-17 3.652485136868805372e-03
1.304066876821915874e-20 3.639714362660238702e-03
6.638635536215248851e-16 3.639714166466257936e-03
7.076260552621788839e-20 3.639300189721520872e-03
3.560839387753045482e-15 3.639299940761077032e-03
2.641167566943406193e-12 3.628845464953198673e-03
2.032061862302794239e-19 3.628843509576729857e-03
5.388864282716421391e-18 3.628356729840209217e-03
1.560425226949516124e-14 3.628356695834962682e-03
3.106865543641174072e-13 3.627124294067739143e-03
2.162868982166519939e-17 3.627124180280698156e-03
1.443511675611916193e-17 3.624382114798809559e-03
4.435377826234637031e-15 3.624382092065059346e-03
4.609342368577982158e-12 3.620186229191511753e-03
1.842370393457154951e-17 3.620185909504570337e-03
1.834581578572715429e-16 3.615459605098966279e-03
5.584995904503785166e-13 3.615459540731309675e-03
2.346472775686743878e-19 3.615300818229543692e-03
2.619245673061347210e-15 3.615300692607684423e-03
6.897015111608748064e-12 3.612828753279070850e-03
1.109139760320673888e-15 3.612828672685817859e-03
8.659763889783078157e-17 3.607632753740763320e-03
1.303199248151712203e-15 3.607632749611373781e-03
9.348924766349449806e-13 3.606924923644854678e-03
3.401203896642875182e-13 3.606924919890185360e-03
1.144439243629326263e-19 3.601096376836010124e-03
1.749321024791457034e-16 3.601096345986698737e-03
2.586397154888170175e-18 3.598999254454137309e-03
2.196844822958717348e-14 3.598999189418172848e-03
3.012791582886892370e-18 3.598393970448103898e-03
2.538297078173826429e-15 3.598393953718828815e-03
1.264230105381618184e-15 3.597856877513550510e-03
3.718661544761507707e-14 3.597856871154899924e-03
7.408890939514209191e-18 3.594526135354264053e-03
3.408264542971649245e-16 3.594526124238623093e-03
5.817831139662143806e-12 3.591123277009022376e-03
9.551367919301514957e-16 3.591123187437720611e-03
3.283720763001048929e-21 3.586082500409234000e-03
2.634136947721316900e-15 3.586082100127402448e-03
3.297071576849858346e-19 3.584328708370031809e-03
6.258096788780321577e-14 3.584328306635064902e-03
1.358979158648448832e-18 3.577367581037690751e-03
3.325644950964503039e-17 3.577367575270280764e-03
4.071430095778723039e-17 3.567999484843155291e-03
2.333672694715555712e-16 3.567999481830798434e-03
6.945166851179122795e-19 3.567319100580292144e-03
1.885407705098111521e-14 3.567319047099886276e-03
3.184680336323239546e-19 3.565875854406056356e-03
9.234133977917747311e-16 3.565875808161117922e-03
3.880279333593790913e-19 3.549940822901670977e-03
2.835687904913995640e-16 3.549940796132370225e-03
5.468549051440897889e-16 3.546773561219445075e-03
4.667010113853834389e-14 3.546773550513769146e-03
3.334025616041234441e-19 3.543290095832202571e-03
1.861778032254475732e-14 3.543289862080416849e-03
1.341798707871388231e-19 3.542915012009203307e-03
1.007605923673416715e-14 3.542914669400452476e-03
1.548527050842780903e-12 3.540762764535799068e-03
3.635303264382017230e-18 3.540762189484871619e-03
2.066729267049714145e-16 3.537732390556979148e-03
7.379454678042356644e-16 3.537732388653435419e-03
1.893565733866877307e-19 3.530215220920081883e-03
4.028206739198367268e-15 3.530215078078810954e-03
4.402056982669326243e-17 3.528293145497034180e-03
3.567587799726236529e-14 3.528293105725830922e-03
1.545250442042175773e-18 3.526224606823704678e-03
6.399340788512725417e-14 3.526224344530365720e-03
5.305182410469991130e-20 3.524455711806653239e-03
6.700335130118865974e-15 3.524455380516263586e-03
6.406511049578437006e-14 3.522711306917919449e-03
1.311515422570986729e-16 3.522711288587236124e-03
6.361646524795115957e-18 3.518830990448727943e-03
8.187738946647194141e-14 3.518830877742602694e-03
6.835588415453341104e-17 3.517939154811584000e-03
1.433071315725098455e-15 3.517939151944545362e-03
1.377012939408607757e-18 3.515073428436969998e-03
1.057416255123820216e-15 3.515073381557294076e-03
1.616883524781059816e-17 3.510981382105384917e-03
1.098253376436401079e-14 3.510981355304536051e-03
1.601348571142358620e-12 3.509782317433604495e-03
4.735213690145558949e-17 3.509782142472615656e-03
1.766965057448344042e-18 3.507570456125653525e-03
3.501082621512982527e-14 3.507570324714333766e-03
4.363995645500518984e-18 3.506836397025835973e-03
8.681692207899058765e-14 3.506836335093808325e-03
8.876100617595820858e-18 3.502938676503243327e-03
2.728209037682265116e-15 3.502938673390978107e-03
2.470348646620833992e-16 3.502009319271513245e-03
7.644947936971620183e-14 3.502009304255634514e-03
2.182307333715103942e-16 3.498076627599462553e-03
7.233050923701851848e-14 3.498076607040052476e-03
1.783761959718514629e-19 3.495029010564493915e-03
2.193461983979583459e-16 3.495028975594443189e-03
2.731467377995709382e-13 3.491094275332823089e-03
1.061720774203895461e-15 3.491094257615195377e-03
9.190842250498230592e-18 3.490197227227084375e-03
1.101014156216418939e-14 3.490197199053161111e-03
6.864951330318026543e-19 3.489688314388270964e-03
2.926565313877847531e-16 3.489688297507897562e-03
2.101558672501979732e-18 3.485495200370839191e-03
1.311399473532541288e-16 3.485495195230068569e-03
7.059247054711906618e-21 3.472029357748015847e-03
6.689217747401296510e-17 3.472029298699170607e-03
2.928973455600737933e-19 3.471239419741204563e-03
1.244480644606811551e-15 3.471239371660652002e-03
1.792787697456853613e-18 3.469739268294937378e-03
3.059435521901512126e-16 3.469739251180088777e-03
1.239463091446144293e-14 3.466983552521427786e-03
1.524052793632774475e-14 3.466983550216857189e-03
2.130135128039996838e-17 3.462654977800001463e-03
5.349723734773112839e-14 3.462654932577728922e-03
1.032038330305239991e-17 3.462520970133627259e-03
1.516386414707521486e-14 3.462520937540907937e-03
5.472538060261228520e-12 3.454175130781823172e-03
3.977546801940682506e-18 3.454174269216741307e-03
3.449958967815994450e-16 3.452490927479760861e-03
1.207095222986247654e-15 3.452490924630204332e-03
6.573159069502572906e-19 3.450682079177182660e-03
2.573352116331371505e-15 3.450682016867735995e-03
2.403458330951025577e-14 3.449647652036153499e-03
3.524395504259064859e-14 3.449647649486991229e-03
5.872269442816358336e-19 3.449457325369193784e-03
7.077017952906791058e-15 3.449457260099421992e-03
2.074685919082680679e-16 3.443870993247395273e-03
1.880992735135926377e-15 3.443870990102097449e-03
1.902783305875511272e-17 3.441253247511869961e-03
7.226073403133716493e-15 3.441253230174111562e-03
7.751247229478907969e-18 3.440053521739010710e-03
8.485561715555296016e-16 3.440053512401321668e-03
1.367090592861072540e-18 3.435138887871146303e-03
1.561062116058939597e-16 3.435138876223315599e-03
5.465474650421055173e-18 3.430444755289092061e-03
1.060761943740429844e-13 3.430444712626133392e-03
4.324225994376983533e-17 3.430342941628253088e-03
7.597537433346967515e-14 3.430342891338446481e-03
4.401303452173791538e-15 3.428141278558446275e-03
3.494827158657935625e-13 3.428141269402780467e-03
8.527224819143590763e-18 3.425001033119720074e-03
2.477349080938920166e-17 3.425001032341499704e-03
8.085693872229381376e-22 3.421796020648279046e-03
1.146656256008722326e-18 3.421795974978840763e-03
2.348058416022162554e-18 3.420852853293743657e-03
1.699245873338372878e-15 3.420852825906798515e-03
1.458339940047654075e-12 3.418112906155227303e-03
1.072852963523282704e-17 3.418112753570015042e-03
2.308763673655775818e-13 3.415874049313926807e-03
1.072959948761212366e-13 3.415874047822398119e-03
9.025723487670387780e-20 3.415247603632559897e-03
6.514506119209625403e-16 3.415247526446033195e-03
8.440375404339425587e-19 3.410612328045582817e-03
9.465831727560846727e-16 3.410612304761519338e-03
2.546222598032473321e-17 3.409467588480144615e-03
2.783079908420302675e-14 3.409467570517495886e-03
3.386886539029986314e-17 3.407519829772635064e-03
1.417939204005174757e-14 3.407519810401234313e-03
1.057582044019844888e-17 3.400877846943404365e-03
1.898904449234200792e-16 3.400877842283097068e-03
8.410995673191945968e-20 3.398715669709333198e-03
9.573210123520562455e-17 3.398715649540694737e-03
5.324591539483901622e-18 3.398375018098323541e-03
3.626767160168477104e-15 3.398375000163259083e-03
2.509421748664261707e-16 3.395521884688604795e-03
3.088180362169500369e-15 3.395521880446008070e-03
3.759812635274945488e-14 3.395509469442910006e-03
5.962719347051255395e-15 3.395509467097373914e-03
1.851470715366322606e-16 3.387380336563524611e-03
8.278109242922616754e-14 3.387380321729925418e-03
1.084758410026038021e-16 3.385418716188884521e-03
1.473406638598619197e-15 3.385418712765124981e-03
2.810748003826531022e-13 3.384588609515739970e-03
7.616391449649600798e-18 3.384588517150411043e-03
4.160735216581949589e-19 3.383923924564069454e-03
1.278825283279838523e-14 3.383923817648354891e-03
4.328813144287312917e-20 3.381359931193180738e-03
2.693229312692686384e-16 3.381359860429608653e-03
1.474404180349846180e-19 3.380360843525050379e-03
4.824730488030367549e-17 3.380360826647233093e-03
1.256884131517091398e-17 3.376270865395646862e-03
9.903170795858874880e-16 3.376270856204382359e-03
5.044705426071321934e-18 3.375965108316387846e-03
3.334062646645197721e-15 3.375965090993378933e-03
1.310303787830183097e-18 3.370341777858230740e-03
8.975275526596454142e-17 3.370341772477741284e-03
1.101285383312272164e-16 3.369543757749541516e-03
1.539469276795042813e-15 3.369543755126284870e-03
5.424170794834268643e-14 3.362719637944046672e-03
8.016149446350608061e-18 3.362719541713858791e-03
1.064830383118431988e-16 3.357021988455575600e-03
5.287525446902152085e-16 3.357021986415813578e-03
2.413225190033969817e-14 3.355308678966750432e-03
1.079679098961788828e-15 3.355308673816186429e-03
1.447516108270414379e-17 3.353736389719163581e-03
2.542772034778779784e-14 3.353736367208118470e-03
6.674584493548469567e-18 3.353576466791330455e-03
9.257351465155749712e-16 3.353576455201028386e-03
3.654468550716739808e-19 3.351894488668052431e-03
3.145929380515032234e-16 3.351894469030427572e-03
4.681594444181615578e-19 3.350132481919048527e-03
1.492859059059702686e-16 3.350132474179187692e-03
7.101640839151115861e-17 3.348661696436774308e-03
3.387595252228726719e-14 3.348661681431839513e-03
5.327954744425410785e-13 3.345392621357175331e-03
1.619599967045689973e-17 3.345392490624527967e-03
8.544223426342027775e-18 3.345095601530386452e-03
1.302509200964676587e-16 3.345095599267359880e-03
2.746152929958446829e-18 3.339783827529802743e-03
1.020605352837906085e-15 3.339783817199346635e-03
2.457036378543328546e-15 3.339554049158807887e-03
8.577987709736828901e-15 3.339554047952755702e-03
3.250723862848869314e-17 3.336409866077192851e-03
6.166891060908910266e-16 3.336409862035678766e-03
4.724070652686447971e-14 3.335514371325123354e-03
1.912748448722482069e-16 3.335514354987685875e-03
1.524948829013876096e-14 3.334085758659993421e-03
1.164356518726421009e-17 3.334085734060428415e-03
2.124854724120001574e-18 3.331566782561573483e-03
3.482797122258107969e-18 3.331566780773486010e-03
2.810064728759211045e-18 3.324749311776395606e-03
2.266301568442183792e-15 3.324749302500825711e-03
2.538352846079911340e-19 3.323654484774268142e-03
1.552581854855600972e-16 3.323654474963777614e-03
5.501306597844032486e-14 3.321915187088771929e-03
1.736254044018421831e-18 3.321915072222075913e-03
4.860948200354400259e-15 3.318862169564712646e-03
8.873935159762397680e-17 3.318862163828851641e-03
4.719729276108059996e-18 3.318197609041425092e-03
2.264831452948642784e-17 3.318197606807770424e-03
2.405762964565842914e-19 3.313930973453135462e-03
3.642417343203040447e-19 3.313930971749086667e-03
2.401347858992262864e-14 3.307976118078976950e-03
3.438628291995984677e-16 3.307976113090358491e-03
1.508724151263166749e-17 3.306970794576417471e-03
3.667078113576418421e-16 3.306970790073642582e-03
2.501638718159374904e-15 3.305840825422840315e-03
4.991113486177919339e-17 3.305840819317983244e-03
3.717479132121426334e-20 3.301461013458189750e-03
2.734032043005987615e-16 3.301460998011679793e-03
2.498844880052146417e-18 3.301057234203190298e-03
1.617492445136412326e-15 3.301057213299716901e-03
2.286006090519655412e-17 3.298717110125781379e-03
3.357060300371172180e-15 3.298717093698807449e-03
6.694442797634191106e-21 3.298561586808020779e-03
3.369911404020318877e-16 3.298561554195475736e-03
4.882817396829761693e-15 3.296601157150170613e-03
1.398151688545573076e-13 3.296601154469770006e-03
1.314238753300673435e-19 3.292756998337887601e-03
2.357963139176080447e-14 3.292756986831926053e-03
3.068823404026384051e-20 3.291707637641580215e-03
1.807879666571145437e-16 3.291707620868263972e-03
5.532215385730987540e-14 3.288496776650177891e-03
5.718974908387300958e-17 3.288496764940635701e-03
1.056782329807755767e-17 3.287146437853597468e-03
2.782173632137094245e-16 3.287146434268598417e-03
6.930964688469655974e-14 3.286875817203291882e-03
1.088507020564590911e-16 3.286875803748543282e-03
2.514419871426680432e-18 3.285551705904647072e-03
3.197303988174361669e-16 3.285551695597581975e-03
3.341998613284686892e-18 3.281444349998816935e-03
4.456070968388222716e-18 3.281444348742202765e-03
2.287565372318422310e-19 3.276891121395114539e-03
2.911337321508314555e-16 3.276891089227163510e-03
4.970215924758984804e-19 3.275229015152415074e-03
1.101425764299096499e-15 3.275228976818386414e-03
1.917971724593749283e-18 3.266844742468723740e-03
1.609486418640460651e-15 3.266844728856613603e-03
1.061173168332108347e-17 3.266722119681571626e-03
3.698394440773393434e-15 3.266722108180825524e-03
8.344161378119383561e-14 3.266554830833204390e-03
2.963513233407684034e-17 3.266554828600964390e-03
6.477976788211137183e-18 3.264310400956104558e-03
2.714683675707071864e-17 3.264310399873985788e-03
4.611524421942443671e-17 3.262714680082257762e-03
1.685176610425915983e-15 3.262714677291203916e-03
9.931526010723668661e-17 3.262696685393595437e-03
9.411912065030184534e-16 3.262696683600665917e-03
4.587317191963365412e-15 3.255052806321516098e-03
3.944654563712474730e-17 3.255052798345447074e-03
2.478106979392186323e-15 3.253454423444957291e-03
5.847023448277554996e-18 3.253454404246232650e-03
7.498355004221112000e-18 3.252506181262911859e-03
2.852416583940752026e-17 3.252506179429244526e-03
5.509505158586003110e-20 3.248748340293088933e-03
6.069293605024511889e-18 3.248748335952890594e-03
8.095939284805969460e-21 3.247053873354993538e-03
1.097731947238429992e-17 3.247053871769481435e-03
1.887480770633548228e-18 3.246064173792299890e-03
1.399742454046675839e-16 3.246064172466166242e-03
1.454247827094225259e-19 3.245081517229736392e-03
1.645117229966112302e-19 3.245081516234668648e-03
4.223203717511774730e-15 3.242939937545997672e-03
2.525940235902832706e-16 3.242939933665869683e-03
4.875692054593662628e-20 3.239861889467738742e-03
1.702519854962361504e-16 3.239861886060592649e-03
7.662568334341837192e-18 3.237998887943795926e-03
5.132886537693165783e-17 3.237998885752759078e-03
6.366341835052794603e-24 3.235864291333409408e-03
8.317556563934709942e-17 3.235864272117602945e-03
2.354859104510370586e-23 3.234130257128143421e-03
2.365965152339845448e-17 3.234130237364812692e-03
3.366275872660781649e-18 3.231410167147958333e-03
1.425921713603897813e-17 3.231410165735010883e-03
5.855381625847642961e-18 3.228695112706321448e-03
2.570821203767249047e-17 3.228695110010488742e-03
1.117047420108895125e-18 3.225730061256397094e-03
1.658272939013918494e-17 3.225730059539373435e-03
3.846469340930884291e-20 3.224703405442062940e-03
1.918255523065649793e-18 3.224703401401132156e-03
3.535214163536588145e-19 3.224155015783074316e-03
3.272594073003288032e-17 3.224155009272222129e-03
2.229017425331066058e-14 3.214615824203787778e-03
3.174869680613206938e-16 3.214615817637593576e-03
2.202408557366161258e-17 3.210535073113698293e-03
3.572674741185743745e-17 3.210535072791606548e-03
2.749481580234733275e-17 3.210012429106634275e-03
4.906538055108065666e-16 3.210012428050788760e-03
1.716188058259248390e-15 3.208066466559988863e-03
1.597147310171361930e-19 3.208066451594051519e-03
1.530277290246565141e-17 3.207840446162356623e-03
2.942092243734691107e-16 3.207840441897462196e-03
9.027653376890688085e-18 3.203038019669954967e-03
5.739883058627677246e-17 3.203038018251247367e-03
5.738176507918902519e-19 3.202975738747216444e-03
3.618684160650743697e-18 3.202975737788005869e-03
2.932505841569073487e-15 3.199912858834561696e-03
8.436093688792881133e-20 3.199912833248406974e-03
4.985102879031335495e-20 3.196546293225224246e-03
4.126083419506458232e-17 3.196546289582955468e-03
6.062690641164670778e-18 3.195357547957380223e-03
2.712500920041933805e-16 3.195357547289005579e-03
7.402317834145316486e-18 3.193791629270076662e-03
1.379166120226298944e-17 3.193791627863838689e-03
2.341989628631467144e-21 3.193174167877508782e-03
1.450566634045419028e-16 3.193174163764034897e-03
2.925135078654494819e-20 3.192893098382866991e-03
3.525691309445799888e-17 3.192893096663700515e-03
1.068533308546304307e-15 3.182939892553005978e-03
9.121174697929673683e-19 3.182939879964951681e-03
2.087687874409777361e-19 3.180654536679740785e-03
3.904546256387862480e-18 3.180654535796087392e-03
7.435510826820402266e-21 3.180471148335330383e-03
6.703321820921318803e-18 3.180471146099430116e-03
1.021821712713398756e-19 3.178967045757948636e-03
6.318205948032492270e-18 3.178967041769516656e-03
3.424463392872861910e-20 3.175350232906188220e-03
7.201222159422191386e-17 3.175350223735476721e-03
1.263394372226277783e-20 3.174863957547614975e-03
1.516312581249279360e-17 3.174863947756589779e-03
3.482802377614100982e-19 3.168425095980058424e-03
2.994848654666970930e-18 3.168425095133829521e-03
1.150834917125625118e-18 3.167904530752725656e-03
7.680380976548234187e-17 3.167904530226006363e-03
1.270342093253857981e-16 3.166316858218057133e-03
1.973184210925927735e-15 3.166316856329689199e-03
1.899736032711079813e-19 3.164628728402259575e-03
3.112790500678883977e-19 3.164628728194494346e-03
6.789193296568038185e-19 3.157409952811578678e-03
4.237640853567094833e-18 3.157409952415498808e-03
6.468348793322992311e-18 3.157308904081488222e-03
1.216356884011740365e-17 3.157308903144361543e-03
4.078715000783337922e-19 3.150718267989429527e-03
7.930809808015227275e-18 3.150718267041983846e-03
4.326659637393530050e-19 3.149761808797594057e-03
1.469072495954350336e-16 3.149761807388418329e-03
2.926906564143312606e-18 3.149173167970844602e-03
4.537252193635434734e-17 3.149173167527696479e-03
3.428090069033101346e-19 3.147931384048847057e-03
2.112531674683256042e-17 3.147931382190033173e-03
1.626023041449836402e-15 3.143792478914174664e-03
6.643794161336140100e-19 3.143792472115575654e-03
2.101754937795094901e-15 3.140481771115195223e-03
2.717964754699400385e-18 3.140481764789031238e-03
1.424170810010921009e-18 3.140332871945959465e-03
1.812156315430347595e-18 3.140332871669189539e-03
8.330096361154460656e-19 3.130998296117239958e-03
1.699746892341718725e-18 3.130998295154064671e-03
1.243933991782060496e-17 3.130857664678098930e-03
6.086187502701312955e-19 3.130857664454958847e-03
3.155065918861030495e-18 3.129297258725933974e-03
3.803092111209258842e-18 3.129297258559141613e-03
9.868302843863541015e-17 3.129067807678599482e-03
4.901903847146964327e-20 3.129067801163479007e-03
3.512867362861526737e-21 3.123224381388286803e-03
5.547515382540695924e-18 3.123224376697520364e-03
1.997251688543993122e-21 3.122723313227757092e-03
2.057542612950365975e-18 3.122723308923804064e-03
2.630754992115589507e-20 3.115440933466637023e-03
1.218924319697899166e-19 3.115440933322578647e-03
6.615758472595679994e-20 3.109858220679660810e-03
3.935160781830785549e-18 3.109858217449765292e-03
4.936244041736861327e-20 3.109438761154600245e-03
2.198528975254279647e-18 3.109438758366003634e-03
2.013966253072621451e-19 3.108334512683649797e-03
2.893332692471838200e-19 3.108334512081639602e-03
1.235093234606765046e-19 3.107780680124911776e-03
1.819107850323076975e-18 3.107780680029495046e-03
1.037790648499823099e-18 3.097559301886325129e-03
1.775331768036271920e-18 3.097559301335895202e-03
9.052446033190539460e-20 3.096741616309466646e-03
5.490134359907400052e-19 3.096741616143570269e-03
1.268895085918956264e-16 3.091223628981687628e-03
4.360901675276138632e-17 3.091223627855790509e-03
1.484190165839120351e-16 3.086529520291221747e-03
2.169354546828269820e-19 3.086529513064776610e-03
4.656548199300076377e-19 3.084515694737268929e-03
6.796081699254019760e-19 3.084515693987765605e-03
8.511214166617671172e-19 3.083771855450512852e-03
2.037533751002511470e-18 3.083771854554542922e-03
3.694735433700020674e-20 3.080886686700745006e-03
4.003642335335033432e-19 3.080886684098629001e-03
4.075602963583844878e-20 3.080540799363882913e-03
8.195125458557607664e-19 3.080540797271487646e-03
2.215566951199491410e-19 3.079183312561692767e-03
4.312499473736088075e-19 3.079183311464965891e-03
6.242661873892579584e-20 3.071527892825880613e-03
6.507356920760697236e-20 3.071527891876305993e-03
3.268524204545972018e-20 3.070601577855310536e-03
4.698337533021384412e-20 3.070601577087909637e-03
5.442831544089354398e-19 3.070222406259674828e-03
5.880089066437035159e-19 3.070222405194054580e-03
1.070524018179648961e-17 3.066677358368252899e-03
6.066795537609231612e-18 3.066677357960552550e-03
2.387460514249812978e-17 3.057376445338579052e-03
1.501848549807747125e-18 3.057376441967890341e-03
5.371179303894736364e-21 3.051053003472421754e-03
1.609784033845035989e-18 3.051053000610614609e-03
3.214223334306553396e-20 3.050886129941550191e-03
4.111388844406273189e-19 3.050886126706291342e-03
9.440088162729358525e-21 3.048647778159396544e-03
9.552260253750789611e-21 3.048647777260612025e-03
3.893093433935916742e-19 3.044382208418367191e-03
1.124766562309307733e-18 3.044382207749927495e-03
7.343823663977131507e-20 3.044316063617573485e-03
1.612701520307792689e-19 3.044316062742148752e-03
6.118043453405297398e-20 3.039424669678525079e-03
4.628762314940460600e-19 3.039424667926427480e-03
5.350104701239122712e-20 3.037869261922511357e-03
1.611486008505291534e-19 3.037869259997840864e-03
7.234816326050209308e-19 3.025129116931245601e-03
7.127337761480048229e-19 3.025129116033471559e-03
4.454794585059427837e-20 3.024681353005595659e-03
4.738262234892528548e-20 3.024681352209107350e-03
1.232665415144826791e-20 3.023200387451229279e-03
1.234710721385512315e-20 3.023200386047218257e-03
5.226477405593828065e-17 3.019917681625037664e-03
6.550215573578893347e-18 3.019917680292171121e-03
4.040382544605348316e-20 3.018620341698447819e-03
5.439931614304385854e-20 3.018620340463369807e-03
4.707707325836859759e-21 3.017952204022032302e-03
6.586451651898813305e-21 3.017952202349529021e-03
4.430597960687791062e-20 3.010474594443282755e-03
5.893445584289297048e-20 3.010474592937176317e-03
1.021914779130929656e-20 3.010001993986436124e-03
1.252334304355072755e-20 3.010001992509123928e-03
2.357347525745109817e-17 2.999874209021886635e-03
6.125826705456527391e-18 2.999874207599399940e-03
7.350024152704440577e-21 2.999420128711814248e-03
7.383467250035880683e-21 2.999420127696218654e-03
4.093404391961037744e-20 2.989543656522534142e-03
5.455759504627267323e-20 2.989543655271062559e-03
4.841005566580551059e-21 2.988773683072750830e-03
6.909164833626910524e-21 2.988773681662670878e-03
3.262364411695727575e-22 2.980825138107514889e-03
3.335857454624019869e-22 2.980825136791484704e-03
1.536440189715715868e-16 2.979062744560483349e-03
5.883941340685627187e-17 2.979062742473192506e-03
1.192422385545067108e-18 2.978209476578303622e-03
1.390621992056384065e-18 2.978209475388327119e-03
7.225171528646368209e-18 2.977151772322426428e-03
7.507731332078990669e-18 2.977151770770884980e-03
2.155808881067919451e-19 2.972210159258013764e-03
6.066936138040975224e-19 2.972210157287814153e-03
1.169950828191398831e-18 2.971813150227976125e-03
3.769545921099769811e-18 2.971813148447534445e-03
4.578447678948934974e-20 2.965134219605005533e-03
6.103157713199247685e-20 2.965134217875552581e-03
5.303265256309556527e-21 2.964323846723886796e-03
7.240244915078825768e-21 2.964323845182647871e-03
3.633687809703532819e-18 2.952887933333679833e-03
2.274923489400297703e-18 2.952887931647680403e-03
8.264366256596491368e-21 2.947756596050613975e-03
1.293243796236046034e-20 2.947756594731072276e-03
4.110794110553319525e-20 2.947642479411986122e-03
5.365395612359779572e-20 2.947642477387665307e-03
2.312326266369855090e-22 2.945866359535396790e-03
2.335210239381350106e-22 2.945866357860142237e-03
2.360490404007168698e-20 2.943119350456753144e-03
2.406401656468575614e-20 2.943119348918040411e-03
1.780065422847255632e-20 2.942963140557844706e-03
1.836642731065361264e-20 2.942963139068958435e-03
3.523584511136382941e-19 2.934216900402693284e-03
3.348187587378172258e-19 2.934216898890268984e-03
2.110791327430744384e-17 2.925700926844462119e-03
1.463753529933784262e-17 2.925700924890617914e-03
4.524818447283784320e-24 2.922970051516268677e-03
4.544367803666259178e-24 2.922970049831178675e-03
3.308169251977967440e-21 2.914016059497633124e-03
3.333141925379797990e-21 2.914016057868247262e-03
1.051728472163516108e-20 2.913674333302812645e-03
1.081129171282797992e-20 2.913674331596214674e-03
9.852567234471810525e-20 2.911526187767624150e-03
1.415263361594113434e-19 2.911526185979078710e-03
5.391913674939053455e-20 2.911121081837548911e-03
8.015804039008620621e-20 2.911121080316449259e-03
1.769438595467032043e-23 2.909024660738185157e-03
1.797403302125947263e-23 2.909024658990178903e-03
1.442455697585678089e-20 2.897391070281044468e-03
1.541852569062899886e-20 2.897391068341081087e-03
2.835925571085055280e-21 2.897066826108424514e-03
3.020297781151678069e-21 2.897066824292097911e-03
5.745059664165475449e-20 2.885089342546174121e-03
5.648605777175617540e-20 2.885089340738574912e-03
3.588576307383114133e-21 2.880358617992968828e-03
3.615002508001920431e-21 2.880358616096558716e-03
4.124131815292018038e-21 2.879701815195601262e-03
4.139848563919530713e-21 2.879701813617282190e-03
4.242261595884612734e-22 2.877461417978520279e-03
4.244191309578453374e-22 2.877461416111372784e-03
1.816744379290730436e-19 2.870684831766647828e-03
1.874645499703694483e-19 2.870684829246755981e-03
7.860650983971088061e-22 2.870516916374714431e-03
8.558962589791376917e-22 2.870516915085616263e-03
1.492796575609273677e-18 2.868350661440705138e-03
1.382332939282753958e-18 2.868350659323613480e-03
7.632706428745510713e-21 2.860727663718397925e-03
7.835757142235148187e-21 2.860727661799871823e-03
3.236694444785632622e-21 2.860625397904395517e-03
3.287684022893597065e-21 2.860625395901368433e-03
9.906817227117232833e-19 2.858162055200527771e-03
8.531396648771987136e-19 2.858162053202597738e-03
2.262878292397164190e-23 2.843880805922318050e-03
2.267938282808485593e-23 2.843880804064631736e-03
2.500127472862209964e-21 2.839247559604277452e-03
2.669693481774883330e-21 2.839247557887599870e-03
1.410205168733506233e-20 2.838786792681238617e-03
1.464092091277685495e-20 2.838786790687322734e-03
2.115437830573633941e-22 2.838327507777664831e-03
2.156247587355972305e-22 2.838327505889149012e-03
1.051973587267915188e-20 2.837238359113689479e-03
1.053138628338263952e-20 2.837238357086451293e-03
4.983542931622904579e-22 2.817205280290157546e-03
4.999795907440659442e-22 2.817205278404172255e-03
1.297568744546090273e-22 2.816995852806172124e-03
1.300915589167169939e-22 2.816995850564912428e-03
1.464729549901873842e-22 2.815616269063673637e-03
1.465404681105839921e-22 2.815616267127873593e-03
6.112320707664117815e-21 2.810425375569084155e-03
6.214945187900771585e-21 2.810425373621641080e-03
2.569249766136517142e-21 2.810081438506958473e-03
2.605177953248326652e-21 2.810081436464485077e-03
1.269661677620082562e-19 2.808325776349596559e-03
1.255017962877484415e-19 2.808325774462043511e-03
7.428203627056435165e-21 2.791327380072176553e-03
7.413379650951092585e-21 2.791327378204257539e-03
1.090389321410341041e-19 2.790541154808110456e-03
1.083606035759404558e-19 2.790541151463904902e-03
4.060766725515672984e-20 2.790497572393957609e-03
4.036094099234361128e-20 2.790497571350323246e-03
7.482447434216455385e-25 2.779930696120226901e-03
7.541555425267206535e-25 2.779930694084780437e-03
1.514202292768531950e-24 2.779508460187534325e-03
1.499964866772238494e-24 2.779508458084241525e-03
1.170889414956677005e-24 2.779208018631692569e-03
1.175277267193659903e-24 2.779208016756375393e-03
3.119646887465856179e-21 2.774540914412101413e-03
3.213887455824127239e-21 2.774540912606894821e-03
1.514428577039379141e-21 2.774251267483492534e-03
1.547991719456369844e-21 2.774251265079575191e-03
8.464423880172072618e-22 2.761811901860769091e-03
8.451601793818625412e-22 2.761811899797493326e-03
1.574921973872789745e-23 2.752401892579045203e-03
1.576388490540440481e-23 2.752401890490969397e-03
8.106603555469262776e-24 2.752231007477257043e-03
8.111762500086544030e-24 2.752231005548353392e-03
1.130354997170172325e-24 2.749281955726385306e-03
1.130682462193550659e-24 2.749281953586687598e-03
2.861872125942203875e-20 2.747178070412525930e-03
2.854911110314390688e-20 2.747178068336422318e-03
2.057286223966644206e-25 2.736896353779853016e-03
2.057254899071442654e-25 2.736896351779041607e-03
3.810819180139006791e-23 2.730506123892155815e-03
3.821502290541332819e-23 2.730506121829763024e-03
5.060674993031936153e-23 2.730391925193173357e-03
5.076865771794647263e-23 2.730391923118116650e-03
8.326004799387679858e-22 2.722881760876991533e-03
8.318590274424048452e-22 2.722881758787285521e-03
1.268312115540921416e-22 2.721620261456071752e-03
1.268487322327876004e-22 2.721620259632884318e-03
8.697499294343343563e-25 2.721562846074963848e-03
8.721973175309209751e-25 2.721562843645860923e-03
3.447299362172227350e-23 2.706903805364222881e-03
3.449699610591844601e-23 2.706903803243524299e-03
7.492154184512900199e-23 2.706882676505107874e-03
7.496355485101135972e-23 2.706882674398220293e-03
5.724723841216712423e-23 2.701590000446718424e-03
5.728908288474950840e-23 2.701589998414173719e-03
2.828460383904915720e-23 2.701545044214366184e-03
2.829262917009561279e-23 2.701545042199170014e-03
7.176402727044578911e-23 2.700577591527288969e-03
7.206693385408178533e-23 2.700577589462617618e-03
2.177482063726438759e-25 2.698546911335710473e-03
2.177156055380042629e-25 2.698546909271609413e-03
1.140613058860430707e-24 2.672450851101894516e-03
1.136646510385379136e-24 2.672450849034444572e-03
5.839279322573679363e-24 2.672442145234494269e-03
5.840182449348787585e-24 2.672442143186477999e-03
4.416891608049565752e-24 2.670334050552675663e-03
4.423115062317326225e-24 2.670334048543292552e-03
1.590078236638358133e-23 2.670323149321506603e-03
1.589218033418600910e-23 2.670323147321144053e-03
1.006214523064036951e-22 2.643739839779365823e-03
1.003511748374073173e-22 2.643739837782519558e-03
4.052476294509643511e-27 2.643738755821838787e-03
3.920976043184573019e-27 2.643738753824763105e-03
