5.002896009857936421e-02 -3.277804668968476562e+03
5.002895998998702076e-02 3.277802741421138307e+03
1.542861173290907041e-04 -1.667726364049135555e+02
1.542861266514969137e-04 1.667726334002882993e+02
1.024551251654897072e-03 -1.408030760268709969e+02
1.024551284782802656e-03 1.408030724142175529e+02
7.963538022137923533e-05 -1.168652861618660665e+02
7.963537960452068813e-05 1.168652858165701645e+02
9.281672186804975169e-05 -1.035625040223837061e+02
9.281672003405299785e-05 1.035625011442851502e+02
6.646036153710050678e-05 8.452546294746086630e+01
6.646036818136833856e-05 -8.452546276198727071e+01
2.835581197955032136e-04 -8.232334917429830057e+01
2.835581276131590787e-04 8.232334744271268789e+01
2.822327655400185746e-04 -7.540080056174585366e+01
2.822327808097722436e-04 7.540079852216933887e+01
1.022599388237427977e-04 -7.004052096421709450e+01
1.022599267689001864e-04 7.004052070413396791e+01
7.961775465655336267e-04 -6.754390203959594885e+01
7.961775355855983498e-04 6.754390029536335760e+01
1.310632604173712901e-04 -6.511354709261753726e+01
1.310632538577153141e-04 6.511354548124822372e+01
2.188304630374208689e-04 -6.329825197191554764e+01
2.188304731099422449e-04 6.329825186727750719e+01
6.791355008702909437e-05 -5.647805720308818422e+01
6.791354486590576956e-05 5.647805694655296094e+01
2.348367111246050696e-04 -5.474483790892379176e+01
2.348367090242218613e-04 5.474483624075246979e+01
1.071545620934078271e-04 -5.233693609392400958e+01
1.071545629385152720e-04 5.233693482173003275e+01
1.987159460360881421e-04 -4.927191024671172670e+01
1.987159493676321400e-04 4.927191013396369357e+01
4.716234533808130432e-04 -4.866626007870966220e+01
4.716234497382404173e-04 4.866625904945492209e+01
3.632065150573365078e-05 4.753675230986262790e+01
3.632065772996285845e-05 -4.753675228059243096e+01
6.371793016104263104e-05 -4.669040893851540375e+01
6.371792664058426503e-05 4.669040788884070992e+01
2.384459451827073003e-04 -4.528834158411302013e+01
2.384459410905245174e-04 4.528834108538802639e+01
2.274459672615495307e-04 -4.401987416266710795e+01
2.274458133668859979e-04 4.401987386798118251e+01
2.582084672185996975e-04 -4.290118822491695738e+01
2.582086053193544876e-04 4.290118713091307256e+01
4.990303503642871952e-04 -4.182113549816576636e+01
4.990303521726446954e-04 4.182113461068248483e+01
2.444488405345730700e-04 -4.037172625477044363e+01
2.444488495007455468e-04 4.037172604815216204e+01
3.178165027140323023e-04 -3.987902703970571139e+01
3.178165050564675216e-04 3.987902592550445036e+01
1.097145999369321916e-04 -3.952782137914560678e+01
1.097146010794322943e-04 3.952782040080523274e+01
8.353755591621294849e-05 -3.886636630334144371e+01
8.353755004246082091e-05 3.886636611774601846e+01
5.409020367491825199e-05 -3.791907272522693972e+01
5.409019953753023543e-05 3.791907192282932471e+01
1.390927334843926647e-04 -3.765120963931558862e+01
1.390927373280606159e-04 3.765120921632351525e+01
1.247498603878917454e-04 -3.511046815617088157e+01
1.247498260790406836e-04 3.511046776242165635e+01
2.967178937275584297e-04 -3.453583463870705828e+01
2.967179303382347258e-04 3.453583386843288139e+01
2.351091987639347290e-04 -3.408693173386131292e+01
2.351091978693326283e-04 3.408693068781832380e+01
2.729866391295576733e-04 -3.360037639208702842e+01
2.729866146996606574e-04 3.360037558513341338e+01
1.828959066710702022e-04 -3.335992967981011503e+01
1.828959168223556135e-04 3.335992952232947317e+01
2.223963693924472975e-04 -3.333872950225141096e+01
2.223963057044940031e-04 3.333872929195078427e+01
1.532590878603451022e-04 -3.258021536066866730e+01
1.532591469950883199e-04 3.258021500885123345e+01
2.403713664800886192e-04 -3.256973289789259951e+01
2.403713671226016802e-04 3.256973204865342808e+01
1.425464441667772923e-04 3.194311083250549288e+01
1.425465208784125731e-04 -3.194311072596429213e+01
6.168425560092821410e-05 -3.151984335357592926e+01
6.168422427406852868e-05 3.151984296692312881e+01
2.044120662527285439e-04 -3.126110978507532678e+01
2.044120446799717794e-04 3.126110899493234641e+01
4.649031974350809971e-04 -3.081999538218772017e+01
4.649034020384448167e-04 3.081999469023307014e+01
6.660599801003530768e-05 -3.064712475892008570e+01
6.660586315468062775e-05 3.064712410858671632e+01
1.162363608693659141e-04 3.061660762909503575e+01
1.162363586279901008e-04 -3.061660752797121532e+01
1.530526383408070635e-04 -2.935626138434498955e+01
1.530526402721375388e-04 2.935626066357070485e+01
1.657660599853548163e-04 -2.910604013376444499e+01
1.657660725612977617e-04 2.910603995122269794e+01
9.859592283759589153e-05 -2.907049035456724084e+01
9.859603991954817915e-05 2.907048986387619038e+01
7.519402216212177294e-05 -2.893962246679900474e+01
7.519392901145799542e-05 2.893962222385580318e+01
2.004230262746180627e-04 -2.879389747066257144e+01
2.004230115305677894e-04 2.879389685568398960e+01
1.709851982555632964e-04 -2.849638133393668582e+01
1.709851833530355168e-04 2.849638110051805029e+01
4.753365122549982975e-05 -2.823227725845023173e+01
4.753361824118819764e-05 2.823227661798238941e+01
3.399837251597674940e-04 -2.776225054058784281e+01
3.399838779710804681e-04 2.776224971957013565e+01
1.325825443046290504e-04 -2.763821999617513825e+01
1.325824141877770515e-04 2.763821938328230132e+01
2.000207606653458758e-05 -2.706632097052653307e+01
2.000209254548828046e-05 2.706632046630178223e+01
5.329882237254270056e-05 -2.679913309923936993e+01
5.329878977929002558e-05 2.679913287418847290e+01
1.608740763926159523e-04 -2.674614083699516698e+01
1.608740924858922949e-04 2.674614016790835436e+01
2.682683006686121326e-04 -2.654145524145990365e+01
2.682682826474810499e-04 2.654145513738176732e+01
4.093948397422564616e-04 -2.631000821444351345e+01
4.093943026057908930e-04 2.631000763091110883e+01
1.402388563635990871e-04 -2.626038802918472825e+01
1.402394652728171105e-04 2.626038774597889969e+01
1.103082531954046940e-04 -2.622140245381240575e+01
1.103081861065583071e-04 2.622140191434851175e+01
2.997065056607041791e-04 -2.616165225058412247e+01
2.997065061529133713e-04 2.616165189137126745e+01
1.638442020422216765e-05 -2.576736807300966703e+01
1.638441928969083179e-05 2.576736753277979375e+01
5.187298892719559317e-05 -2.537629961657033917e+01
5.187297779555746752e-05 2.537629955193772702e+01
1.336359532956510538e-05 -2.511539339247659441e+01
1.336359522009954614e-05 2.511539280594703172e+01
1.105666686206601248e-04 -2.501848053850641662e+01
1.105666463866217161e-04 2.501847979185762227e+01
1.066538119437316875e-04 -2.472681772429600855e+01
1.066538429555456268e-04 2.472681714380420814e+01
3.653780212883017122e-04 -2.469585575683866097e+01
3.653779704197458169e-04 2.469585527496141353e+01
2.651655430780322379e-04 -2.459751093594393723e+01
2.651655412237060834e-04 2.459751067529083812e+01
5.909817962341395742e-05 2.445602296335079373e+01
5.909825085127273970e-05 -2.445602294289454903e+01
3.229308986120127899e-04 -2.439868192082584031e+01
3.229307172332912860e-04 2.439868157765121737e+01
5.001754982280352319e-05 -2.426539570644523280e+01
5.001752089793712845e-05 2.426539548375701116e+01
3.560903922120872852e-04 -2.420099425498102619e+01
3.560906695914220097e-04 2.420099380114634613e+01
2.802696932587943205e-04 -2.371836596619873561e+01
2.802696884661498491e-04 2.371836533320824714e+01
6.460875204239649862e-05 2.361026377983432667e+01
6.460873235419007049e-05 -2.361026370619560311e+01
1.113303360679583534e-04 -2.333421129270884720e+01
1.113303292781090851e-04 2.333421071330988639e+01
1.355949981815455607e-04 -2.306510503163484316e+01
1.355950141461538853e-04 2.306510495605962063e+01
4.430022192573667095e-05 -2.294353108577628930e+01
4.430022393634955210e-05 2.294353075571702405e+01
1.525042806120851656e-04 -2.288559724314057320e+01
1.525042558671687904e-04 2.288559710899426136e+01
7.992922067044457729e-05 -2.287039075505078145e+01
7.992921672960924832e-05 2.287039007399227941e+01
1.090179207900416296e-04 -2.276387113888391767e+01
1.090179131651724691e-04 2.276387057777411371e+01
1.242003410374312156e-04 -2.258807442359980300e+01
1.242002874067274964e-04 2.258807393673992792e+01
1.502664532881586368e-04 -2.257911898909116388e+01
1.502664651184562020e-04 2.257911885918861827e+01
1.392217665878534992e-04 -2.229071064384120859e+01
1.392217780654537551e-04 2.229071016934776139e+01
1.161280483312717885e-04 -2.226419427830714781e+01
1.161279714033587878e-04 2.226419382957760718e+01
3.407829696543375952e-04 -2.212520054283897153e+01
3.407828747884605056e-04 2.212520008058901411e+01
4.458512012957503430e-04 -2.207618119839082027e+01
4.458512098325160384e-04 2.207618089621887236e+01
1.205406626308909071e-04 -2.202862328435715966e+01
1.205408259880486911e-04 2.202862311626942571e+01
1.964855162361893079e-04 -2.198098077393660787e+01
1.964855210456672378e-04 2.198098025121827348e+01
3.345458483747950598e-05 -2.193950902936692415e+01
3.345458552463888080e-05 2.193950866906973118e+01
1.281282401330478631e-04 -2.166140795408490760e+01
1.281282546519497316e-04 2.166140779400799943e+01
2.364753463435834938e-04 -2.143778118202341076e+01
2.364752804119874820e-04 2.143778063580847970e+01
1.761408052735347616e-04 -2.136540544943991549e+01
1.761408688007858752e-04 2.136540528667745420e+01
2.970170011902458244e-05 -2.121766894844243012e+01
2.970169897704252502e-05 2.121766854938265112e+01
7.680757594780515283e-05 -2.116186407342240372e+01
7.680757255222851341e-05 2.116186349721800042e+01
8.020128513988266619e-05 -2.113752729799594476e+01
8.020129145923994866e-05 2.113752710662295442e+01
2.136140591392184703e-04 -2.099766084157431223e+01
2.136140714477219706e-04 2.099766029782018251e+01
1.611122590480133581e-04 -2.080975036158145386e+01
1.611122410722273779e-04 2.080974979340132691e+01
2.379013824887012726e-04 -2.074262394513968388e+01
2.379013968345707899e-04 2.074262340023465967e+01
1.039156248109432016e-04 -2.068131847660249889e+01
1.039157046356908843e-04 2.068131827969221703e+01
4.828137930007121069e-05 -2.059466130082472901e+01
4.828123065552380203e-05 2.059466093645437823e+01
3.913962931507014315e-04 -2.057918993177867861e+01
3.913961082888258954e-04 2.057918967583297842e+01
1.843291286136078855e-04 -2.053661500274738572e+01
1.843286861062706349e-04 2.053661459623718599e+01
2.486419929226355713e-04 -2.051678246701739283e+01
2.486426706418269389e-04 2.051678208490076116e+01
1.246718292495029945e-04 -2.039220070518554451e+01
1.246718137696451205e-04 2.039220055024391343e+01
1.409735887585342118e-05 -2.032498647005788683e+01
1.409735729305922274e-05 2.032498608665558848e+01
1.064128249812508042e-04 -2.030355037565340481e+01
1.064128016384042818e-04 2.030355016331822782e+01
2.521770180090075015e-04 -1.991551183203422681e+01
2.521770011644364619e-04 1.991551132695981963e+01
9.927266183700625478e-05 -1.982882181935533694e+01
9.927267282471844616e-05 1.982882162555733530e+01
1.392012737531741931e-04 -1.980298654518796297e+01
1.392012730207310613e-04 1.980298599240859758e+01
9.076496629445351071e-05 -1.971888652794575947e+01
9.076497245229130019e-05 1.971888627049922960e+01
1.388896827487310639e-04 -1.962876946303974535e+01
1.388896522822465854e-04 1.962876931559996763e+01
1.226889725981565821e-04 -1.956262255023007768e+01
1.226889674422459173e-04 1.956262203642880593e+01
1.670351886926126983e-04 -1.949161287443917345e+01
1.670352272325866720e-04 1.949161238913878691e+01
2.795645311264737432e-04 -1.942277526550851263e+01
2.795645486502284886e-04 1.942277508536921005e+01
1.460940287527967346e-04 -1.936668131455303765e+01
1.460940167860099608e-04 1.936668079403495568e+01
1.062996494901890680e-04 -1.926411335166479333e+01
1.062995900687199665e-04 1.926411310920747155e+01
1.813311465641432164e-04 -1.915233771310823840e+01
1.813312711763760481e-04 1.915233720500249248e+01
1.676098717933637776e-04 -1.915001132835674369e+01
1.676091305443236292e-04 1.915001090508653547e+01
1.164482139881969474e-04 -1.912795217056284258e+01
1.164488434353926885e-04 1.912795183962552414e+01
9.599047430573145751e-05 -1.900818389367490724e+01
9.599050226461353389e-05 1.900818366715023799e+01
3.720411380636166757e-04 -1.890036792241470209e+01
3.720411805834223859e-04 1.890036748401529110e+01
1.964689361744476591e-04 -1.883999405628370383e+01
1.964689284994642618e-04 1.883999351758835061e+01
3.359286047890750891e-04 -1.883056008722981289e+01
3.359280187005929267e-04 1.883055991541720431e+01
3.997378418746728914e-04 -1.878842313112274454e+01
3.997383727526963447e-04 1.878842297710281528e+01
9.378688084665742720e-05 -1.872987397594124204e+01
9.378693848324571897e-05 1.872987378675589909e+01
6.238971864845885881e-05 -1.871840083105608699e+01
6.238947060029172880e-05 1.871840053566424444e+01
1.218583194081313979e-04 -1.853613571629434986e+01
1.218584330888662133e-04 1.853613526927113853e+01
2.705008404151090480e-04 -1.844601763755160562e+01
2.705008353719939797e-04 1.844601751388945843e+01
1.936402033376655759e-04 -1.838780458060740486e+01
1.936401712644958536e-04 1.838780411815517724e+01
8.817677851166734048e-05 -1.835123512022621739e+01
8.817677532117723204e-05 1.835123493477411216e+01
1.748555452097341767e-04 -1.826326252986833865e+01
1.748555509226282559e-04 1.826326205541554160e+01
1.406374615303651295e-04 -1.822279070070100460e+01
1.406374723573208894e-04 1.822279061539934020e+01
6.395847154946841784e-05 -1.811858805684203588e+01
6.395846267977783200e-05 1.811858755669464927e+01
9.369783326972594580e-05 -1.803636876943350487e+01
9.369779671875919764e-05 1.803636860428539634e+01
1.218346943924054730e-04 -1.797382129873604129e+01
1.218345704457461540e-04 1.797382075976089766e+01
1.599079282895460741e-04 -1.795434900897636155e+01
1.599081112956257655e-04 1.795434855509046912e+01
5.112534202015430682e-05 -1.794315853559681884e+01
5.112531734993279339e-05 1.794315839348379527e+01
5.130038293230694676e-04 -1.786742260504804491e+01
5.130037559801012672e-04 1.786742217210561989e+01
8.231826752994157996e-05 -1.782744037186690989e+01
8.231836749493875679e-05 1.782744020722854472e+01
1.796962944719101489e-04 1.779229757876652585e+01
1.796963526345987086e-04 -1.779229755312734795e+01
1.442791927285629863e-04 -1.774855241661486716e+01
1.442790895665192459e-04 1.774855198300022963e+01
1.653946526256301283e-04 -1.757057579494383859e+01
1.653947308568034580e-04 1.757057572428492875e+01
1.339243382640929519e-04 -1.753978585046668925e+01
1.339243382165511203e-04 1.753978536014110290e+01
4.138753741349044985e-04 -1.752088008200372826e+01
4.138754742810255493e-04 1.752087998257576018e+01
1.578011882143865157e-04 -1.746738868615912565e+01
1.578003489529484192e-04 1.746738829021438377e+01
1.514203620480042444e-04 1.745520832262397093e+01
1.514195201631242382e-04 -1.745520824186048259e+01
1.378838405367736138e-04 -1.744525413571432182e+01
1.378836312244752173e-04 1.744525370764382544e+01
2.047244481557956635e-04 -1.742680803352500973e+01
2.047243399558932025e-04 1.742680757454600027e+01
2.671384028414094166e-04 -1.737563756988600616e+01
2.671384139625762296e-04 1.737563710165578712e+01
1.621200914382907494e-04 1.734676734785054819e+01
1.621199964320318130e-04 -1.734676725169392242e+01
3.475099796809919526e-05 -1.713908270770508580e+01
3.475099251299562262e-05 1.713908222889832444e+01
1.449245085342254415e-04 1.703217186449779419e+01
1.449245047765031723e-04 -1.703217172292278292e+01
1.277356787938901787e-04 -1.701130091400860778e+01
1.277359472036239624e-04 1.701130033278127485e+01
1.132764636002375085e-04 -1.700635329386681249e+01
1.132761962398814455e-04 1.700635291264458360e+01
2.206779492935713103e-04 -1.693083163483471054e+01
2.206779393049478836e-04 1.693083154870739193e+01
1.453169078453668507e-04 -1.689001989053683062e+01
1.453169074796197317e-04 1.689001944435590374e+01
4.875633909742225954e-05 -1.675842199856312931e+01
4.875633470060372474e-05 1.675842153534651757e+01
5.833793993379369309e-04 -1.671464489018593014e+01
5.833795096509760162e-04 1.671464446881739363e+01
1.630926947206287787e-04 -1.669678845696894953e+01
1.630925741187375121e-04 1.669678799447176587e+01
6.406263812880257720e-05 -1.668333660357857795e+01
6.406264459392378089e-05 1.668333629335175416e+01
9.321041355427448123e-05 1.666091108590022429e+01
9.321060280732027892e-05 -1.666091087849929053e+01
1.694989834889320537e-04 1.662995494460181334e+01
1.694991154013998191e-04 -1.662995490020397327e+01
3.071284889407260052e-04 -1.662080111909852320e+01
3.071288690937879211e-04 1.662080067666471805e+01
4.596743083732274292e-04 -1.654455051480290706e+01
4.596742865056105539e-04 1.654455041240903057e+01
6.024695290976351245e-05 -1.649119339342774992e+01
6.024716902416958028e-05 1.649119246306295850e+01
3.828651387125748206e-05 1.645957278893395070e+01
3.828695218535494918e-05 -1.645957257116879546e+01
2.026240006407062551e-04 -1.643622423705368973e+01
2.026239924969634406e-04 1.643622413086849932e+01
1.320039317400605158e-04 -1.635519980245211258e+01
1.320040963412275222e-04 1.635519943552584721e+01
5.244849135171187091e-05 -1.633794502426589546e+01
5.244847411004547011e-05 1.633794453656161139e+01
7.140772936616601751e-05 -1.633312226416546054e+01
7.140774063454782079e-05 1.633312179816848086e+01
9.878702487011668245e-05 -1.629847661852993213e+01
9.878702160340202488e-05 1.629847614751889751e+01
2.766751001713415345e-04 -1.615243012110511600e+01
2.766750891632057253e-04 1.615243011763660164e+01
1.443412671600165546e-04 -1.611948626180817712e+01
1.443412693317192865e-04 1.611948580356848026e+01
1.694828314937456162e-04 -1.610829744325122803e+01
1.694828184243268052e-04 1.610829730826439388e+01
1.690192753411613453e-04 -1.603160897486647229e+01
1.690192670552354991e-04 1.603160851984584312e+01
2.100422371284608482e-04 -1.597058122557830906e+01
2.100422659140710826e-04 1.597058106170484137e+01
6.407737329261329511e-05 -1.593618297512409754e+01
6.407737888575728506e-05 1.593618250182666074e+01
2.280521577788490318e-04 -1.588150456708173941e+01
2.280522541144317449e-04 1.588150412699720881e+01
2.231574416622927892e-04 -1.585966574200076273e+01
2.231573409098454156e-04 1.585966525896383317e+01
1.747113599642751043e-04 -1.584943755543208432e+01
1.747114864166414503e-04 1.584943726167367117e+01
9.732144924195038776e-05 -1.581323191714774623e+01
9.732251652169908386e-05 1.581323145950256759e+01
4.135043763068564746e-04 -1.580662513227060550e+01
4.135030089670957984e-04 1.580662501023063093e+01
9.038502582737572948e-04 -1.574075023571417908e+01
9.038502226388250068e-04 1.574075008258708941e+01
6.736698602130795639e-05 -1.566550674974025981e+01
6.736698297396739182e-05 1.566550626208663566e+01
3.300060468991000391e-04 -1.563300770470261014e+01
3.300075551812738919e-04 1.563300767565759664e+01
1.369465077732071479e-04 -1.563118288415013168e+01
1.369449482543408890e-04 1.563118243160468879e+01
2.562095937965247266e-04 -1.548070217503035906e+01
2.561941175816711863e-04 1.548070196566924217e+01
4.809228860401161152e-04 -1.547571009502999395e+01
4.809380835697622575e-04 1.547570990705473370e+01
8.620362878193000753e-05 -1.547018936723732985e+01
8.620337817686147739e-05 1.547018889716685308e+01
1.324154516763041722e-04 -1.545364233195215675e+01
1.324157290346547329e-04 1.545364191785310659e+01
1.058763597403178304e-04 1.544267978121164120e+01
1.058753899102959976e-04 -1.544267957806006564e+01
9.378939137954694146e-05 1.543157289590075010e+01
9.378965854757051284e-05 -1.543157255622512558e+01
2.944102647854542998e-04 -1.541739946985833498e+01
2.944102430938864870e-04 1.541739907026995482e+01
2.583103685992515293e-04 -1.540424715638793707e+01
2.583100904942124232e-04 1.540424672925199090e+01
2.572930768210486725e-04 -1.527695550491462484e+01
2.572930679268338808e-04 1.527695507216525606e+01
2.897727543486574220e-04 -1.524793561877874026e+01
2.897727467956831711e-04 1.524793558056252252e+01
1.367927536358232361e-04 -1.522485386268332874e+01
1.367927513392589302e-04 1.522485340056163494e+01
9.766628697188621902e-05 -1.519704739269612226e+01
9.766627601306556252e-05 1.519704691805691787e+01
4.338183354967820884e-04 -1.501512124561453732e+01
4.338183250312640420e-04 1.501512122550157535e+01
3.141879361369120265e-04 -1.501394933472474236e+01
3.141879138196949418e-04 1.501394894814731629e+01
1.674118894247118459e-04 -1.496321459831947287e+01
1.674119175593681531e-04 1.496321414931224325e+01
1.178414688298788215e-04 -1.494774584759335667e+01
1.178414496382221619e-04 1.494774536640516516e+01
1.480881108082055431e-04 -1.488400555746605924e+01
1.480881001665321553e-04 1.488400510628190965e+01
2.958624120298107498e-04 -1.486532193099527355e+01
2.958623819402666664e-04 1.486532188182488134e+01
2.383782598400764304e-04 -1.479466558105999852e+01
2.383782448240802799e-04 1.479466515789634684e+01
6.561133214592271279e-04 -1.467161312972011089e+01
6.561208664507087607e-04 1.467161290518708050e+01
1.151600854952193316e-04 -1.465314881060941232e+01
1.151520753601199571e-04 1.465314796460277336e+01
1.293328857600771161e-04 -1.462703064592629509e+01
1.293328801973967813e-04 1.462703018314542369e+01
6.391193745192983637e-05 1.462233034525851494e+01
6.391217171226339349e-05 -1.462232995620420084e+01
1.738304591589611586e-04 -1.458180864829952483e+01
1.738306622678886218e-04 1.458180855028889766e+01
2.636778725507219184e-04 -1.456696189985917655e+01
2.636785038814071854e-04 1.456696158054213797e+01
1.378102210389514485e-04 1.454216732839302217e+01
1.378108848572767351e-04 -1.454216721457466832e+01
1.887167114883248943e-04 -1.452596486969538070e+01
1.887167105082133674e-04 1.452596443335784215e+01
2.199208299723604194e-04 -1.448449910423969023e+01
2.199194507817235601e-04 1.448449906869553061e+01
3.796025140674487539e-04 1.447125279211889470e+01
3.796007291085414567e-04 -1.447125270703247324e+01
2.577646894263353641e-04 -1.437833189903192022e+01
2.577647083966091751e-04 1.437833149262757715e+01
1.556031680863774523e-04 -1.436476330597140993e+01
1.556031634571093734e-04 1.436476284311143559e+01
7.636775528685631458e-04 -1.435052623111252856e+01
7.636794844793639257e-04 1.435052583405082061e+01
2.639344916713476353e-04 -1.429970050709859031e+01
2.639314888515956691e-04 1.429970021523277879e+01
4.000933377676827124e-04 -1.429304616694000529e+01
4.000933086259184069e-04 1.429304605514722226e+01
4.479326951681017466e-04 -1.425562489192647320e+01
4.479336487330375810e-04 1.425562460814188803e+01
1.803858306456502191e-04 -1.418587319554694481e+01
1.803858256070741631e-04 1.418587276092765492e+01
2.036289322186842952e-04 -1.409668020892196694e+01
2.036289251666205012e-04 1.409667974598437645e+01
3.456145736237440464e-04 -1.409554667797530669e+01
3.456145826706324476e-04 1.409554664448761940e+01
3.862973887680764521e-04 -1.403151936074678119e+01
3.862973891310858250e-04 1.403151901128279633e+01
2.918211571696009525e-04 -1.398455556721458848e+01
2.918210562262441433e-04 1.398455550052322138e+01
2.734081035810430977e-04 -1.397515911263237776e+01
2.734081010174171911e-04 1.397515871325323111e+01
3.706271886237133832e-04 1.393164149102315008e+01
3.706271246813288471e-04 -1.393164146619447585e+01
1.866582649739374864e-04 -1.390080426908325073e+01
1.866582586453667081e-04 1.390080383845100087e+01
3.964941174734390732e-04 -1.385212845780492330e+01
3.964941064746710419e-04 1.385212810429748842e+01
7.187065952865369150e-04 -1.383135936607678929e+01
7.187065965976389666e-04 1.383135934463050276e+01
3.411016685801079558e-04 1.365826448644330071e+01
3.411017678762371633e-04 -1.365826443444264449e+01
2.207962809109701764e-04 -1.364097462473529099e+01
2.207962803659530200e-04 1.364097419620607532e+01
3.220283266028502612e-04 -1.361069005549549082e+01
3.220306166994819051e-04 1.361068965397654829e+01
3.327696655510989994e-04 -1.360996565939945313e+01
3.327673598426398780e-04 1.360996530678296423e+01
3.561266254066589813e-04 -1.353923385858348105e+01
3.561265859291398001e-04 1.353923355060625511e+01
2.217671035392521973e-04 1.347273033072050907e+01
2.217670968097846824e-04 -1.347273026017780850e+01
1.671291299633653380e-04 1.339048343124596308e+01
1.671292090077273226e-04 -1.339048332737086255e+01
2.796246258654339328e-04 -1.337450889697692169e+01
2.796246180132353864e-04 1.337450846947805694e+01
1.341980170564147166e-04 1.331664354702881603e+01
1.341982030373638907e-04 -1.331664334909559777e+01
2.629777915048876324e-04 -1.329487690362542018e+01
2.629777818274122857e-04 1.329487651505202805e+01
2.761008883168990322e-04 1.324017824177269809e+01
2.761069032131642834e-04 -1.324017814082004918e+01
3.572245678729394345e-04 -1.323475674410567393e+01
3.572306594025917133e-04 1.323475647854007420e+01
7.276577559839229664e-04 -1.319745909545129692e+01
7.276576255701056343e-04 1.319745905395923380e+01
1.555893403254828054e-04 1.316427293222701245e+01
1.555896140874169886e-04 -1.316427281676425487e+01
4.374777121181081603e-04 -1.314127876005822415e+01
4.374777063529961939e-04 1.314127844536230327e+01
2.419394219441395560e-04 1.309936593806774496e+01
2.419397101539031195e-04 -1.309936571970142083e+01
3.617454548354193415e-04 -1.309141236988633317e+01
3.617454418392961751e-04 1.309141194475859926e+01
2.824345646656449983e-04 -1.302155001381090038e+01
2.824347055887334638e-04 1.302154963343555139e+01
1.118314925884354672e-03 -1.299551476554821328e+01
1.118315359735092777e-03 1.299551453564275150e+01
3.443052687214526327e-04 1.294710857789914904e+01
3.443051370295669377e-04 -1.294710840449609357e+01
3.810720523594702614e-04 -1.286654501502662562e+01
3.810720672875581613e-04 1.286654467208670205e+01
4.634012511127076308e-05 -1.282724491465314465e+01
4.633972795695983965e-05 1.282724393115862327e+01
8.708909166591332338e-05 1.280093627183097915e+01
8.709297518110036657e-05 -1.280093574979970583e+01
3.460706911245315992e-04 -1.278235317547140504e+01
3.460748678257798594e-04 1.278235300339019176e+01
3.130842390940563884e-04 -1.276631624276523169e+01
3.130842297251253017e-04 1.276631586403036778e+01
1.305345251216267479e-03 -1.273585772105487379e+01
1.305345103800743464e-03 1.273585764000843490e+01
4.555647319603457323e-04 1.272360565590514270e+01
4.555647054239350224e-04 -1.272360558921597296e+01
7.770772375703175177e-04 -1.263400464586259808e+01
7.770772660132737328e-04 1.263400464335552797e+01
1.822470231178961253e-04 -1.261203582577341820e+01
1.822465950474621806e-04 1.261203547698342398e+01
3.394267034753224136e-04 -1.255641834112006983e+01
3.394267981745584966e-04 1.255641809988848578e+01
6.170955276958544743e-04 -1.251040437445817766e+01
6.170953626457095905e-04 1.251040436954025026e+01
3.866749743408574988e-04 -1.250698537075706618e+01
3.866749794174271972e-04 1.250698500210790698e+01
3.692514554250761428e-04 -1.248165984316424648e+01
3.692516592723955383e-04 1.248165962402262608e+01
9.131909132004488027e-05 -1.243002413224721536e+01
9.131909151298274973e-05 1.243002401313721883e+01
8.813769401707782921e-05 1.240669912106895367e+01
8.813763597834377284e-05 -1.240669861129677365e+01
4.551640629028498477e-04 -1.236591459457894793e+01
4.551640879935977407e-04 1.236591430612351417e+01
4.584277089298908320e-04 -1.230703426092394182e+01
4.584276117486841737e-04 1.230703422139304237e+01
5.656103858195864848e-04 1.225154111788909894e+01
5.656100257150423194e-04 -1.225154109269575642e+01
3.965975666049229172e-04 -1.224045739391328702e+01
3.965974635519493191e-04 1.224045706845767434e+01
4.839918950044221047e-04 -1.222972526604038102e+01
4.839919593354574494e-04 1.222972489340312130e+01
7.266139175849817148e-04 1.215070760808367112e+01
7.266139722447843320e-04 -1.215070760185530219e+01
4.511827598261350120e-04 -1.204082968027018907e+01
4.511827822128402945e-04 1.204082937795304353e+01
5.056389984930378034e-04 -1.199522854651413439e+01
5.056389449942080882e-04 1.199522818441481320e+01
4.711473410336573624e-04 -1.198241141559244838e+01
4.711481554319026555e-04 1.198241122594972197e+01
1.172552319354036371e-03 -1.194485633154271476e+01
1.172559529052118622e-03 1.194485622012940240e+01
6.410133185788711389e-04 -1.194373099693353879e+01
6.410052106067122384e-04 1.194373063184889894e+01
3.573007761695559388e-04 -1.185758448528663855e+01
3.573012161199915046e-04 1.185758439464204272e+01
2.904842514661936043e-04 1.182507718066762514e+01
2.904848825795337407e-04 -1.182507692396242760e+01
5.310390315759695636e-04 -1.179828665568130042e+01
5.310389178457598520e-04 1.179828647332785252e+01
4.489968684400843396e-04 -1.175465318448507013e+01
4.489968608313841029e-04 1.175465286416638833e+01
6.434734430933353351e-04 1.172004823970361009e+01
6.434732721818327197e-04 -1.172004818239459745e+01
5.277862179648942125e-04 -1.165911055455284284e+01
5.277862029141142542e-04 1.165911028199701249e+01
1.592706650416840551e-03 -1.155415957452458819e+01
1.592706687160377367e-03 1.155415941138299907e+01
5.421742628978529861e-04 -1.149722908274302036e+01
5.421742514012073367e-04 1.149722876252275228e+01
6.620483855911122499e-04 -1.143810018854138555e+01
6.620483053588633454e-04 1.143809995382768285e+01
6.929930467966204360e-04 1.140836743645944473e+01
6.929930264361766363e-04 -1.140836740674833827e+01
5.160508690256247841e-04 -1.135713159021695695e+01
5.160508534412934327e-04 1.135713132655455659e+01
1.114659319733587068e-04 -1.134460537167600158e+01
1.114650949489550340e-04 1.134460535351821697e+01
1.172320863407850719e-04 1.132226819758729341e+01
1.172313606698148448e-04 -1.132226770456448328e+01
1.169652618024719050e-03 1.123930205329240373e+01
1.169652716239286171e-03 -1.123930204868531924e+01
6.708266527306513396e-04 -1.122970951625466007e+01
6.708266358590009954e-04 1.122970919734746253e+01
3.514049225859169358e-04 1.116752800387818922e+01
3.514047115626508003e-04 -1.116752793654328180e+01
5.859048817481594517e-04 -1.116067978159031959e+01
5.859048447695981796e-04 1.116067956729455979e+01
1.776794009362711937e-04 1.112370202929500351e+01
1.776804803892062989e-04 -1.112370177504590174e+01
5.148606896273866772e-04 -1.108050564753141209e+01
5.148606741333705593e-04 1.108050538620668490e+01
5.399391884518391169e-04 1.105777123607474088e+01
5.399383142077479342e-04 -1.105777110954111286e+01
8.728951425280591760e-05 -1.095859491727716417e+01
8.729004520862751752e-05 1.095859407097124816e+01
8.308312310002991582e-04 -1.095413820968387597e+01
8.308312058671598818e-04 1.095413789322297049e+01
9.451170479608521249e-05 1.093361202262990872e+01
9.451309374112024802e-05 -1.093361141548446902e+01
2.739729750470532282e-04 -1.088837962586605101e+01
2.739746419527095398e-04 1.088837931967649197e+01
8.123357508958736588e-04 1.085752358412722351e+01
8.123358697396339040e-04 -1.085752355326355634e+01
2.096800605866383927e-04 -1.084123326646206387e+01
2.096779373504775018e-04 1.084123322942389223e+01
5.408876606909070271e-04 -1.083290137594214819e+01
5.408876968734982384e-04 1.083290111942259237e+01
4.066280218044604424e-04 -1.077712858638426141e+01
4.066292101759847290e-04 1.077712852621545636e+01
1.212187418368041803e-03 1.070401876410927144e+01
1.212187528615484705e-03 -1.070401874191390590e+01
1.034183509536108769e-03 -1.067713468174890146e+01
1.034183474439976822e-03 1.067713436849245845e+01
7.749284303342375687e-04 1.066241207415717618e+01
7.749286364330240434e-04 -1.066241204405207377e+01
6.205782493456982706e-04 -1.059447572958193540e+01
6.205782364225689070e-04 1.059447547389255995e+01
1.017913722744409957e-03 1.054748853220861982e+01
1.017914062408367725e-03 -1.054748851796292541e+01
6.537078580984591585e-04 -1.053058897998006316e+01
6.537078361585136384e-04 1.053058877943875338e+01
1.239515833755595441e-03 -1.040956295653405483e+01
1.239517255798466919e-03 1.040956277275914665e+01
7.965002596826184066e-04 -1.040369599146463742e+01
7.964923226103354627e-04 1.040369593698013162e+01
4.818487121710446287e-04 1.038489120555073164e+01
4.818419480416408478e-04 -1.038489079291373152e+01
7.455965255177800710e-04 -1.035000360900874661e+01
7.455965124407673995e-04 1.035000335366004798e+01
8.443566286537098091e-04 -1.026913310284150782e+01
8.443600357667314276e-04 1.026913308204348318e+01
6.279511569782087171e-04 -1.026406031231309512e+01
6.279509811146150641e-04 1.026406012262864387e+01
5.767582567471102491e-04 -1.024949237337324881e+01
5.767495668288025266e-04 1.024949232705795588e+01
5.337471079428450895e-04 1.023532837925881545e+01
5.337413830416713094e-04 -1.023532796762253483e+01
4.188465248161641133e-04 -1.016103304022372456e+01
4.188458437240389774e-04 1.016103281543311887e+01
9.042298862167828929e-04 -1.009569421628452268e+01
9.042298680996589894e-04 1.009569396118829765e+01
7.136221470414518420e-04 -1.007204095211265304e+01
7.136226473130591851e-04 1.007204090795975659e+01
6.313215639709812525e-04 -9.984136035105281692e+00
6.313215406730997249e-04 9.984135851670339790e+00
2.235480741991482988e-04 9.973229601867426908e+00
2.235479421013485861e-04 -9.973229595978319040e+00
2.151340833614576739e-04 9.952134876762846361e+00
2.151339911926141530e-04 -9.952134292507746949e+00
1.176949281813055147e-03 9.881259272874043376e+00
1.176949383658098180e-03 -9.881259229867008997e+00
2.089758612790130858e-03 -9.853628834359993149e+00
2.089758523880772684e-03 9.853628801132176207e+00
1.096519029439612216e-03 -9.835237153847677050e+00
1.096519003806580277e-03 9.835236899758585949e+00
6.915074284175004278e-04 -9.755366307283736660e+00
6.915074059480231941e-04 9.755366117482127564e+00
8.013237259947671772e-04 -9.652668961370714840e+00
8.013237192642070576e-04 9.652668780367294588e+00
2.956674623769522644e-04 -9.621311865416686260e+00
2.956684708172014307e-04 9.621311863166569722e+00
2.488584612645246448e-04 9.601169065802624303e+00
2.488607445362761095e-04 -9.601168568545958237e+00
1.332520539448165189e-03 -9.574073895756626484e+00
1.332520503996668633e-03 9.574073643233482755e+00
1.046481662558656741e-03 9.544324546625581718e+00
1.046480302855722078e-03 -9.544324450116553393e+00
7.529075455441953555e-04 -9.531389799862859391e+00
7.529075465979067272e-04 9.531389614164851309e+00
6.663251260530894627e-04 -9.488095316494391085e+00
6.663249996377222477e-04 9.488095227227844930e+00
1.929487873588850910e-03 -9.334427309762158842e+00
1.929487453305013230e-03 9.334427256070849666e+00
1.634559141433634608e-03 -9.318775946220402062e+00
1.634559091966434089e-03 9.318775695296368511e+00
8.532232778829274564e-04 -9.306975059493963087e+00
8.532223025407441363e-04 9.306974872315342040e+00
5.725507251711129357e-05 9.306772606109410262e+00
5.725407276760532065e-05 -9.306772485209076962e+00
7.179640956793561200e-05 9.287181706557463556e+00
7.179785612574002046e-05 -9.287181181097208693e+00
1.315849291381980405e-03 9.269924532460484201e+00
1.315846854823368847e-03 -9.269924492050487075e+00
5.751089338447584222e-04 -9.228590744653780931e+00
5.751091877906177718e-04 9.228590522183404588e+00
3.535100934318758650e-04 -9.180433640333065526e+00
3.535067068927294780e-04 9.180433632192743332e+00
4.395930143021395007e-04 9.125699430048037186e+00
4.395909823519433455e-04 -9.125699365098629556e+00
1.006515927186832447e-03 -9.076405081109498951e+00
1.006515912761295943e-03 9.076404892755270737e+00
1.023254342165152465e-03 9.061871137537028886e+00
1.023254726156239440e-03 -9.061871074513263125e+00
2.391393748129387446e-04 9.016065555942111232e+00
2.391435337179744218e-04 -9.016065471720382973e+00
3.593619123853028247e-04 8.994316492389943463e+00
3.593577024134582171e-04 -8.994316062319244409e+00
7.281358975919756610e-04 -8.950860056793683128e+00
7.281361022638904940e-04 8.950859940041226537e+00
1.200420671077248407e-04 -8.908436009648045939e+00
1.200455761510510694e-04 8.908435253689651390e+00
4.159954179598677831e-04 8.890577305439395062e+00
4.160347122342771117e-04 -8.890576710501173707e+00
1.528636814606628130e-03 8.877390015377837784e+00
1.528602038669770510e-03 -8.877389914566832019e+00
1.194865134090497202e-03 -8.838582603830928974e+00
1.194865115854077666e-03 8.838582414322370795e+00
1.584445151514068300e-03 8.836547522188608283e+00
1.584444169127514684e-03 -8.836547515774290318e+00
1.776035826919503601e-03 8.728666845209794189e+00
1.776035927704733590e-03 -8.728666840633785284e+00
8.741066804108619127e-04 -8.722688969415939297e+00
8.741066539462508111e-04 8.722688844468105884e+00
1.798898207766533742e-03 8.712597714888287825e+00
1.798898331192074797e-03 -8.712597685593156172e+00
1.419686230546184222e-03 -8.597100921945825647e+00
1.419686206155323580e-03 8.597100731707241650e+00
1.067872969430924950e-03 -8.529821841673681959e+00
1.067869847369467716e-03 8.529821619289757351e+00
1.161180292670685368e-03 8.517018530730561920e+00
1.161175963961222227e-03 -8.517018196655079976e+00
8.820859529927367083e-04 -8.512354017033628040e+00
8.820851915083276510e-04 8.512353903222095397e+00
2.440019264668295341e-04 -8.405142178465421665e+00
2.440004934402041105e-04 8.405141617501090678e+00
3.269488023837883463e-04 8.378163883229696296e+00
3.269476088534518259e-04 -8.378163377600204242e+00
1.688825509495245824e-03 -8.356254965735317342e+00
1.688825477181992839e-03 8.356254775118118872e+00
9.063243975710504269e-04 -8.305422759318952686e+00
9.063244392462395512e-04 8.305422643487119672e+00
1.773004869872288683e-03 8.295886916189338933e+00
1.773004915956696240e-03 -8.295886867410793286e+00
1.086201341481811975e-04 -8.283140105961189548e+00
1.086199746038225432e-04 8.283140088391121481e+00
1.055164587102848145e-04 8.266078898099191719e+00
1.055163235762917754e-04 -8.266078263704827123e+00
4.870313508561268322e-04 -8.131917904520138407e+00
4.870315402246372339e-04 8.131917552142731154e+00
2.015773184555845216e-03 -8.121202415158066401e+00
2.015773138264882400e-03 8.121202224293654126e+00
4.779848775084401345e-04 8.120073267205549783e+00
4.779847751262406822e-04 -8.120072592102934195e+00
1.011575670308224959e-03 -8.103761063441909940e+00
1.011575655386798235e-03 8.103760944357437879e+00
1.779963337506016048e-03 7.962723414978684744e+00
1.779963466035170382e-03 -7.962723357241409339e+00
2.435408380806499632e-03 -7.899273761317991749e+00
2.435407907673601755e-03 7.899273570015024504e+00
1.163849096017142374e-03 -7.896387865314805410e+00
1.163849497501583553e-03 7.896387743935991743e+00
1.426240957386730283e-03 -7.874434125534066631e+00
1.426248739295903328e-03 7.874433836396624642e+00
5.489865702159727519e-04 7.839740461210590539e+00
5.489954744369431126e-04 -7.839740269169433340e+00
1.893254792763525863e-03 7.687044992839564550e+00
1.893254745157562204e-03 -7.687044984538732528e+00
1.333885178093238439e-03 -7.683159271561984305e+00
1.333885130664017298e-03 7.683159148421806250e+00
1.863388260260561693e-03 -7.663918199940901843e+00
1.863389480587579515e-03 7.663918196430274499e+00
2.553684707594880985e-04 -7.638887026906073352e+00
2.553676759273410045e-04 7.638886769920046227e+00
2.419875283298194679e-04 7.624831640090222074e+00
2.419868074710085652e-04 -7.624830900748252205e+00
1.852646596835992034e-04 -7.577594931806699741e+00
1.852621322301774124e-04 7.577594331144631212e+00
1.940602293922080506e-04 7.555384057863185454e+00
1.940581731714341603e-04 -7.555383324460470895e+00
1.546134250910557962e-03 -7.465736081777099464e+00
1.546134235775541025e-03 7.465735956065704393e+00
1.874540636802375431e-03 7.428097822143093332e+00
1.874540794406495507e-03 -7.428097761932808574e+00
9.041200854350522724e-04 -7.398086906774769211e+00
9.041200596886865126e-04 7.398086817804227167e+00
4.064889576965024256e-05 7.330905264832918711e+00
4.064889408587583902e-05 -7.330905113134958739e+00
3.996618778953584401e-05 7.314960722316541819e+00
3.996617590246189080e-05 -7.314960162376234365e+00
8.993928095796140110e-04 -7.280733193231550437e+00
8.993927673512611435e-04 7.280733182875220422e+00
1.795677973259521666e-03 -7.247151093593044102e+00
1.795677959832307682e-03 7.247150965566656389e+00
1.996049701824101612e-03 7.224875789694809924e+00
1.996049936903532794e-03 -7.224875737671118792e+00
3.079049698851440194e-03 7.160932248748600237e+00
3.079049818278019063e-03 -7.160932244901974997e+00
7.185992133177701547e-05 7.109880926318036032e+00
7.185997164820311707e-05 -7.109880795079999594e+00
7.124674027737344705e-05 7.093119462860489222e+00
7.124673910985325140e-05 -7.093118837040613300e+00
1.211976679156970705e-03 -7.067216897659695185e+00
1.211976746772378336e-03 7.067216823711232720e+00
2.007704067168059221e-03 7.051482024361473755e+00
2.007704270315005535e-03 -7.051481976791578177e+00
2.090996732362843894e-03 -7.030639599791201455e+00
2.090996709541902577e-03 7.030639469497390159e+00
2.609729227939604993e-03 6.948670194862391902e+00
2.609729329427122168e-03 -6.948670173842413256e+00
1.068573212339039760e-03 -6.915725929948552064e+00
1.068573061958294577e-03 6.915725892582882395e+00
2.439886336399808234e-03 -6.820039148102771343e+00
2.439886309079728442e-03 6.820039015722664466e+00
3.001459673749057137e-03 -6.809845931949835673e+00
3.001459358633755230e-03 6.809845917231988288e+00
2.620908879329351114e-04 6.789380061678440548e+00
2.620963312192574443e-04 -6.789379889483955210e+00
3.747372514277173372e-04 6.775851039470600412e+00
3.747397780951516964e-04 -6.775850502092774619e+00
1.359550290626183443e-03 -6.759844563433869524e+00
1.359547141475201141e-03 6.759844447079605523e+00
1.585293801093861591e-03 6.749072426942110958e+00
1.585281225818372481e-03 -6.749072093078693158e+00
1.311943447875240244e-03 -6.726776878590144726e+00
1.311943641184444608e-03 6.726776819074411051e+00
2.936370322924225008e-04 -6.697534070973397924e+00
2.936352735931661785e-04 6.697533391928095270e+00
2.479877311100515372e-04 6.679893569082941518e+00
2.479869453513384504e-04 -6.679892742773847480e+00
2.860648434505982333e-03 -6.620254472600322515e+00
2.860648391684876730e-03 6.620254337936855471e+00
1.364069410892179961e-03 -6.547733473028197082e+00
1.364069363210312609e-03 6.547733417658553101e+00
3.434093810785986134e-03 -6.438738924190051449e+00
3.434093748233434454e-03 6.438738786364912592e+00
9.603151457542883013e-04 -6.433127996294899731e+00
9.603204333367679115e-04 6.433127695138828095e+00
8.580999107538136994e-04 6.423735467159965573e+00
8.581058925312273766e-04 -6.423734898935800963e+00
1.556339424753881923e-03 -6.359888584959739966e+00
1.556339410670808891e-03 6.359888524399427645e+00
2.657092613544433362e-03 6.350497243205803777e+00
2.657091573457239474e-03 -6.350497235430578868e+00
2.658977944800731009e-03 6.310254146565105415e+00
2.658978114432589916e-03 -6.310254097350150637e+00
4.466674047579374102e-05 6.192344705690913109e+00
4.466672387161479886e-05 -6.192344594563643945e+00
4.359698068916094903e-05 6.178782908557181486e+00
4.359695403650271241e-05 -6.178782299322371330e+00
1.732753258619913099e-03 -6.169282841574380782e+00
1.732753369700416619e-03 6.169282778202966000e+00
1.512892716758378400e-04 -6.165296758714459813e+00
1.512838842116231855e-04 6.165296516197415144e+00
4.451581890791363226e-04 6.134664443841183257e+00
4.451531655934216772e-04 -6.134663955692958304e+00
3.062925164792076557e-04 -6.037715770759453093e+00
3.062879392753002010e-04 6.037715227503140270e+00
5.384392308799354357e-04 6.022634400682220779e+00
5.384374171355385758e-04 -6.022633736802480264e+00
7.026198935678960302e-04 -5.983305658466747445e+00
7.026478460919499030e-04 5.983305359958015934e+00
1.958542231963439090e-03 -5.976770661094507275e+00
1.958542224361778904e-03 5.976770594436127126e+00
1.053498569835090290e-03 5.975947286744445641e+00
1.053597919675098096e-03 -5.975946881772067343e+00
1.236702848085185092e-03 5.968096643380241595e+00
1.236628558488374937e-03 -5.968096252216758657e+00
2.221304884560014545e-03 -5.784897850552843224e+00
2.221304875566616072e-03 5.784897780203827722e+00
2.652185255310791651e-03 5.760530179658026384e+00
2.652185448154506606e-03 -5.760530117934711036e+00
4.698336675480572632e-04 -5.648008815364566892e+00
4.698323039908557596e-04 5.648008570133131734e+00
6.192362049116014724e-04 5.618779299842685759e+00
6.192350156845526045e-04 -5.618778989017713776e+00
2.529097929270250275e-03 -5.596010020994770962e+00
2.529097917894042574e-03 5.596009946953119041e+00
2.686924877469038658e-03 5.549661360436617841e+00
2.686924995298282850e-03 -5.549661298956769961e+00
1.526604806936464190e-04 -5.440976840503047640e+00
1.526601821372970712e-04 5.440976608350306165e+00
1.534968567384514587e-04 5.430306091576497352e+00
1.534967864068661223e-04 -5.430305290246091765e+00
2.886007747016151089e-03 -5.412875469810091822e+00
2.886007731487681520e-03 5.412875392190366952e+00
5.857978438404457634e-05 5.393161977117550521e+00
5.857983590574020470e-05 -5.393161810100163933e+00
2.867299853241196250e-03 5.386094304190875981e+00
2.867308923931099866e-03 -5.386094241319439924e+00
8.166132572490398828e-05 5.381415120568739496e+00
8.165226306706331485e-05 -5.381414565528332972e+00
1.048621134181633050e-03 -5.290229158273595189e+00
1.048606511348458038e-03 5.290228775115894955e+00
1.637038676778743672e-03 5.276916918985185667e+00
1.637024943648909825e-03 -5.276916513227636329e+00
2.811400058785577458e-03 5.240670991874002205e+00
2.811400364035661348e-03 -5.240670941320169973e+00
3.303338045376893930e-03 -5.238667299881061723e+00
3.303338023994881884e-03 5.238667218735938214e+00
3.605794465485868874e-03 5.176648218005187374e+00
3.605794195549468818e-03 -5.176648180770455632e+00
3.381701417850864130e-03 -5.122327697505115296e+00
3.381702091007054642e-03 5.122327674654452601e+00
3.810443294678001348e-03 -5.077275832600916416e+00
3.810443265041191848e-03 5.077275747758255520e+00
2.012477717467123402e-03 -4.987767694421788356e+00
2.012502216291391262e-03 4.987767402742713685e+00
1.888007138500603975e-04 -4.985869004746175115e+00
1.887749750987679576e-04 4.985868393991893299e+00
2.140960938547274532e-03 4.982867376488225197e+00
2.140959139057085729e-03 -4.982866929749680374e+00
1.645997554335687117e-03 4.973007523222015003e+00
1.646018826003697692e-03 -4.973007521932657049e+00
1.047594658012331471e-04 4.970774838940626772e+00
1.047385687871820256e-04 -4.970773949639924361e+00
4.523025069907616984e-03 -4.934489799944345556e+00
4.523025022193355622e-03 4.934489710568620069e+00
1.768067237410675440e-03 4.849192119897459463e+00
1.768067229388566855e-03 -4.849192108197243556e+00
7.718165697424436646e-05 -4.819413190178859274e+00
7.718165495065366661e-05 4.819413067617057678e+00
7.483932132824049771e-05 4.808764553838104305e+00
7.483928556465896192e-05 -4.808763783872255004e+00
1.147734167560111049e-03 -4.683421664859711342e+00
1.147734865988828037e-03 4.683421250802766167e+00
1.126797926121620710e-03 4.678500218178651693e+00
1.126797988371155013e-03 -4.678499531886574303e+00
2.143336568351581969e-03 -4.672927436078857966e+00
2.143336804418785515e-03 4.672927422925077678e+00
2.620776131302074446e-05 -4.668158859547101081e+00
2.620722530348823951e-05 4.668158416587835369e+00
2.246173194346411133e-05 4.653495743970468723e+00
2.246180325161813401e-05 -4.653494879623466751e+00
4.301382472524315978e-03 4.626751267174060267e+00
4.301382606512865400e-03 -4.626751243425700544e+00
2.146368573358442382e-03 -4.520318569853334800e+00
2.146368502073165655e-03 4.520318562009728147e+00
2.227434766494543975e-03 -4.413106275629490760e+00
2.227452331932722619e-03 4.413106195398762921e+00
3.696961596517069808e-04 4.382717744037326391e+00
3.697504454456803573e-04 -4.382717674621857462e+00
2.082063336309516142e-03 4.360674446084289002e+00
2.082026879890738671e-03 -4.360674171939204591e+00
2.467172271813087344e-03 -4.356758598673267535e+00
2.467172249411068302e-03 4.356758583439734878e+00
5.888749624722194095e-04 -4.290090716225948064e+00
5.888743699594032547e-04 4.290090272954448558e+00
5.795411780529113226e-04 4.284622953157967373e+00
5.795403901615613952e-04 -4.284622126668010011e+00
3.631920954368077637e-05 4.229675621163217158e+00
3.631919149831529508e-05 -4.229675548252423312e+00
3.534469623241706849e-05 4.219566717585637505e+00
3.534470928534842391e-05 -4.219566038010556852e+00
2.697609928568152609e-03 -4.196962365817136664e+00
2.697609931709364292e-03 4.196962345781258819e+00
3.000553907358926697e-03 -4.039687295671640754e+00
3.000553917996882057e-03 4.039687270918157047e+00
3.800892970545147447e-03 4.026190167838664458e+00
3.800893175897758665e-03 -4.026190119487141672e+00
2.363302108765716770e-03 3.996554230335586766e+00
2.363299271348610810e-03 -3.996554228846568968e+00
2.828742068928258584e-04 3.935599612053023222e+00
2.828844521812499740e-04 -3.935599512854426774e+00
2.376397628975418334e-03 3.889682537712518595e+00
2.376395341764466016e-03 -3.889682400695991582e+00
3.315076098217221382e-03 -3.887347575708506309e+00
3.315080680001948610e-03 3.887347551385753608e+00
3.760412622256123993e-04 -3.807373426754276480e+00
3.760458222648599153e-04 3.807373057658762328e+00
3.356868181969758537e-04 3.801348044174287288e+00
3.356921504811056687e-04 -3.801347201591059211e+00
3.750349413326559654e-03 -3.742176764783969212e+00
3.750349419484339669e-03 3.742176730926153549e+00
3.388092382369666412e-03 3.729114555630277827e+00
3.388091342340234478e-03 -3.729114500439004054e+00
3.827914284669529672e-03 3.663059742760049975e+00
3.827914519244665029e-03 -3.663059691505619053e+00
1.919314433708511780e-05 3.613321290406918518e+00
1.919313996070793086e-05 -3.613321119962439099e+00
4.222427723714797243e-03 -3.605985772962335911e+00
4.222427640353200971e-03 3.605985734664614029e+00
1.898957763404659975e-05 3.605392147611238940e+00
1.898948640896626710e-05 -3.605391571941508833e+00
3.697188508738033161e-03 -3.542104979075537230e+00
3.697202573003953874e-03 3.542104971083051890e+00
5.529696668621918209e-04 3.525431086429815064e+00
5.529886728108753978e-04 -3.525431017613220419e+00
4.799560729305091603e-03 -3.480904804408788689e+00
4.799560726040047118e-03 3.480904761545823067e+00
1.650063653076652877e-03 3.477050865536304602e+00
1.650059346908895434e-03 -3.477050708592630990e+00
3.597315957881048153e-03 3.423409817096543684e+00
3.597316325722253131e-03 -3.423409774019538609e+00
3.961310220500770425e-03 3.394488847173474877e+00
3.961309225798733541e-03 -3.394488787366751303e+00
5.584159410644795075e-03 -3.369521601520919951e+00
5.584159391027795211e-03 3.369521553596641628e+00
4.884700095048757451e-05 -3.310096034643968732e+00
4.884668627003440456e-05 3.310095572276793519e+00
5.009617527407649192e-05 3.299188174250450967e+00
5.009584201950791136e-05 -3.299187315254562325e+00
1.135324558933236176e-04 -3.242516539278613941e+00
1.135323825896807987e-04 3.242516247727825096e+00
1.132022841596448480e-04 3.236448717755318949e+00
1.132022071766151694e-04 -3.236447856723891459e+00
2.425312340284746342e-03 -3.194302090700474661e+00
2.425313253531592543e-03 3.194301917861555040e+00
2.382140793459404989e-03 3.191281097026697378e+00
2.382141129820397000e-03 -3.191280752894517292e+00
1.024212308776069673e-05 -3.165508706106733072e+00
1.024211510193929960e-05 3.165508473968052350e+00
1.039756554473380300e-05 3.154845578825942187e+00
1.039770211895040638e-05 -3.154844763876456071e+00
9.625304165181775484e-04 -3.147979164005131114e+00
9.625296261659196245e-04 3.147979150468263487e+00
1.177512283900437363e-03 3.105777367514667819e+00
1.177511632267494446e-03 -3.105777207784542693e+00
1.367085157050573806e-03 -2.909030599359411884e+00
1.367081767956031691e-03 2.909030236721840801e+00
1.369580237045753485e-03 2.906714970001273546e+00
1.369576680545752734e-03 -2.906714350516387491e+00
1.795130532672540224e-03 -2.821663792789168124e+00
1.795130202695196381e-03 2.821663779788381898e+00
1.953373739282002804e-03 2.779167727020167344e+00
1.953373594957110923e-03 -2.779167620417656526e+00
9.394866580109172485e-05 -2.725893322662775287e+00
9.394805490555204472e-05 2.725892824426689121e+00
9.322154090282188928e-05 2.717165254228733229e+00
9.322096738922584617e-05 -2.717164385593123122e+00
5.425049721171111149e-05 -2.625566086175583180e+00
5.425057932141523855e-05 2.625565932938382918e+00
5.521349985348255403e-05 2.620193240414839586e+00
5.521393304206492363e-05 -2.620192450358556524e+00
4.847292040151805065e-03 -2.592261716492401558e+00
4.847293353849067149e-03 2.592261705906526714e+00
2.877556837734893905e-03 2.556079161245140341e+00
2.877557814801435295e-03 -2.556079120345669420e+00
7.350826275469819022e-04 -2.553177398320456870e+00
7.350782029084616375e-04 2.553176913388879754e+00
7.353870823111958348e-04 2.550977198475741670e+00
7.353830798655182138e-04 -2.550976369401519950e+00
3.522642757721090173e-03 2.443205756325521616e+00
3.522642449578937320e-03 -2.443205739016090394e+00
3.616464539156658779e-03 2.323472125085983109e+00
3.616464524335206987e-03 -2.323472113634393210e+00
2.147572532748295664e-04 -2.243901952666487176e+00
2.147606165227734906e-04 2.243901460890327382e+00
1.811543154894762800e-04 2.236258901465807192e+00
1.811580528869537979e-04 -2.236258064935159773e+00
3.867920139465934846e-03 2.212355546462566824e+00
3.867919861833352558e-03 -2.212355537164010233e+00
5.587788677737136160e-03 2.207109304864135257e+00
5.587788801388083280e-03 -2.207109279834574611e+00
5.485461953670319217e-04 -2.122968597288405590e+00
5.485645045188693647e-04 2.122968441862131961e+00
3.506124379303420381e-04 2.118875710357178921e+00
3.506323347107165268e-04 -2.118875135459170611e+00
4.281057919194466641e-03 2.102957845925669478e+00
4.281057868652345805e-03 -2.102957843513757030e+00
4.444950301067895036e-03 2.067948010217834920e+00
4.444973938368018337e-03 -2.067947938592103352e+00
5.660650776420592676e-04 2.060606634419599015e+00
5.660979933325816600e-04 -2.060606552879058473e+00
3.978056855699762129e-04 2.056667587639024575e+00
3.977475985536804140e-04 -2.056666935901580118e+00
4.700699665048982054e-03 -1.999957910407301087e+00
4.700699703836017269e-03 1.999957908114975869e+00
5.194716163462243137e-03 -1.903253716302130139e+00
5.194716200200397323e-03 1.903253709210468436e+00
5.301693783962471880e-03 1.873537718711824507e+00
5.301694004797211264e-03 -1.873537687953019004e+00
3.688670669269222737e-03 1.816484147628008250e+00
3.688665571236760411e-03 -1.816484120134710167e+00
5.772795630036198396e-03 -1.813362018849529855e+00
5.772795662192093530e-03 1.813362007044633017e+00
7.098964261057384836e-04 -1.785442005273291777e+00
7.097599983200545727e-04 1.785441788531938911e+00
1.888216813572377506e-03 1.779353782344083479e+00
1.888085961272176943e-03 -1.779353258575637087e+00
6.460026098038976032e-03 -1.730405634668495507e+00
6.460026104890552630e-03 1.730405618149509994e+00
5.839640944057345427e-03 1.726965066432137652e+00
5.839640974089246005e-03 -1.726965045214792660e+00
4.387793672342744922e-05 -1.720367095544143243e+00
4.387837977742919975e-05 1.720366822351272029e+00
3.965856301309779127e-05 1.713739783092475433e+00
3.965907892534210644e-05 -1.713739004816353440e+00
1.251750352570796791e-05 1.685529834393582949e+00
1.251749985248479581e-05 -1.685529653994531252e+00
1.245075529260186297e-05 1.682964299763472837e+00
1.245077975943648818e-05 -1.682963680204855761e+00
3.834839044526632424e-03 1.635850500666312657e+00
3.834844714988207108e-03 -1.635850431528920623e+00
2.764166457781877377e-04 -1.615466146058442076e+00
2.762956910882992411e-04 1.615465997581654101e+00
8.084538776887339670e-04 1.613011329692178641e+00
8.083271291232703047e-04 -1.613010709255057185e+00
4.155919198969966477e-03 1.599143844006795101e+00
4.155918936122287091e-03 -1.599143797346570972e+00
3.452267484944256375e-03 1.463778091993224617e+00
3.452267536431936814e-03 -1.463778025977475528e+00
2.664061024362766698e-03 1.387516376706077192e+00
2.664062034227090807e-03 -1.387516292118002426e+00
1.520084223815112165e-03 -1.377307120482651026e+00
1.520099339173822291e-03 1.377307051536980964e+00
6.349836409000770296e-04 1.367210419258072296e+00
6.349983380892558179e-04 -1.367210118473225711e+00
3.299211457121639830e-03 1.243533386051687062e+00
3.299210928505608674e-03 -1.243533299736043984e+00
1.568881113299150712e-03 1.118513122738525878e+00
1.568881360626576396e-03 -1.118513000655141365e+00
2.035085962264907358e-04 -1.108626008122251649e+00
2.035239284638472237e-04 1.108625702810628555e+00
1.828832185973819802e-04 1.104076542240347347e+00
1.829107143859508625e-04 -1.104075814504470454e+00
1.531868038901616769e-03 1.090132615073591715e+00
1.531855737164507540e-03 -1.090132464269394807e+00
7.497491623590344951e-05 -1.054265552855916832e+00
7.496343196463004757e-05 1.054265529058228124e+00
1.356249403502391511e-04 1.052499292524927688e+00
1.356129942865764277e-04 -1.052498725848264538e+00
1.124816019734293246e-03 9.998376603388318129e-01
1.124816920944668452e-03 -9.998375795762456386e-01
1.966001067753000032e-03 9.464697262906563990e-01
1.966000115077445702e-03 -9.464696053422386735e-01
8.534808230002273151e-04 7.868662748961744446e-01
8.534802298258620029e-04 -7.868660724304130660e-01
9.955996079716639049e-04 7.781125547750887828e-01
9.956001100979996413e-04 -7.781124750522480094e-01
1.924940350895111346e-03 6.894292337630690826e-01
1.924940829903424178e-03 -6.894291854399829944e-01
2.310248139415416700e-03 6.487118721013533928e-01
2.310247707872053590e-03 -6.487117717724830701e-01
1.145150326761176275e-04 -5.694257129225930303e-01
1.145108255228929097e-04 5.694253429335126571e-01
1.362974248783831405e-04 5.657795346313081453e-01
1.362931250885506061e-04 -5.657787087024928052e-01
3.602451024054785105e-05 4.560606866882644939e-01
3.602280741733882100e-05 -4.560599138674030217e-01
3.817781531102782159e-05 -4.555913488420251789e-01
3.817596002923266451e-05 4.555911541825012900e-01
3.035074359825977192e-03 4.394625311852238259e-01
3.035074594848548041e-03 -4.394625027334655987e-01
2.729206794077754152e-03 4.086633258959063153e-01
2.729213818623105366e-03 -4.086632220010328331e-01
4.430183589503649210e-04 3.903818865314731545e-01
4.430026247006950478e-04 -3.903816225882334456e-01
1.126668613732360446e-03 3.827245060492505124e-01
1.126676899228817776e-03 -3.827244509645552628e-01
4.374065441931471350e-03 2.478732832970904909e-01
4.374065808255160615e-03 -2.478732667747812479e-01
4.783883967746218289e-03 2.168241602958788650e-01
4.783883840924032724e-03 -2.168241191929269340e-01
2.194360914879814136e-05 -1.877657097497656691e-01
2.194341340091013283e-05 1.877656482943388383e-01
2.148200329792640745e-05 1.853423401354364897e-01
2.148157489834784644e-05 -1.853416414343410645e-01
5.719854788911946965e-03 1.108259036751368387e-01
5.719855190497598850e-03 -1.108258975873675917e-01
6.302811395520676284e-03 8.810803326316812845e-02
6.302812341944331875e-03 -8.810801003374885143e-02
2.814105995024900270e-04 -6.603265260609168796e-02
2.813818311506323497e-04 6.603221650137496013e-02
3.446011946651719921e-04 6.378635958983089327e-02
3.445711773702120556e-04 -6.378551468728947682e-02
6.742021899654484542e-03 2.733641828818547670e-02
6.742022670103903215e-03 -2.733641791041985930e-02
8.981027065224540112e-03 1.582474136228774822e-02
8.981026120939159321e-03 -1.582473501942015248e-02
6.069718827017612561e+00 6.850426910113270368e-09
6.069718827017922536e+00 6.850166870301821712e-09
