0.000000000000000000e+00 -1.167294962764747801e+01 1.000000000000000000e+00
6.642965025857367145e+00 -1.165011532864967769e+01 9.980438278476146952e-01
1.328593005171473429e+01 -1.161908481290785922e+01 9.953855009695201650e-01
1.992889507757210055e+01 -1.158581004527572311e+01 9.925349131837797323e-01
2.657186010342946858e+01 -1.155169304803202124e+01 9.896121731453154657e-01
3.321482512928683661e+01 -1.151729847696918085e+01 9.866656538712686997e-01
3.985779015514420109e+01 -1.148285386322939594e+01 9.837148475336654485e-01
4.650075518100156557e+01 -1.144845078208691191e+01 9.807675992168389811e-01
5.314372020685893716e+01 -1.141412597979375931e+01 9.778270569042213367e-01
5.978668523271630164e+01 -1.137989409117137640e+01 9.748944743338909813e-01
6.642965025857367323e+01 -1.134576083427995385e+01 9.719703413614863008e-01
7.307261528443103771e+01 -1.131172833169262049e+01 9.690548398239205996e-01
7.971558031028840219e+01 -1.127779725650951015e+01 9.661480273844370581e-01
8.635854533614576667e+01 -1.124396769782171113e+01 9.632499116753044932e-01
9.300151036200313115e+01 -1.121023950974246475e+01 9.603604801986740380e-01
9.964447538786050984e+01 -1.117661245216620891e+01 9.574797123851463976e-01
1.062874404137178743e+02 -1.114308624753366317e+01 9.546075844567315505e-01
1.129304054395752530e+02 -1.110966060372296660e+01 9.517440713878900782e-01
1.195733704654326033e+02 -1.107633522327981801e+01 9.488891476962623139e-01
1.262163354912899678e+02 -1.104310980713826496e+01 9.460427877614212555e-01
1.328593005171473465e+02 -1.100998405611966824e+01 9.432049659532865116e-01
1.395022655430047109e+02 -1.097695767153558322e+01 9.403756566837715436e-01
1.461452305688620754e+02 -1.094403035542929459e+01 9.375548344274756696e-01
1.527881955947194399e+02 -1.091120181067163486e+01 9.347424737298928310e-01
1.594311606205768044e+02 -1.087847174099801251e+01 9.319385492105836111e-01
1.660741256464341689e+02 -1.084583985102177017e+01 9.291430355643194305e-01
1.727170906722915333e+02 -1.081330584623796831e+01 9.263559075614070659e-01
1.793600556981489262e+02 -1.078086943302334078e+01 9.235771400476844306e-01
1.860030207240062623e+02 -1.074853031863469077e+01 9.208067079443834624e-01
1.926459857498636552e+02 -1.071628821120666863e+01 9.180445862479394981e-01
1.992889507757210197e+02 -1.068414281974932045e+01 9.152907500297816634e-01
2.059319158015783842e+02 -1.065209385414552656e+01 9.125451744361128270e-01
2.125748808274357486e+02 -1.062014102514840275e+01 9.098078346876877776e-01
2.192178458532931131e+02 -1.058828404437870496e+01 9.070787060795898471e-01
2.258608108791505060e+02 -1.055652262432224120e+01 9.043577639810104207e-01
2.325037759050078705e+02 -1.052485647832725846e+01 9.016449838350238943e-01
2.391467409308652066e+02 -1.049328532060188657e+01 8.989403411583695158e-01
2.457897059567225710e+02 -1.046180886621151984e+01 8.962438115412267869e-01
2.524326709825799355e+02 -1.043042683107628221e+01 8.935553706469981927e-01
2.590756360084373000e+02 -1.039913893196843908e+01 8.908749942120878229e-01
2.657186010342946929e+02 -1.036794488650985535e+01 8.882026580456829912e-01
2.723615660601520858e+02 -1.033684441316943392e+01 8.855383380295356321e-01
2.790045310860094219e+02 -1.030583723126058970e+01 8.828820101177451418e-01
2.856474961118667579e+02 -1.027492306093870589e+01 8.802336503365408849e-01
2.922904611377241508e+02 -1.024410162319861151e+01 8.775932347840662562e-01
2.989334261635815437e+02 -1.021337263987206256e+01 8.749607396301620765e-01
3.055763911894388798e+02 -1.018273583362523560e+01 8.723361411161529855e-01
3.122193562152962727e+02 -1.015219092795621414e+01 8.697194155546311700e-01
3.188623212411536088e+02 -1.012173764719250713e+01 8.671105393292444230e-01
3.255052862670109448e+02 -1.009137571648855314e+01 8.645094888944818701e-01
3.321482512928683377e+02 -1.006110486182323527e+01 8.619162407754613620e-01
3.387912163187257306e+02 -1.003092480999742264e+01 8.593307715677187542e-01
3.454341813445830667e+02 -1.000083528863148885e+01 8.567530579369954102e-01
3.520771463704404596e+02 -9.970836026162858801e+00 8.541830766190279256e-01
3.587201113962978525e+02 -9.940926751843567999e+00 8.516208044193389615e-01
3.653630764221551885e+02 -9.911107195737804076e+00 8.490662182130268576e-01
3.720060414480125246e+02 -9.881377088719480284e+00 8.465192949445576875e-01
3.786490064738699175e+02 -9.851736162469794778e+00 8.439800116275560926e-01
3.852919714997273104e+02 -9.822184149474834314e+00 8.414483453445998906e-01
3.919349365255846465e+02 -9.792720783023128206e+00 8.389242732470110209e-01
3.985779015514420394e+02 -9.763345797203259124e+00 8.364077725546500419e-01
4.052208665772993754e+02 -9.734058926901461462e+00 8.338988205557112954e-01
4.118638316031567683e+02 -9.704859907799235685e+00 8.313973946065178477e-01
4.185067966290141044e+02 -9.675748476370941376e+00 8.289034721313155440e-01
4.251497616548714973e+02 -9.646724369881432892e+00 8.264170306220705031e-01
4.317927266807288902e+02 -9.617787326383700375e+00 8.239380476382671681e-01
4.384356917065862262e+02 -9.588937084716478765e+00 8.214665008067028040e-01
4.450786567324436191e+02 -9.560173384501908345e+00 8.190023678212881020e-01
4.517216217583010121e+02 -9.531495966143184617e+00 8.165456264428450073e-01
4.583645867841583481e+02 -9.502904570822209962e+00 8.140962544989058802e-01
4.650075518100157410e+02 -9.474398940497254173e+00 8.116542298835131009e-01
4.716505168358730202e+02 -9.445978817900636315e+00 8.092195305570202279e-01
4.782934818617304131e+02 -9.417643946536395916e+00 8.067921345458930471e-01
4.849364468875877492e+02 -9.389394070677987258e+00 8.043720199425112849e-01
4.915794119134451421e+02 -9.361228935365943471e+00 8.019591649049693238e-01
4.982223769393025350e+02 -9.333148286405615224e+00 7.995535476568814692e-01
5.048653419651598711e+02 -9.305151870364854361e+00 7.971551464871847736e-01
5.115083069910172640e+02 -9.277239434571715293e+00 7.947639397499408620e-01
5.181512720168746000e+02 -9.249410727112204356e+00 7.923799058641440851e-01
5.247942370427319929e+02 -9.221665496827981201e+00 7.900030233135239000e-01
5.314372020685893858e+02 -9.194003493314106379e+00 7.876332706463525790e-01
5.380801670944467787e+02 -9.166424466916772928e+00 7.852706264752501442e-01
5.447231321203041716e+02 -9.138928168731062840e+00 7.829150694769928531e-01
5.513660971461615645e+02 -9.111514350598682199e+00 7.805665783923186885e-01
5.580090621720188437e+02 -9.084182765105742519e+00 7.782251320257375093e-01
5.646520271978761230e+02 -9.056933165580520750e+00 7.758907092453393162e-01
5.712949922237335159e+02 -9.029765306091226407e+00 7.735632889826022929e-01
5.779379572495909088e+02 -9.002678941443786442e+00 7.712428502322040691e-01
5.845809222754483017e+02 -8.975673827179633690e+00 7.689293720518313169e-01
5.912238873013056946e+02 -8.948749719573504180e+00 7.666228335619915679e-01
5.978668523271630875e+02 -8.921906375631223796e+00 7.643232139458234764e-01
6.045098173530203667e+02 -8.895143553087534016e+00 7.620304924489105236e-01
6.111527823788777596e+02 -8.868461010403889233e+00 7.597446483790922800e-01
6.177957474047351525e+02 -8.841858506766284265e+00 7.574656611062784428e-01
6.244387124305925454e+02 -8.815335802083083649e+00 7.551935100622628738e-01
6.310816774564499383e+02 -8.788892656982843832e+00 7.529281747405367486e-01
6.377246424823072175e+02 -8.762528832812169099e+00 7.506696346961051480e-01
6.443676075081646104e+02 -8.736244091633537323e+00 7.484178695453007624e-01
6.510105725340218896e+02 -8.710038196223177209e+00 7.461728589656019262e-01
6.576535375598792825e+02 -8.683910910068902922e+00 7.439345826954472107e-01
6.642965025857366754e+02 -8.657861997367996665e+00 7.417030205340541249e-01
6.709394676115940683e+02 -8.631891223025073501e+00 7.394781523412358171e-01
6.775824326374514612e+02 -8.605998352649955052e+00 7.372599580372193318e-01
6.842253976633088541e+02 -8.580183152555568071e+00 7.350484176024655314e-01
6.908683626891661334e+02 -8.554445389755823470e+00 7.328435110774871308e-01
6.975113277150235263e+02 -8.528784831963513113e+00 7.306452185626686191e-01
7.041542927408809192e+02 -8.503201247588220824e+00 7.284535202180876245e-01
7.107972577667383121e+02 -8.477694405734226279e+00 7.262683962633349477e-01
7.174402227925957050e+02 -8.452264076198424902e+00 7.240898269773363705e-01
7.240831878184529842e+02 -8.426910029468253072e+00 7.219177926981751314e-01
7.307261528443103771e+02 -8.401632036719604457e+00 7.197522738229135131e-01
7.373691178701677700e+02 -8.376429869814776552e+00 7.175932508074165384e-01
7.440120828960250492e+02 -8.351303301300410098e+00 7.154407041661756672e-01
7.506550479218824421e+02 -8.326252104405430288e+00 7.132946144721324933e-01
7.572980129477398350e+02 -8.301276053039003955e+00 7.111549623565035505e-01
7.639409779735972279e+02 -8.276374921788505645e+00 7.090217285086061194e-01
7.705839429994546208e+02 -8.251548485917467701e+00 7.068948936756830337e-01
7.772269080253120137e+02 -8.226796521363564096e+00 7.047744386627291524e-01
7.838698730511692929e+02 -8.202118804736587165e+00 7.026603443323186093e-01
7.905128380770266858e+02 -8.177515113316429662e+00 7.005525916044319512e-01
7.971558031028840787e+02 -8.152985225051068596e+00 6.984511614562831650e-01
8.037987681287414716e+02 -8.128528918554575711e+00 6.963560349221491474e-01
8.104417331545987508e+02 -8.104145973105103096e+00 6.942671930931978430e-01
8.170846981804562574e+02 -8.079836168642898997e+00 6.921846171173171580e-01
8.237276632063135366e+02 -8.055599285768328954e+00 6.901082881989463180e-01
8.303706282321709296e+02 -8.031435105739879177e+00 6.880381875989045604e-01
8.370135932580282088e+02 -8.007343410472197220e+00 6.859742966342232684e-01
8.436565582838857154e+02 -7.983323982534114904e+00 6.839165966779764405e-01
8.502995233097429946e+02 -7.959376605146691652e+00 6.818650691591131574e-01
8.569424883356002738e+02 -7.935501062181248955e+00 6.798196955622894944e-01
8.635854533614577804e+02 -7.911697138157433251e+00 6.777804574277022098e-01
8.702284183873150596e+02 -7.887964618241261050e+00 6.757473363509212128e-01
8.768713834131724525e+02 -7.864303288243183587e+00 6.737203139827242504e-01
8.835143484390297317e+02 -7.840712934616151486e+00 6.716993720289307079e-01
8.901573134648872383e+02 -7.817193344453690074e+00 6.696844922502366293e-01
8.968002784907445175e+02 -7.793744305487979140e+00 6.676756564620506262e-01
9.034432435166020241e+02 -7.770365606087928256e+00 6.656728465343286771e-01
9.100862085424593033e+02 -7.747057035257281399e+00 6.636760443914118124e-01
9.167291735683166962e+02 -7.723818382632699375e+00 6.616852320118620234e-01
9.233721385941739754e+02 -7.700649438481870668e+00 6.597003914283000592e-01
9.300151036200314820e+02 -7.677549993701608066e+00 6.577215047272427784e-01
9.366580686458887612e+02 -7.654519839815974613e+00 6.557485540489423892e-01
9.433010336717460405e+02 -7.631558768974390894e+00 6.537815215872242458e-01
9.499439986976035470e+02 -7.608666573949767198e+00 6.518203895893268651e-01
9.565869637234608263e+02 -7.585843048136625022e+00 6.498651403557411665e-01
9.632299287493182192e+02 -7.563087985549239889e+00 6.479157562400511550e-01
9.698728937751754984e+02 -7.540401180819780613e+00 6.459722196487748258e-01
9.765158588010330050e+02 -7.517782429196451233e+00 6.440345130412044039e-01
9.831588238268902842e+02 -7.495231526541649814e+00 6.421026189292491360e-01
9.898017888527477908e+02 -7.472748269330118376e+00 6.401765198772769727e-01
9.964447538786050700e+02 -7.450332454647116798e+00 6.382561985019572504e-01
1.003087718904462463e+03 -7.427983880186578070e+00 6.363416374721035940e-01
1.009730683930319742e+03 -7.405702344249296409e+00 6.344328195085181532e-01
1.016373648956177249e+03 -7.383487645741091399e+00 6.325297273838345058e-01
1.023016613982034528e+03 -7.361339584171010308e+00 6.306323439223635585e-01
1.029659579007891807e+03 -7.339257959649505558e+00 6.287406519999376719e-01
1.036302544033749200e+03 -7.317242572886633489e+00 6.268546345437561174e-01
1.042945509059606593e+03 -7.295293225190262021e+00 6.249742745322313109e-01
1.049588474085463986e+03 -7.273409718464265872e+00 6.230995549948348255e-01
1.056231439111321379e+03 -7.251591855206754644e+00 6.212304590119449577e-01
1.062874404137178772e+03 -7.229839438508273375e+00 6.193669697146930719e-01
1.069517369163036165e+03 -7.208152272050034171e+00 6.175090702848118340e-01
1.076160334188893557e+03 -7.186530160102146958e+00 6.156567439544835540e-01
1.082803299214750723e+03 -7.164972907521849343e+00 6.138099740061887521e-01
1.089446264240608343e+03 -7.143480319751741803e+00 6.119687437725550572e-01
1.096089229266465509e+03 -7.122052202818037969e+00 6.101330366362069935e-01
1.102732194292323129e+03 -7.100688363328811370e+00 6.083028360296159898e-01
1.109375159318180295e+03 -7.079388608472247491e+00 6.064781254349506101e-01
1.116018124344037687e+03 -7.058152746014914491e+00 6.046588883839283390e-01
1.122661089369895080e+03 -7.036980584300007280e+00 6.028451084576652574e-01
1.129304054395752246e+03 -7.015871932245642206e+00 6.010367692865299372e-01
1.135947019421609866e+03 -6.994826599343114459e+00 5.992338545499938940e-01
1.142589984447467032e+03 -6.973844395655187434e+00 5.974363479764857043e-01
1.149232949473324652e+03 -6.952925131814374105e+00 5.956442333432429015e-01
1.155875914499181818e+03 -6.932068619021231726e+00 5.938574944761664254e-01
1.162518879525039210e+03 -6.911274669042658303e+00 5.920761152496749613e-01
1.169161844550896603e+03 -6.890543094210185515e+00 5.903000795865577244e-01
1.175804809576753996e+03 -6.869873707418298281e+00 5.885293714578314628e-01
1.182447774602611389e+03 -6.849266322122733897e+00 5.867639748825943524e-01
1.189090739628468782e+03 -6.828720752338804267e+00 5.850038739278821120e-01
1.195733704654326175e+03 -6.808236812639716362e+00 5.832490527085245624e-01
1.202376669680183340e+03 -6.787814318154902438e+00 5.814994953870020744e-01
1.209019634706040733e+03 -6.767453084568342270e+00 5.797551861733022394e-01
1.215662599731898126e+03 -6.747152928116910253e+00 5.780161093247778714e-01
1.222305564757755519e+03 -6.726913665588708291e+00 5.762822491460047880e-01
1.228948529783612912e+03 -6.706735114321420888e+00 5.745535899886403675e-01
1.235591494809470305e+03 -6.686617092200656032e+00 5.728301162512813294e-01
1.242234459835327698e+03 -6.666559417658309172e+00 5.711118123793242907e-01
1.248877424861185091e+03 -6.646561909670926305e+00 5.693986628648246562e-01
1.255520389887042256e+03 -6.626624387758060841e+00 5.676906522463565086e-01
1.262163354912899877e+03 -6.606746671980656238e+00 5.659877651088737194e-01
1.268806319938757042e+03 -6.586928582939408194e+00 5.642899860835699499e-01
1.275449284964614435e+03 -6.567169941773162378e+00 5.625972998477407616e-01
1.282092249990471828e+03 -6.547470570157287284e+00 5.609096911246450601e-01
1.288735215016329221e+03 -6.527830290302065741e+00 5.592271446833665394e-01
1.295378180042186614e+03 -6.508248924951099745e+00 5.575496453386775686e-01
1.302021145068043779e+03 -6.488726297379701968e+00 5.558771779509010802e-01
1.308664110093901400e+03 -6.469262231393297924e+00 5.542097274257739015e-01
1.315307075119758565e+03 -6.449856551325851228e+00 5.525472787143116404e-01
1.321950040145616185e+03 -6.430509082038258661e+00 5.508898168126712402e-01
1.328593005171473351e+03 -6.411219648916785196e+00 5.492373267620171973e-01
1.335235970197330744e+03 -6.391988077871475937e+00 5.475897936483851147e-01
1.341878935223188137e+03 -6.372814195334599141e+00 5.459472026025483649e-01
1.348521900249045530e+03 -6.353697828259060820e+00 5.443095387998826418e-01
1.355164865274902922e+03 -6.334638804116862865e+00 5.426767874602335118e-01
1.361807830300760088e+03 -6.315636950897531854e+00 5.410489338477819654e-01
1.368450795326617708e+03 -6.296692097106570074e+00 5.394259632709116348e-01
1.375093760352474874e+03 -6.277804071763912752e+00 5.378078610820765659e-01
1.381736725378332267e+03 -6.258972704402379073e+00 5.361946126776688804e-01
1.388379690404189660e+03 -6.240197825066135628e+00 5.345862034978867694e-01
1.395022655430047053e+03 -6.221479264309165202e+00 5.329826190266031549e-01
1.401665620455904445e+03 -6.202816853193731106e+00 5.313838447912349050e-01
1.408308585481761838e+03 -6.184210423288858394e+00 5.297898663626119387e-01
1.414951550507619231e+03 -6.165659806668813303e+00 5.282006693548473297e-01
1.421594515533476624e+03 -6.147164835911581804e+00 5.266162394252067447e-01
1.428237480559333790e+03 -6.128725344097367689e+00 5.250365622739801008e-01
1.434880445585191410e+03 -6.110341164807079117e+00 5.234616236443516701e-01
1.441523410611048575e+03 -6.092012132120826706e+00 5.218914093222715156e-01
1.448166375636905968e+03 -6.073738080616433166e+00 5.203259051363277043e-01
1.454809340662763361e+03 -6.055518845367928726e+00 5.187650969576175219e-01
1.461452305688620754e+03 -6.037354261944077649e+00 5.172089706996211289e-01
1.468095270714478147e+03 -6.019244166406877206e+00 5.156575123180732190e-01
1.474738235740335540e+03 -6.001188395310093959e+00 5.141107078108372308e-01
1.481381200766192933e+03 -5.983186785697776067e+00 5.125685432177783385e-01
1.488024165792050098e+03 -5.965239175102791336e+00 5.110310046206378853e-01
1.494667130817907719e+03 -5.947345401545355514e+00 5.094980781429072625e-01
1.501310095843764884e+03 -5.929505303531572125e+00 5.079697499497033419e-01
1.507953060869622504e+03 -5.911718720051978515e+00 5.064460062476431323e-01
1.514596025895479670e+03 -5.893985490580085695e+00 5.049268332847194340e-01
1.521238990921337063e+03 -5.876305455070935935e+00 5.034122173501767161e-01
1.527881955947194456e+03 -5.858678453959655030e+00 5.019021447743873265e-01
1.534524920973051621e+03 -5.841104328160009906e+00 5.003966019287281464e-01
1.541167885998909242e+03 -5.823582919062977759e+00 4.988955752254574105e-01
1.547810851024766407e+03 -5.806114068535316974e+00 4.973990511175930829e-01
1.554453816050624027e+03 -5.788697618918128285e+00 4.959070160987887887e-01
1.561096781076481193e+03 -5.771333413025444337e+00 4.944194567032134668e-01
1.567739746102338586e+03 -5.754021294142802390e+00 4.929363595054291336e-01
1.574382711128195979e+03 -5.736761106025836554e+00 4.914577111202699244e-01
1.581025676154053372e+03 -5.719552692898862922e+00 4.899834982027211905e-01
1.587668641179910765e+03 -5.702395899453475359e+00 4.885137074477990948e-01
1.594311606205768157e+03 -5.685290570847142178e+00 4.870483255904303754e-01
1.600954571231625550e+03 -5.668236552701813480e+00 4.855873394053331626e-01
1.607597536257482943e+03 -5.651233691102523160e+00 4.841307357068970196e-01
1.614240501283340109e+03 -5.634281832596000683e+00 4.826785013490640930e-01
1.620883466309197502e+03 -5.617380824189288191e+00 4.812306232252108185e-01
1.627526431335054667e+03 -5.600530513348354056e+00 4.797870882680287941e-01
1.634169396360912515e+03 -5.583730747996725086e+00 4.783478834494078735e-01
1.640812361386769680e+03 -5.566981376514108959e+00 4.769129957803182052e-01
1.647455326412627073e+03 -5.550282247735023766e+00 4.754824123106926037e-01
1.654098291438484239e+03 -5.533633210947437320e+00 4.740561201293099769e-01
1.660741256464341859e+03 -5.517034115891404689e+00 4.726341063636789741e-01
1.667384221490199252e+03 -5.500484812757716391e+00 4.712163581799215795e-01
1.674027186516056418e+03 -5.483985152186538592e+00 4.698028627826572601e-01
1.680670151541913810e+03 -5.467534985266072844e+00 4.683936074148877249e-01
1.687313116567771431e+03 -5.451134163531206944e+00 4.669885793578814615e-01
1.693956081593628596e+03 -5.434782538962179110e+00 4.655877659310592165e-01
1.700599046619485989e+03 -5.418479963983238612e+00 4.641911544918795873e-01
1.707242011645343155e+03 -5.402226291461315277e+00 4.627987324357245025e-01
1.713884976671200548e+03 -5.386021374704691667e+00 4.614104871957859788e-01
1.720527941697058168e+03 -5.369865067461677022e+00 4.600264062429522682e-01
1.727170906722915561e+03 -5.353757223919293651e+00 4.586464770856952256e-01
1.733813871748772726e+03 -5.337697698701952653e+00 4.572706872699571212e-01
1.740456836774630119e+03 -5.321686346870146522e+00 4.558990243790385644e-01
1.747099801800487739e+03 -5.305723023919141745e+00 4.545314760334862592e-01
1.753742766826344905e+03 -5.289807585777674070e+00 4.531680298909815385e-01
1.760385731852202298e+03 -5.273939888806643772e+00 4.518086736462285091e-01
1.767028696878059463e+03 -5.258119789797822463e+00 4.504533950308431400e-01
1.773671661903917084e+03 -5.242347145972567901e+00 4.491021818132432397e-01
1.780314626929774477e+03 -5.226621814980521030e+00 4.477550217985369896e-01
1.786957591955631642e+03 -5.210943654898334110e+00 4.464119028284136981e-01
1.793600556981489035e+03 -5.195312524228379303e+00 4.450728127810333890e-01
1.800243522007346201e+03 -5.179728281897480358e+00 4.437377395709179440e-01
1.806886487033204048e+03 -5.164190787255633630e+00 4.424066711488418568e-01
1.813529452059061214e+03 -5.148699900074745983e+00 4.410795955017237091e-01
1.820172417084918607e+03 -5.133255480547355809e+00 4.397565006525169795e-01
1.826815382110775772e+03 -5.117857389285386915e+00 4.384373746601029631e-01
1.833458347136633392e+03 -5.102505487318878430e+00 4.371222056191823024e-01
1.840101312162490785e+03 -5.087199636094738686e+00 4.358109816601679065e-01
1.846744277188347951e+03 -5.071939697475487563e+00 4.345036909490773702e-01
1.853387242214205344e+03 -5.056725533738018363e+00 4.332003216874269480e-01
1.860030207240062964e+03 -5.041557007572342819e+00 4.319008621121240288e-01
1.866673172265920130e+03 -5.026433982080367180e+00 4.306053004953620533e-01
1.873316137291777522e+03 -5.011356320774645212e+00 4.293136251445141549e-01
1.879959102317634688e+03 -4.996323887577148071e+00 4.280258244020271885e-01
1.886602067343492081e+03 -4.981336546818039501e+00 4.267418866453173698e-01
1.893245032369349701e+03 -4.966394163234447490e+00 4.254618002866646376e-01
1.899887997395207094e+03 -4.951496601969251898e+00 4.241855537731090142e-01
1.906530962421064260e+03 -4.936643728569853451e+00 4.229131355863450237e-01
1.913173927446921653e+03 -4.921835408986972915e+00 4.216445342426189402e-01
1.919816892472779273e+03 -4.907071509573433410e+00 4.203797382926243165e-01
1.926459857498636438e+03 -4.892351897082959589e+00 4.191187363213992878e-01
1.933102822524493831e+03 -4.877676438668972381e+00 4.178615169482232106e-01
1.939745787550350997e+03 -4.863045001883389062e+00 4.166080688265137999e-01
1.946388752576208617e+03 -4.848457454675427769e+00 4.153583806437248782e-01
1.953031717602066010e+03 -4.833913665390422665e+00 4.141124411212447898e-01
1.959674682627923403e+03 -4.819413502768623125e+00 4.128702390142935386e-01
1.966317647653780568e+03 -4.804956835944021343e+00 4.116317631118223130e-01
1.972960612679637961e+03 -4.790543534443163942e+00 4.103970022364117898e-01
1.979603577705495582e+03 -4.776173468183975146e+00 4.091659452441711031e-01
1.986246542731352747e+03 -4.761846507474587042e+00 4.079385810246378696e-01
1.992889507757210140e+03 -4.747562523012164526e+00 4.067148985006774353e-01
1.999532472783067305e+03 -4.733321385881740895e+00 4.054948866283831221e-01
2.006175437808924926e+03 -4.719122967555048120e+00 4.042785343969759193e-01
2.012818402834782319e+03 -4.704967139889374650e+00 4.030658308287068392e-01
2.019461367860639484e+03 -4.690853775126382352e+00 4.018567649787553320e-01
2.026104332886496877e+03 -4.676782745890975868e+00 4.006513259351326961e-01
2.032747297912354497e+03 -4.662753925190140869e+00 3.994495028185823249e-01
2.039390262938211890e+03 -4.648767186411805419e+00 3.982512847824822289e-01
2.046033227964069056e+03 -4.634822403323689777e+00 3.970566610127464480e-01
2.052676192989926221e+03 -4.620919450072175749e+00 3.958656207277284622e-01
2.059319158015783614e+03 -4.607058201181160051e+00 3.946781531781225483e-01
2.065962123041641462e+03 -4.593238531550929871e+00 3.934942476468678008e-01
2.072605088067498400e+03 -4.579460316457034885e+00 3.923138934490512097e-01
2.079248053093355793e+03 -4.565723431549157496e+00 3.911370799318111824e-01
2.085891018119213186e+03 -4.552027752849989284e+00 3.899637964742410645e-01
2.092533983145070579e+03 -4.538373156754112792e+00 3.887940324872933839e-01
2.099176948170927972e+03 -4.524759520026893966e+00 3.876277774136850374e-01
2.105819913196785365e+03 -4.511186719803359502e+00 3.864650207278009786e-01
2.112462878222642757e+03 -4.497654633587091944e+00 3.853057519355998495e-01
2.119105843248500150e+03 -4.484163139249122132e+00 3.841499605745187784e-01
2.125748808274357543e+03 -4.470712115026835853e+00 3.829976362133797885e-01
2.132391773300214936e+03 -4.457301439522860065e+00 3.818487684522945957e-01
2.139034738326072329e+03 -4.443930991703981981e+00 3.807033469225716837e-01
2.145677703351929267e+03 -4.430600650900044180e+00 3.795613612866219899e-01
2.152320668377787115e+03 -4.417310296802865466e+00 3.784228012378661465e-01
2.158963633403644508e+03 -4.404059809465150188e+00 3.772876565006412775e-01
2.165606598429501446e+03 -4.390849069299404661e+00 3.761559168301079614e-01
2.172249563455358839e+03 -4.377677957076861581e+00 3.750275720121583611e-01
2.178892528481216686e+03 -4.364546353926402666e+00 3.739026118633235751e-01
2.185535493507073625e+03 -4.351454141333482184e+00 3.727810262306818223e-01
2.192178458532931018e+03 -4.338401201139063801e+00 3.716628049917670151e-01
2.198821423558788410e+03 -4.325387415538549440e+00 3.705479380544771106e-01
2.205464388584646258e+03 -4.312412667080713469e+00 3.694364153569829612e-01
2.212107353610503196e+03 -4.299476838666655532e+00 3.683282268676383864e-01
2.218750318636360589e+03 -4.286579813548724971e+00 3.672233625848881355e-01
2.225393283662217982e+03 -4.273721475329486097e+00 3.661218125371792365e-01
2.232036248688075375e+03 -4.260901707960648821e+00 3.650235667828693464e-01
2.238679213713932768e+03 -4.248120395742040145e+00 3.639286154101386561e-01
2.245322178739790161e+03 -4.235377423320545454e+00 3.628369485368992953e-01
2.251965143765647554e+03 -4.222672675689073785e+00 3.617485563107064594e-01
2.258608108791504492e+03 -4.210006038185521327e+00 3.606634289086699252e-01
2.265251073817362339e+03 -4.197377396491729584e+00 3.595815565373645106e-01
2.271894038843219732e+03 -4.184786636632463086e+00 3.585029294327426452e-01
2.278537003869076671e+03 -4.172233644974372879e+00 3.574275378600454967e-01
2.285179968894934063e+03 -4.159718308224972461e+00 3.563553721137153740e-01
2.291822933920791911e+03 -4.147240513431622588e+00 3.552864225173086310e-01
2.298465898946649304e+03 -4.134800147980499219e+00 3.542206794234073475e-01
2.305108863972506242e+03 -4.122397099595590753e+00 3.531581332135331763e-01
2.311751828998363635e+03 -4.110031256337670413e+00 3.520987742980598023e-01
2.318394794024221028e+03 -4.097702506603299710e+00 3.510425931161270108e-01
2.325037759050078421e+03 -4.085410739123811474e+00 3.499895801355539238e-01
2.331680724075935814e+03 -4.073155842964312434e+00 3.489397258527535128e-01
2.338323689101793207e+03 -4.060937707522675133e+00 3.478930207926461682e-01
2.344966654127650600e+03 -4.048756222528544058e+00 3.468494555085743780e-01
2.351609619153507992e+03 -4.036611278042343542e+00 3.458090205822182406e-01
2.358252584179365385e+03 -4.024502764454274129e+00 3.447717066235089223e-01
2.364895549205222778e+03 -4.012430572483341784e+00 3.437375042705458905e-01
2.371538514231080171e+03 -4.000394593176349822e+00 3.427064041895102608e-01
2.378181479256937564e+03 -3.988394717906930342e+00 3.416783970745820853e-01
2.384824444282794957e+03 -3.976430838374564125e+00 3.406534736478563086e-01
2.391467409308652350e+03 -3.964502846603593866e+00 3.396316246592580024e-01
2.398110374334509288e+03 -3.952610634942258283e+00 3.386128408864600425e-01
2.404753339360366681e+03 -3.940754096061713785e+00 3.375971131347988430e-01
2.411396304386224529e+03 -3.928933122955071688e+00 3.365844322371923103e-01
2.418039269412081467e+03 -3.917147608936428327e+00 3.355747890540563549e-01
2.424682234437938860e+03 -3.905397447639906705e+00 3.345681744732231788e-01
2.431325199463796253e+03 -3.893682533018691938e+00 3.335645794098582306e-01
2.437968164489653645e+03 -3.882002759344072018e+00 3.325639948063783269e-01
2.444611129515511038e+03 -3.870358021204495458e+00 3.315664116323709942e-01
2.451254094541368431e+03 -3.858748213504604507e+00 3.305718208845112582e-01
2.457897059567225824e+03 -3.847173231464298571e+00 3.295802135864817628e-01
2.464540024593083217e+03 -3.835632970617780746e+00 3.285915807888909468e-01
2.471182989618940610e+03 -3.824127326812621686e+00 3.276059135691928859e-01
2.477825954644798003e+03 -3.812656196208814574e+00 3.266232030316062462e-01
2.484468919670655396e+03 -3.801219475277838100e+00 3.256434403070341821e-01
2.491111884696512334e+03 -3.789817060801727422e+00 3.246666165529845660e-01
2.497754849722370182e+03 -3.778448849872132698e+00 3.236927229534894424e-01
2.504397814748227574e+03 -3.767114739889403818e+00 3.227217507190265899e-01
2.511040779774084513e+03 -3.755814628561651158e+00 3.217536910864391420e-01
2.517683744799941906e+03 -3.744548413903831197e+00 3.207885353188569821e-01
2.524326709825799753e+03 -3.733315994236821478e+00 3.198262747056178079e-01
2.530969674851657146e+03 -3.722117268186504901e+00 3.188669005621885821e-01
2.537612639877514084e+03 -3.710952134682857118e+00 3.179104042300873179e-01
2.544255604903371477e+03 -3.699820492959026819e+00 3.169567770768042525e-01
2.550898569929228870e+03 -3.688722242550434682e+00 3.160060104957246874e-01
2.557541534955086263e+03 -3.677657283293862545e+00 3.150580959060511055e-01
2.564184499980943656e+03 -3.666625515326549678e+00 3.141130247527254560e-01
2.570827465006801049e+03 -3.655626839085292623e+00 3.131707885063523267e-01
2.577470430032658442e+03 -3.644661155305543687e+00 3.122313786631215615e-01
2.584113395058515835e+03 -3.633728365020518769e+00 3.112947867447318773e-01
2.590756360084373227e+03 -3.622828369560302963e+00 3.103610042983140915e-01
2.597399325110230620e+03 -3.611961070550961050e+00 3.094300228963552946e-01
2.604042290136087558e+03 -3.601126369913643543e+00 3.085018341366217998e-01
2.610685255161945406e+03 -3.590324169863709614e+00 3.075764296420843702e-01
2.617328220187802799e+03 -3.579554372909843796e+00 3.066538010608423903e-01
2.623971185213660192e+03 -3.568816881853167811e+00 3.057339400660477047e-01
2.630614150239517130e+03 -3.558111599786373702e+00 3.048168383558305661e-01
2.637257115265374523e+03 -3.547438430092840544e+00 3.039024876532237518e-01
2.643900080291232371e+03 -3.536797276445771132e+00 3.029908797060887893e-01
2.650543045317089309e+03 -3.526188042807314016e+00 3.020820062870406275e-01
2.657186010342946702e+03 -3.515610633427703302e+00 3.011758591933739182e-01
2.663828975368804095e+03 -3.505064952844391346e+00 3.002724302469887974e-01
2.670471940394661488e+03 -3.494550905881184555e+00 2.993717112943168890e-01
2.677114905420518880e+03 -3.484068397647393844e+00 2.984736942062483633e-01
2.683757870446376273e+03 -3.473617333536966445e+00 2.975783708780576631e-01
2.690400835472233666e+03 -3.463197619227640800e+00 2.966857332293312277e-01
2.697043800498091059e+03 -3.452809160680090361e+00 2.957957732038938303e-01
2.703686765523948452e+03 -3.442451864137078488e+00 2.949084827697365241e-01
2.710329730549805845e+03 -3.432125636122608459e+00 2.940238539189435341e-01
2.716972695575663238e+03 -3.421830383441081036e+00 2.931418786676203148e-01
2.723615660601520176e+03 -3.411566013176458245e+00 2.922625490558218297e-01
2.730258625627378024e+03 -3.401332432691415608e+00 2.913858571474798320e-01
2.736901590653235417e+03 -3.391129549626514805e+00 2.905117950303320318e-01
2.743544555679092355e+03 -3.380957271899365679e+00 2.896403548158504870e-01
2.750187520704949748e+03 -3.370815507703793568e+00 2.887715286391701053e-01
2.756830485730807595e+03 -3.360704165509015962e+00 2.879053086590179777e-01
2.763473450756664533e+03 -3.350623154058812059e+00 2.870416870576424917e-01
2.770116415782521926e+03 -3.340572382370702531e+00 2.861806560407430533e-01
2.776759380808379319e+03 -3.330551759735122630e+00 2.853222078373989778e-01
2.783402345834237167e+03 -3.320561195714611280e+00 2.844663347000002673e-01
2.790045310860094105e+03 -3.310600600142989069e+00 2.836130289041772223e-01
2.796688275885951498e+03 -3.300669883124546899e+00 2.827622827487307200e-01
2.803331240911808891e+03 -3.290768955033234189e+00 2.819140885555627141e-01
2.809974205937666284e+03 -3.280897726511850188e+00 2.810684386696072901e-01
2.816617170963523677e+03 -3.271056108471236179e+00 2.802253254587608877e-01
2.823260135989381070e+03 -3.261244012089473898e+00 2.793847413138141333e-01
2.829903101015238462e+03 -3.251461348811081731e+00 2.785466786483827839e-01
2.836546066041095401e+03 -3.241708030346217573e+00 2.777111298988393928e-01
2.843189031066953248e+03 -3.231983968669876806e+00 2.768780875242445871e-01
2.849831996092810641e+03 -3.222289076021108478e+00 2.760475440062801211e-01
2.856474961118667579e+03 -3.212623264902210618e+00 2.752194918491797093e-01
2.863117926144524972e+03 -3.202986448077948189e+00 2.743939235796621912e-01
2.869760891170382820e+03 -3.193378538574765280e+00 2.735708317468638628e-01
2.876403856196240213e+03 -3.183799449679997728e+00 2.727502089222711978e-01
2.883046821222097151e+03 -3.174249094941091975e+00 2.719320476996539560e-01
2.889689786247954544e+03 -3.164727388164825239e+00 2.711163406949981258e-01
2.896332751273811937e+03 -3.155234243416526141e+00 2.703030805464394226e-01
2.902975716299669330e+03 -3.145769575019299769e+00 2.694922599141967301e-01
2.909618681325526723e+03 -3.136333297553255850e+00 2.686838714805060424e-01
2.916261646351384115e+03 -3.126925325854735149e+00 2.678779079495542947e-01
2.922904611377241508e+03 -3.117545575015542081e+00 2.670743620474134161e-01
2.929547576403098901e+03 -3.108193960382180876e+00 2.662732265219749928e-01
2.936190541428956294e+03 -3.098870397555086864e+00 2.654744941428845428e-01
2.942833506454813687e+03 -3.089574802387868857e+00 2.646781577014763465e-01
2.949476471480671080e+03 -3.080307090986545759e+00 2.638842100107082755e-01
2.956119436506528473e+03 -3.071067179708793837e+00 2.630926439050971233e-01
2.962762401532385866e+03 -3.061854985163189546e+00 2.623034522406539337e-01
2.969405366558243259e+03 -3.052670424208455024e+00 2.615166278948192757e-01
2.976048331584100197e+03 -3.043513413952713353e+00 2.607321637663994052e-01
2.982691296609957590e+03 -3.034383871752731832e+00 2.599500527755014279e-01
2.989334261635815437e+03 -3.025281715213185674e+00 2.591702878634703500e-01
2.995977226661672375e+03 -3.016206862185907500e+00 2.583928619928245740e-01
3.002620191687529768e+03 -3.007159230769149261e+00 2.576177681471928382e-01
3.009263156713387161e+03 -2.998138739306841494e+00 2.568449993312508783e-01
3.015906121739245009e+03 -2.989145306387855250e+00 2.560745485706577562e-01
3.022549086765101947e+03 -2.980178850845272898e+00 2.553064089119937985e-01
3.029192051790959340e+03 -2.971239291755649159e+00 2.545405734226972028e-01
3.035835016816816733e+03 -2.962326548438282359e+00 2.537770351910015321e-01
3.042477981842674126e+03 -2.953440540454488783e+00 2.530157873258735424e-01
3.049120946868531519e+03 -2.944581187606875705e+00 2.522568229569508991e-01
3.055763911894388912e+03 -2.935748409938616188e+00 2.515001352344802266e-01
3.062406876920246305e+03 -2.926942127732726551e+00 2.507457173292549912e-01
3.069049841946103243e+03 -2.918162261511351829e+00 2.499935624325543559e-01
3.075692806971961090e+03 -2.909408732035042799e+00 2.492436637560813406e-01
3.082335771997818483e+03 -2.900681460302044545e+00 2.484960145319017322e-01
3.088978737023675421e+03 -2.891980367547581920e+00 2.477506080123829668e-01
3.095621702049532814e+03 -2.883305375243149449e+00 2.470074374701332343e-01
3.102264667075390662e+03 -2.874656405095800782e+00 2.462664961979406930e-01
3.108907632101248055e+03 -2.866033379047444374e+00 2.455277775087130188e-01
3.115550597127104993e+03 -2.857436219274139155e+00 2.447912747354171470e-01
3.122193562152962386e+03 -2.848864848185388432e+00 2.440569812310187936e-01
3.128836527178820234e+03 -2.840319188423443553e+00 2.433248903684227249e-01
3.135479492204677172e+03 -2.831799162862606689e+00 2.425949955404131109e-01
3.142122457230534565e+03 -2.823304694608527399e+00 2.418672901595931568e-01
3.148765422256391957e+03 -2.814835706997520060e+00 2.411417676583267611e-01
3.155408387282249350e+03 -2.806392123595859101e+00 2.404184214886780635e-01
3.162051352308106743e+03 -2.797973868199101322e+00 2.396972451223534084e-01
3.168694317333964136e+03 -2.789580864831388674e+00 2.389782320506415314e-01
3.175337282359821529e+03 -2.781213037744769245e+00 2.382613757843555780e-01
3.181980247385678467e+03 -2.772870311418508482e+00 2.375466698537739008e-01
3.188623212411536315e+03 -2.764552610558411061e+00 2.368341078085821061e-01
3.195266177437393708e+03 -2.756259860096140546e+00 2.361236832178146561e-01
3.201909142463251101e+03 -2.747991985188541264e+00 2.354153896697968595e-01
3.208552107489108039e+03 -2.739748911216963290e+00 2.347092207720870571e-01
3.215195072514965887e+03 -2.731530563786586985e+00 2.340051701514186400e-01
3.221838037540823279e+03 -2.723336868725756865e+00 2.333032314536431229e-01
3.228481002566680218e+03 -2.715167752085306141e+00 2.326033983436721631e-01
3.235123967592537610e+03 -2.707023140137892359e+00 2.319056645054207721e-01
3.241766932618395003e+03 -2.698902959377332600e+00 2.312100236417501953e-01
3.248409897644252396e+03 -2.690807136517937348e+00 2.305164694744110121e-01
3.255052862670109334e+03 -2.682735598493852347e+00 2.298249957439866542e-01
3.261695827695967637e+03 -2.674688272458396021e+00 2.291355962098366728e-01
3.268338792721825030e+03 -2.666665085783405775e+00 2.284482646500407554e-01
3.274981757747681968e+03 -2.658665966058578523e+00 2.277629948613421607e-01
3.281624722773539361e+03 -2.650690841090819649e+00 2.270797806590920676e-01
3.288267687799396754e+03 -2.642739638903591093e+00 2.263986158771935653e-01
3.294910652825254147e+03 -2.634812287736260306e+00 2.257194943680460586e-01
3.301553617851111085e+03 -2.626908716043454550e+00 2.250424100024898122e-01
3.308196582876968478e+03 -2.619028852494413862e+00 2.243673566697505783e-01
3.314839547902826325e+03 -2.611172625972347117e+00 2.236943282773844188e-01
3.321482512928683718e+03 -2.603339965573795212e+00 2.230233187512231652e-01
3.328125477954541111e+03 -2.595530800607980915e+00 2.223543220353187133e-01
3.334768442980398504e+03 -2.587745060596179592e+00 2.216873320918890944e-01
3.341411408006255442e+03 -2.579982675271080161e+00 2.210223429012637686e-01
3.348054373032112835e+03 -2.572243574576151826e+00 2.203593484618293630e-01
3.354697338057970228e+03 -2.564527688665008132e+00 2.196983427899751318e-01
3.361340303083827621e+03 -2.556834947900782140e+00 2.190393199200395269e-01
3.367983268109685014e+03 -2.549165282855496262e+00 2.183822739042561301e-01
3.374626233135542861e+03 -2.541518624309429430e+00 2.177271988126995295e-01
3.381269198161400254e+03 -2.533894903250504704e+00 2.170740887332327507e-01
3.387912163187257192e+03 -2.526294050873653774e+00 2.164229377714528557e-01
3.394555128213114585e+03 -2.518715998580204118e+00 2.157737400506384851e-01
3.401198093238971978e+03 -2.511160677977256839e+00 2.151264897116965114e-01
3.407841058264829371e+03 -2.503628020877069371e+00 2.144811809131091929e-01
3.414484023290686309e+03 -2.496117959296441313e+00 2.138378078308815211e-01
3.421126988316543702e+03 -2.488630425456100248e+00 2.131963646584885963e-01
3.427769953342401095e+03 -2.481165351780089345e+00 2.125568456068231971e-01
3.434412918368258943e+03 -2.473722670895156739e+00 2.119192449041435167e-01
3.441055883394116336e+03 -2.466302315630153341e+00 2.112835567960214544e-01
3.447698848419973729e+03 -2.458904219015416892e+00 2.106497755452899356e-01
3.454341813445831121e+03 -2.451528314282175991e+00 2.100178954319918412e-01
3.460984778471688060e+03 -2.444174534861941694e+00 2.093879107533278550e-01
3.467627743497545453e+03 -2.436842814385912437e+00 2.087598158236055323e-01
3.474270708523402845e+03 -2.429533086684368737e+00 2.081336049741874528e-01
3.480913673549260238e+03 -2.422245285786080782e+00 2.075092725534403715e-01
3.487556638575117177e+03 -2.414979345917711573e+00 2.068868129266841771e-01
3.494199603600975479e+03 -2.407735201503221401e+00 2.062662204761408768e-01
3.500842568626832417e+03 -2.400512787163281203e+00 2.056474896008843312e-01
3.507485533652689810e+03 -2.393312037714674378e+00 2.050306147167888782e-01
3.514128498678547203e+03 -2.386132888169717248e+00 2.044155902564799565e-01
3.520771463704404596e+03 -2.378975273735666196e+00 2.038024106692830628e-01
3.527414428730261989e+03 -2.371839129814135028e+00 2.031910704211739582e-01
3.534057393756118927e+03 -2.364724392000512765e+00 2.025815639947287639e-01
3.540700358781976320e+03 -2.357630996083382779e+00 2.019738858890741950e-01
3.547343323807834167e+03 -2.350558878043938371e+00 2.013680306198375181e-01
3.553986288833691560e+03 -2.343507974055413889e+00 2.007639927190978113e-01
3.560629253859548953e+03 -2.336478220482500756e+00 2.001617667353359220e-01
3.567272218885406346e+03 -2.329469553880775923e+00 1.995613472333854777e-01
3.573915183911263284e+03 -2.322481910996129884e+00 1.989627287943839251e-01
3.580558148937120677e+03 -2.315515228764194244e+00 1.983659060157234866e-01
3.587201113962978070e+03 -2.308569444309775065e+00 1.977708735110026705e-01
3.593844078988835463e+03 -2.301644494946283093e+00 1.971776259099772832e-01
3.600487044014692401e+03 -2.294740318175169325e+00 1.965861578585122726e-01
3.607130009040550704e+03 -2.287856851685358794e+00 1.959964640185331564e-01
3.613772974066408096e+03 -2.280994033352693240e+00 1.954085390679781431e-01
3.620415939092265035e+03 -2.274151801239363113e+00 1.948223777007497548e-01
3.627058904118122427e+03 -2.267330093593355134e+00 1.942379746266671980e-01
3.633701869143979820e+03 -2.260528848847890959e+00 1.936553245714184857e-01
3.640344834169837213e+03 -2.253748005620873407e+00 1.930744222765129192e-01
3.646987799195694151e+03 -2.246987502714332230e+00 1.924952624992335992e-01
3.653630764221551544e+03 -2.240247279113871670e+00 1.919178400125900741e-01
3.660273729247408937e+03 -2.233527273988117123e+00 1.913421496052710724e-01
3.666916694273266785e+03 -2.226827426688172462e+00 1.907681860815978458e-01
3.673559659299124178e+03 -2.220147676747067589e+00 1.901959442614769291e-01
3.680202624324981571e+03 -2.213487963879212206e+00 1.896254189803533163e-01
3.686845589350838964e+03 -2.206848227979855803e+00 1.890566050891642202e-01
3.693488554376695902e+03 -2.200228409124541429e+00 1.884894974542922763e-01
3.700131519402553295e+03 -2.193628447568567008e+00 1.879240909575194129e-01
3.706774484428410688e+03 -2.187048283746444888e+00 1.873603804959804442e-01
3.713417449454268080e+03 -2.180487858271365820e+00 1.867983609821173563e-01
3.720060414480125928e+03 -2.173947111934660725e+00 1.862380273436329281e-01
3.726703379505983321e+03 -2.167425985705268676e+00 1.856793745234454063e-01
3.733346344531840259e+03 -2.160924420729202655e+00 1.851223974796426253e-01
3.739989309557697652e+03 -2.154442358329019314e+00 1.845670911854365159e-01
3.746632274583555045e+03 -2.147979740003287397e+00 1.840134506291177252e-01
3.753275239609412438e+03 -2.141536507426063274e+00 1.834614708140105688e-01
3.759918204635269376e+03 -2.135112602446359809e+00 1.829111467584275397e-01
3.766561169661126769e+03 -2.128707967087626329e+00 1.823624734956247884e-01
3.773204134686984162e+03 -2.122322543547224161e+00 1.818154460737571865e-01
3.779847099712842009e+03 -2.115956274195900377e+00 1.812700595558332795e-01
3.786490064738699402e+03 -2.109609101577274881e+00 1.807263090196712663e-01
3.793133029764556795e+03 -2.103280968407317708e+00 1.801841895578542851e-01
3.799775994790414188e+03 -2.096971817573830776e+00 1.796436962776859492e-01
3.806418959816271126e+03 -2.090681592135935851e+00 1.791048243011465757e-01
3.813061924842128519e+03 -2.084410235323559402e+00 1.785675687648489995e-01
3.819704889867985912e+03 -2.078157690536919677e+00 1.780319248199945803e-01
3.826347854893843305e+03 -2.071923901346013785e+00 1.774978876323294319e-01
3.832990819919700243e+03 -2.065708811490115426e+00 1.769654523821011793e-01
3.839633784945558546e+03 -2.059512364877257529e+00 1.764346142640147719e-01
3.846276749971415938e+03 -2.053334505583735758e+00 1.759053684871899059e-01
3.852919714997272877e+03 -2.047175177853595152e+00 1.753777102751170880e-01
3.859562680023130270e+03 -2.041034326098133178e+00 1.748516348656149744e-01
3.866205645048987662e+03 -2.034911894895393480e+00 1.743271375107871557e-01
3.872848610074845055e+03 -2.028807828989670270e+00 1.738042134769794689e-01
3.879491575100701994e+03 -2.022722073291005174e+00 1.732828580447371425e-01
3.886134540126559386e+03 -2.016654572874692519e+00 1.727630665087622197e-01
3.892777505152417234e+03 -2.010605272980783731e+00 1.722448341778712311e-01
3.899420470178274627e+03 -2.004574119013593059e+00 1.717281563749527840e-01
3.906063435204132020e+03 -1.998561056541203307e+00 1.712130284369252076e-01
3.912706400229989413e+03 -1.992566031294975559e+00 1.706994457146946420e-01
3.919349365255846806e+03 -1.986588989169059793e+00 1.701874035731129331e-01
3.925992330281703744e+03 -1.980629876219906826e+00 1.696768973909360823e-01
3.932635295307561137e+03 -1.974688638665779150e+00 1.691679225607821413e-01
3.939278260333418530e+03 -1.968765222886269095e+00 1.686604744890899121e-01
3.945921225359275923e+03 -1.962859575421812330e+00 1.681545485960774799e-01
3.952564190385133770e+03 -1.956971642973205361e+00 1.676501403157006631e-01
3.959207155410991163e+03 -1.951101372401126577e+00 1.671472450956120737e-01
3.965850120436848101e+03 -1.945248710725654639e+00 1.666458583971198726e-01
3.972493085462705494e+03 -1.939413605125791307e+00 1.661459756951468580e-01
3.979136050488562887e+03 -1.933596002938984038e+00 1.656475924781895537e-01
3.985779015514420280e+03 -1.927795851660650372e+00 1.651507042482775744e-01
3.992421980540277218e+03 -1.922013098943706755e+00 1.646553065209330480e-01
3.999064945566134611e+03 -1.916247692598092245e+00 1.641613948251300359e-01
4.005707910591992004e+03 -1.910499580590301116e+00 1.636689647032543438e-01
4.012350875617849852e+03 -1.904768711042908125e+00 1.631780117110629424e-01
4.018993840643707244e+03 -1.899055032234109319e+00 1.626885314176445829e-01
4.025636805669564637e+03 -1.893358492597244203e+00 1.622005194053788291e-01
4.032279770695422030e+03 -1.887679040720338985e+00 1.617139712698969778e-01
4.038922735721278968e+03 -1.882016625345637406e+00 1.612288826200419245e-01
4.045565700747136361e+03 -1.876371195369141764e+00 1.607452490778287224e-01
4.052208665772993754e+03 -1.870742699840148182e+00 1.602630662784047810e-01
4.058851630798851147e+03 -1.865131087960789857e+00 1.597823298700108696e-01
4.065494595824708995e+03 -1.859536309085576544e+00 1.593030355139415100e-01
4.072137560850566388e+03 -1.853958312720940027e+00 1.588251788845061463e-01
4.078780525876423781e+03 -1.848397048524774489e+00 1.583487556689896769e-01
4.085423490902280719e+03 -1.842852466305984649e+00 1.578737615676138462e-01
4.092066455928138112e+03 -1.837324516024033239e+00 1.574001922934983588e-01
4.098709420953995505e+03 -1.831813147788488472e+00 1.569280435726222722e-01
4.105352385979852443e+03 -1.826318311858573296e+00 1.564573111437852215e-01
4.111995351005710290e+03 -1.820839958642717082e+00 1.559879907585690617e-01
4.118638316031567228e+03 -1.815378038698109320e+00 1.555200781812997313e-01
4.125281281057425076e+03 -1.809932502730249526e+00 1.550535691890085332e-01
4.131924246083282924e+03 -1.804503301592507603e+00 1.545884595713945819e-01
4.138567211109139862e+03 -1.799090386285676413e+00 1.541247451307864724e-01
4.145210176134996800e+03 -1.793693707957530803e+00 1.536624216821044497e-01
4.151853141160854648e+03 -1.788313217902386176e+00 1.532014850528226058e-01
4.158496106186711586e+03 -1.782948867560660400e+00 1.527419310829313537e-01
4.165139071212568524e+03 -1.777600608518433489e+00 1.522837556248997914e-01
4.171782036238426372e+03 -1.772268392507012624e+00 1.518269545436382317e-01
4.178425001264283310e+03 -1.766952171402494942e+00 1.513715237164610095e-01
4.185067966290141158e+03 -1.761651897225333663e+00 1.509174590330490673e-01
4.191710931315999005e+03 -1.756367522139906212e+00 1.504647563954131240e-01
4.198353896341855943e+03 -1.751098998454081013e+00 1.500134117178565096e-01
4.204996861367713791e+03 -1.745846278618788272e+00 1.495634209269383619e-01
4.211639826393570729e+03 -1.740609315227588105e+00 1.491147799614366831e-01
4.218282791419427667e+03 -1.735388061016246875e+00 1.486674847723120363e-01
4.224925756445285515e+03 -1.730182468862308420e+00 1.482215313226707409e-01
4.231568721471142453e+03 -1.724992491784667070e+00 1.477769155877284024e-01
4.238211686497000301e+03 -1.719818082943146420e+00 1.473336335547737741e-01
4.244854651522858148e+03 -1.714659195638077449e+00 1.468916812231325641e-01
4.251497616548715087e+03 -1.709515783309872194e+00 1.464510546041310757e-01
4.258140581574572025e+03 -1.704387799538607862e+00 1.460117497210603188e-01
4.264783546600429872e+03 -1.699275198043606272e+00 1.455737626091402614e-01
4.271426511626286810e+03 -1.694177932683017529e+00 1.451370893154839969e-01
4.278069476652144658e+03 -1.689095957453400576e+00 1.447017258990617727e-01
4.284712441678001596e+03 -1.684029226489311970e+00 1.442676684306659629e-01
4.291355406703858534e+03 -1.678977694062887105e+00 1.438349129928749581e-01
4.297998371729716382e+03 -1.673941314583433648e+00 1.434034556800184990e-01
4.304641336755574230e+03 -1.668920042597014985e+00 1.429732925981419545e-01
4.311284301781431168e+03 -1.663913832786042324e+00 1.425444198649712946e-01
4.317927266807289016e+03 -1.658922639968863244e+00 1.421168336098779239e-01
4.324570231833145954e+03 -1.653946419099358023e+00 1.416905299738441537e-01
4.331213196859002892e+03 -1.648985125266531071e+00 1.412655051094280634e-01
4.337856161884860740e+03 -1.644038713694102594e+00 1.408417551807285562e-01
4.344499126910717678e+03 -1.639107139740110242e+00 1.404192763633513308e-01
4.351142091936575525e+03 -1.634190358896501660e+00 1.399980648443738818e-01
4.357785056962433373e+03 -1.629288326788734587e+00 1.395781168223112767e-01
4.364428021988290311e+03 -1.624400999175376947e+00 1.391594285070818504e-01
4.371070987014147249e+03 -1.619528331947705846e+00 1.387419961199729268e-01
4.377713952040005097e+03 -1.614670281129311213e+00 1.383258158936068183e-01
4.384356917065862035e+03 -1.609826802875696794e+00 1.379108840719066031e-01
4.390999882091719883e+03 -1.604997853473887126e+00 1.374971969100625968e-01
4.397642847117576821e+03 -1.600183389342031415e+00 1.370847506744982125e-01
4.404285812143433759e+03 -1.595383367029009403e+00 1.366735416428364047e-01
4.410928777169292516e+03 -1.590597743214040793e+00 1.362635661038660573e-01
4.417571742195149454e+03 -1.585826474706295119e+00 1.358548203575086211e-01
4.424214707221006393e+03 -1.581069518444499389e+00 1.354473007147844743e-01
4.430857672246864240e+03 -1.576326831496549730e+00 1.350410034977797269e-01
4.437500637272721178e+03 -1.571598371059125254e+00 1.346359250396130802e-01
4.444143602298578116e+03 -1.566884094457303478e+00 1.342320616844028536e-01
4.450786567324435964e+03 -1.562183959144169743e+00 1.338294097872335664e-01
4.457429532350292902e+03 -1.557497922700438409e+00 1.334279657141234920e-01
4.464072497376150750e+03 -1.552825942834068051e+00 1.330277258419917119e-01
4.470715462402008598e+03 -1.548167977379878435e+00 1.326286865586252250e-01
4.477358427427865536e+03 -1.543523984299173479e+00 1.322308442626466962e-01
4.484001392453722474e+03 -1.538893921679357790e+00 1.318341953634816210e-01
4.490644357479580322e+03 -1.534277747733561625e+00 1.314387362813261850e-01
4.497287322505437260e+03 -1.529675420800261643e+00 1.310444634471147618e-01
4.503930287531295107e+03 -1.525086899342905644e+00 1.306513733024877166e-01
4.510573252557152045e+03 -1.520512141949538876e+00 1.302594622997595430e-01
4.517216217583008984e+03 -1.515951107332427661e+00 1.298687269018864721e-01
4.523859182608866831e+03 -1.511403754327688143e+00 1.294791635824347198e-01
4.530502147634724679e+03 -1.506870041894916801e+00 1.290907688255488184e-01
4.537145112660581617e+03 -1.502349929116817417e+00 1.287035391259197248e-01
4.543788077686439465e+03 -1.497843375198831817e+00 1.283174709887531240e-01
4.550431042712296403e+03 -1.493350339468772159e+00 1.279325609297378985e-01
4.557074007738153341e+03 -1.488870781376455676e+00 1.275488054750149036e-01
4.563716972764011189e+03 -1.484404660493335193e+00 1.271662011611452980e-01
4.570359937789868127e+03 -1.479951936512137634e+00 1.267847445350795688e-01
4.577002902815725975e+03 -1.475512569246498762e+00 1.264044321541262506e-01
4.583645867841583822e+03 -1.471086518630599027e+00 1.260252605859206732e-01
4.590288832867440760e+03 -1.466673744718805850e+00 1.256472264083944024e-01
4.596931797893298608e+03 -1.462274207685308580e+00 1.252703262097439318e-01
4.603574762919155546e+03 -1.457887867823763006e+00 1.248945565884002074e-01
4.610217727945012484e+03 -1.453514685546929197e+00 1.245199141529975961e-01
4.616860692970870332e+03 -1.449154621386317787e+00 1.241463955223436472e-01
4.623503657996727270e+03 -1.444807635991831818e+00 1.237739973253883380e-01
4.630146623022584208e+03 -1.440473690131411910e+00 1.234027162011937379e-01
4.636789588048442056e+03 -1.436152744690682326e+00 1.230325487989036293e-01
4.643432553074299904e+03 -1.431844760672596362e+00 1.226634917777131711e-01
4.650075518100156842e+03 -1.427549699197089739e+00 1.222955418068391586e-01
4.656718483126014689e+03 -1.423267521500722887e+00 1.219286955654894644e-01
4.663361448151871627e+03 -1.418998188936334115e+00 1.215629497428332151e-01
4.670004413177729475e+03 -1.414741662972691438e+00 1.211983010379710790e-01
4.676647378203586413e+03 -1.410497905194144863e+00 1.208347461599053596e-01
4.683290343229443351e+03 -1.406266877300277995e+00 1.204722818275102691e-01
4.689933308255301199e+03 -1.402048541105563428e+00 1.201109047695022858e-01
4.696576273281158137e+03 -1.397842858539018795e+00 1.197506117244108020e-01
4.703219238307015985e+03 -1.393649791643862157e+00 1.193913994405485235e-01
4.709862203332873833e+03 -1.389469302577169829e+00 1.190332646759821728e-01
4.716505168358730771e+03 -1.385301353609533326e+00 1.186762041985031380e-01
4.723148133384587709e+03 -1.381145907124723404e+00 1.183202147855986486e-01
4.729791098410445557e+03 -1.377002925619344120e+00 1.179652932244221464e-01
4.736434063436302495e+03 -1.372872371702499095e+00 1.176114363117647249e-01
4.743077028462160342e+03 -1.368754208095453118e+00 1.172586408540260833e-01
4.749719993488017280e+03 -1.364648397631294863e+00 1.169069036671857020e-01
4.756362958513875128e+03 -1.360554903254600490e+00 1.165562215767739496e-01
4.763005923539732066e+03 -1.356473688021102131e+00 1.162065914178437714e-01
4.769648888565589914e+03 -1.352404715097353716e+00 1.158580100349419773e-01
4.776291853591446852e+03 -1.348347947760394794e+00 1.155104742820804720e-01
4.782934818617304700e+03 -1.344303349397423686e+00 1.151639810227082644e-01
4.789577783643161638e+03 -1.340270883505465971e+00 1.148185271296830873e-01
4.796220748669018576e+03 -1.336250513691043196e+00 1.144741094852429336e-01
4.802863713694876424e+03 -1.332242203669845804e+00 1.141307249809781627e-01
4.809506678720733362e+03 -1.328245917266406728e+00 1.137883705178034249e-01
4.816149643746591209e+03 -1.324261618413771435e+00 1.134470430059294349e-01
4.822792608772449057e+03 -1.320289271153177513e+00 1.131067393648355485e-01
4.829435573798305995e+03 -1.316328839633724490e+00 1.127674565232414522e-01
4.836078538824162933e+03 -1.312380288112055426e+00 1.124291914190798658e-01
4.842721503850020781e+03 -1.308443580952030505e+00 1.120919409994686339e-01
4.849364468875877719e+03 -1.304518682624406400e+00 1.117557022206832062e-01
4.856007433901735567e+03 -1.300605557706518312e+00 1.114204720481293959e-01
4.862650398927592505e+03 -1.296704170881956220e+00 1.110862474563157204e-01
4.869293363953449443e+03 -1.292814486940247809e+00 1.107530254288261462e-01
4.875936328979307291e+03 -1.288936470776542054e+00 1.104208029582930267e-01
4.882579294005165139e+03 -1.285070087391291249e+00 1.100895770463698464e-01
4.889222259031022077e+03 -1.281215301889933711e+00 1.097593447037040759e-01
4.895865224056879924e+03 -1.277372079482580691e+00 1.094301029499103045e-01
4.902508189082736862e+03 -1.273540385483703741e+00 1.091018488135434700e-01
4.909151154108593801e+03 -1.269720185311817406e+00 1.087745793320716997e-01
4.915794119134451648e+03 -1.265911444489170146e+00 1.084482915518497903e-01
4.922437084160308586e+03 -1.262114128641432798e+00 1.081229825280925622e-01
4.929080049186166434e+03 -1.258328203497389275e+00 1.077986493248483252e-01
4.935723014212024282e+03 -1.254553634888625036e+00 1.074752890149722195e-01
4.942365979237881220e+03 -1.250790388749219773e+00 1.071528986800998756e-01
4.949008944263738158e+03 -1.247038431115439217e+00 1.068314754106210046e-01
4.955651909289596006e+03 -1.243297728125431600e+00 1.065110163056534193e-01
4.962294874315452944e+03 -1.239568246018917907e+00 1.061915184730164718e-01
4.968937839341310791e+03 -1.235849951136889446e+00 1.058729790292051443e-01
4.975580804367167730e+03 -1.232142809921304538e+00 1.055553950993640966e-01
4.982223769393024668e+03 -1.228446788914784316e+00 1.052387638172615630e-01
4.988866734418883425e+03 -1.224761854760310742e+00 1.049230823252635392e-01
4.995509699444740363e+03 -1.221087974200926407e+00 1.046083477743079970e-01
5.002152664470597301e+03 -1.217425114079435433e+00 1.042945573238792945e-01
5.008795629496455149e+03 -1.213773241338101272e+00 1.039817081419823208e-01
5.015438594522312087e+03 -1.210132323018349609e+00 1.036697974051169757e-01
5.022081559548169025e+03 -1.206502326260473268e+00 1.033588222982529253e-01
5.028724524574026873e+03 -1.202883218303331780e+00 1.030487800148038730e-01
5.035367489599883811e+03 -1.199274966484057847e+00 1.027396677566024263e-01
5.042010454625741659e+03 -1.195677538237763793e+00 1.024314827338748679e-01
5.048653419651599506e+03 -1.192090901097243361e+00 1.021242221652157306e-01
5.055296384677456444e+03 -1.188515022692684608e+00 1.018178832775631093e-01
5.061939349703314292e+03 -1.184949870751372147e+00 1.015124633061731535e-01
5.068582314729171230e+03 -1.181395413097399594e+00 1.012079594945955036e-01
5.075225279755028168e+03 -1.177851617651378024e+00 1.009043690946482552e-01
5.081868244780886016e+03 -1.174318452430144655e+00 1.006016893663930212e-01
5.088511209806742954e+03 -1.170795885546478621e+00 1.002999175781105756e-01
5.095154174832599892e+03 -1.167283885208808769e+00 9.999905100627584642e-02
5.101797139858457740e+03 -1.163782419720927441e+00 9.969908693553333756e-02
5.108440104884315588e+03 -1.160291457481708255e+00 9.940002265867303732e-02
5.115083069910172526e+03 -1.156810966984816114e+00 9.910185547660547989e-02
5.121726034936030374e+03 -1.153340916818424766e+00 9.880458269833763962e-02
5.128368999961887312e+03 -1.149881275664933700e+00 9.850820164094860332e-02
5.135011964987744250e+03 -1.146432012300685255e+00 9.821270962956539508e-02
5.141654930013602097e+03 -1.142993095595683073e+00 9.791810399733881509e-02
5.148297895039459036e+03 -1.139564494513309212e+00 9.762438208541920903e-02
5.154940860065316883e+03 -1.136146178110047478e+00 9.733154124293279252e-02
5.161583825091174731e+03 -1.132738115535200762e+00 9.703957882695742054e-02
5.168226790117031669e+03 -1.129340276030615708e+00 9.674849220249900905e-02
5.174869755142889517e+03 -1.125952628930401600e+00 9.645827874246741540e-02
5.181512720168746455e+03 -1.122575143660657693e+00 9.616893582765312365e-02
5.188155685194603393e+03 -1.119207789739193215e+00 9.588046084670324987e-02
5.194798650220461241e+03 -1.115850536775254920e+00 9.559285119609817194e-02
5.201441615246318179e+03 -1.112503354469251970e+00 9.530610428012800672e-02
5.208084580272175117e+03 -1.109166212612482827e+00 9.502021751086918433e-02
5.214727545298032965e+03 -1.105839081086861686e+00 9.473518830816100855e-02
5.221370510323890812e+03 -1.102521929864647587e+00 9.445101409958243932e-02
5.228013475349747750e+03 -1.099214729008174185e+00 9.416769232042901394e-02
5.234656440375605598e+03 -1.095917448669577077e+00 9.388522041368939364e-02
5.241299405401462536e+03 -1.092630059090526462e+00 9.360359583002252071e-02
5.247942370427320384e+03 -1.089352530601957358e+00 9.332281602773448426e-02
5.254585335453177322e+03 -1.086084833623803370e+00 9.304287847275571899e-02
5.261228300479034260e+03 -1.082826938664727789e+00 9.276378063861795420e-02
5.267871265504892108e+03 -1.079578816321859369e+00 9.248552000643162074e-02
5.274514230530749046e+03 -1.076340437280525641e+00 9.220809406486295268e-02
5.281157195556606894e+03 -1.073111772313987800e+00 9.193150031011131096e-02
5.287800160582464741e+03 -1.069892792283179794e+00 9.165573624588679857e-02
5.294443125608321679e+03 -1.066683468136441881e+00 9.138079938338748709e-02
5.301086090634178618e+03 -1.063483770909260162e+00 9.110668724127704565e-02
5.307729055660036465e+03 -1.060293671724005238e+00 9.083339734566239776e-02
5.314372020685893403e+03 -1.057113141789671307e+00 9.056092723007130862e-02
5.321014985711751251e+03 -1.053942152401616372e+00 9.028927443543023623e-02
5.327657950737608189e+03 -1.050780674941302673e+00 9.001843651004197422e-02
5.334300915763466037e+03 -1.047628680876038443e+00 8.974841100956361395e-02
5.340943880789322975e+03 -1.044486141758722786e+00 8.947919549698464536e-02
5.347586845815180823e+03 -1.041353029227584992e+00 8.921078754260462762e-02
5.354229810841037761e+03 -1.038229315005931630e+00 8.894318472401156750e-02
5.360872775866895608e+03 -1.035114970901888753e+00 8.867638462605975658e-02
5.367515740892752547e+03 -1.032009968808151434e+00 8.841038484084838556e-02
5.374158705918609485e+03 -1.028914280701725303e+00 8.814518296769938144e-02
5.380801670944467332e+03 -1.025827878643676083e+00 8.788077661313591082e-02
5.387444635970324271e+03 -1.022750734778879789e+00 8.761716339086104977e-02
5.394087600996182118e+03 -1.019682821335765599e+00 8.735434092173570420e-02
5.400730566022039966e+03 -1.016624110626070943e+00 8.709230683375762672e-02
5.407373531047896904e+03 -1.013574575044587256e+00 8.683105876203967011e-02
5.414016496073753842e+03 -1.010534187068914402e+00 8.657059434878873472e-02
5.420659461099611690e+03 -1.007502919259209095e+00 8.631091124328421627e-02
5.427302426125468628e+03 -1.004480744257939762e+00 8.605200710185699486e-02
5.433945391151326476e+03 -1.001467634789638073e+00 8.579387958786814650e-02
5.440588356177183414e+03 -9.984635636606533637e-01 8.553652637168793205e-02
5.447231321203040352e+03 -9.954685037589074970e-01 8.527994513067477245e-02
5.453874286228898200e+03 -9.924824280536491683e-01 8.502413354915422383e-02
5.460517251254756047e+03 -9.895053095952121014e-01 8.476908931839820249e-02
5.467160216280612985e+03 -9.865371215147682449e-01 8.451481013660393227e-02
5.473803181306470833e+03 -9.835778370240885193e-01 8.426129370887340542e-02
5.480446146332327771e+03 -9.806274294153004556e-01 8.400853774719255207e-02
5.487089111358184709e+03 -9.776858720606456110e-01 8.375653997041060395e-02
5.493732076384042557e+03 -9.747531384122404274e-01 8.350529810421948584e-02
5.500375041409899495e+03 -9.718292020018363120e-01 8.325480988113327652e-02
5.507018006435757343e+03 -9.689140364405814942e-01 8.300507304046790547e-02
5.513660971461615190e+03 -9.660076154187822173e-01 8.275608532832054443e-02
5.520303936487472129e+03 -9.631099127056649278e-01 8.250784449754937355e-02
5.526946901513329067e+03 -9.602209021491394658e-01 8.226034830775319495e-02
5.533589866539186914e+03 -9.573405576755648072e-01 8.201359452525142091e-02
5.540232831565043853e+03 -9.544688532895112543e-01 8.176758092306368741e-02
5.546875796590901700e+03 -9.516057630735273998e-01 8.152230528088987016e-02
5.553518761616758638e+03 -9.487512611879064250e-01 8.127776538509008664e-02
5.560161726642615577e+03 -9.459053218704517318e-01 8.103395902866462885e-02
5.566804691668474334e+03 -9.430679194362443507e-01 8.079088401123399321e-02
5.573447656694331272e+03 -9.402390282774130137e-01 8.054853813901921566e-02
5.580090621720188210e+03 -9.374186228629017847e-01 8.030691922482197098e-02
5.586733586746046058e+03 -9.346066777382386892e-01 8.006602508800475526e-02
5.593376551771902996e+03 -9.318031675253073409e-01 7.982585355447124886e-02
5.600019516797759934e+03 -9.290080669221182363e-01 7.958640245664685975e-02
5.606662481823617782e+03 -9.262213507025784942e-01 7.934766963345883661e-02
5.613305446849474720e+03 -9.234429937162658142e-01 7.910965293031706203e-02
5.619948411875332567e+03 -9.206729708882021024e-01 7.887235019909454026e-02
5.626591376901190415e+03 -9.179112572186243213e-01 7.863575929810781573e-02
5.633234341927047353e+03 -9.151578277827622232e-01 7.839987809209793268e-02
5.639877306952905201e+03 -9.124126577306107544e-01 7.816470445221093688e-02
5.646520271978762139e+03 -9.096757222867076775e-01 7.793023625597879367e-02
5.653163237004619077e+03 -9.069469967499086405e-01 7.769647138730018110e-02
5.659806202030476925e+03 -9.042264564931644655e-01 7.746340773642135247e-02
5.666449167056333863e+03 -9.015140769633003259e-01 7.723104319991724864e-02
5.673092132082190801e+03 -8.988098336807915922e-01 7.699937568067226346e-02
5.679735097108049558e+03 -8.961137022395451179e-01 7.676840308786156419e-02
5.686378062133906496e+03 -8.934256583066780832e-01 7.653812333693207903e-02
5.693021027159763435e+03 -8.907456776222989481e-01 7.630853434958378978e-02
5.699663992185621282e+03 -8.880737359992871838e-01 7.607963405375083032e-02
5.706306957211478220e+03 -8.854098093230754474e-01 7.585142038358282102e-02
5.712949922237335159e+03 -8.827538735514341983e-01 7.562389127942643896e-02
5.719592887263193006e+03 -8.801059047142509861e-01 7.539704468780648872e-02
5.726235852289049944e+03 -8.774658789133163994e-01 7.517087856140758362e-02
5.732878817314907792e+03 -8.748337723221086826e-01 7.494539085905567444e-02
5.739521782340765640e+03 -8.722095611855769093e-01 7.472057954569950866e-02
5.746164747366622578e+03 -8.695932218199288188e-01 7.449644259239242283e-02
5.752807712392480425e+03 -8.669847306124145447e-01 7.427297797627380183e-02
5.759450677418337364e+03 -8.643840640211163384e-01 7.405018368055110711e-02
5.766093642444194302e+03 -8.617911985747331860e-01 7.382805769448140543e-02
5.772736607470052149e+03 -8.592061108723714202e-01 7.360659801335342478e-02
5.779379572495909088e+03 -8.566287775833315576e-01 7.338580263846930518e-02
5.786022537521766026e+03 -8.540591754468999097e-01 7.316566957712673791e-02
5.792665502547623873e+03 -8.514972812721367523e-01 7.294619684260081338e-02
5.799308467573481721e+03 -8.489430719376668266e-01 7.272738245412609104e-02
5.805951432599338659e+03 -8.463965243914732817e-01 7.250922443687893293e-02
5.812594397625196507e+03 -8.438576156506870651e-01 7.229172082195946258e-02
5.819237362651053445e+03 -8.413263228013798667e-01 7.207486964637382920e-02
5.825880327676911293e+03 -8.388026229983581716e-01 7.185866895301656898e-02
5.832523292702768231e+03 -8.362864934649569815e-01 7.164311679065293870e-02
5.839166257728625169e+03 -8.337779114928334234e-01 7.142821121390119377e-02
5.845809222754483017e+03 -8.312768544417623584e-01 7.121395028321515774e-02
5.852452187780340864e+03 -8.287832997394323220e-01 7.100033206486663917e-02
5.859095152806197802e+03 -8.262972248812416876e-01 7.078735463092805658e-02
5.865738117832055650e+03 -8.238186074300950512e-01 7.057501605925496635e-02
5.872381082857912588e+03 -8.213474250162001722e-01 7.036331443346864611e-02
5.879024047883769526e+03 -8.188836553368689097e-01 7.015224784293903892e-02
5.885667012909627374e+03 -8.164272761563124980e-01 6.994181438276729501e-02
5.892309977935484312e+03 -8.139782653054423722e-01 6.973201215376857720e-02
5.898952942961342160e+03 -8.115366006816712163e-01 6.952283926245514389e-02
5.905595907987199098e+03 -8.091022602487113469e-01 6.931429382101897407e-02
5.912238873013056946e+03 -8.066752220363766490e-01 6.910637394731487804e-02
5.918881838038913884e+03 -8.042554641403852900e-01 6.889907776484356650e-02
5.925524803064771731e+03 -8.018429647221611001e-01 6.869240340273459478e-02
5.932167768090628670e+03 -7.994377020086361751e-01 6.848634899572952905e-02
5.938810733116486517e+03 -7.970396542920542560e-01 6.828091268416504322e-02
5.945453698142343455e+03 -7.946487999297773275e-01 6.807609261395637656e-02
5.952096663168200394e+03 -7.922651173440861117e-01 6.787188693658025018e-02
5.958739628194058241e+03 -7.898885850219881100e-01 6.766829380905838021e-02
5.965382593219915179e+03 -7.875191815150239805e-01 6.746531139394093546e-02
5.972025558245773027e+03 -7.851568854390712504e-01 6.726293785928970370e-02
5.978668523271630875e+03 -7.828016754741545791e-01 6.706117137866185463e-02
5.985311488297487813e+03 -7.804535303642498034e-01 6.686001013109310609e-02
5.991954453323344751e+03 -7.781124289170956443e-01 6.665945230108162589e-02
5.998597418349202599e+03 -7.757783500039995284e-01 6.645949607857144781e-02
6.005240383375059537e+03 -7.734512725596487392e-01 6.626013965893616520e-02
6.011883348400917384e+03 -7.711311755819199032e-01 6.606138124296273562e-02
6.018526313426774323e+03 -7.688180381316885859e-01 6.586321903683510504e-02
6.025169278452632170e+03 -7.665118393326413315e-01 6.566565125211812348e-02
6.031812243478490018e+03 -7.642125583710869252e-01 6.546867610574136354e-02
6.038455208504346956e+03 -7.619201744957687650e-01 6.527229181998306373e-02
6.045098173530203894e+03 -7.596346670176766791e-01 6.507649662245398869e-02
6.051741138556061742e+03 -7.573560153098609637e-01 6.488128874608153907e-02
6.058384103581918680e+03 -7.550841988072463096e-01 6.468666642909373654e-02
6.065027068607775618e+03 -7.528191970064463945e-01 6.449262791500340319e-02
6.071670033633633466e+03 -7.505609894655776992e-01 6.429917145259221589e-02
6.078312998659490404e+03 -7.483095558040757656e-01 6.410629529589491338e-02
6.084955963685348252e+03 -7.460648757025118982e-01 6.391399770418361437e-02
6.091598928711206099e+03 -7.438269289024089792e-01 6.372227694195208014e-02
6.098241893737063037e+03 -7.415956952060582807e-01 6.353113127889994938e-02
6.104884858762919976e+03 -7.393711544763376109e-01 6.334055898991725053e-02
6.111527823788777823e+03 -7.371532866365309022e-01 6.315055835506881710e-02
6.118170788814634761e+03 -7.349420716701439149e-01 6.296112765957864732e-02
6.124813753840492609e+03 -7.327374896207264898e-01 6.277226519381456926e-02
6.131456718866349547e+03 -7.305395205916916934e-01 6.258396925327278093e-02
6.138099683892206485e+03 -7.283481447461351843e-01 6.239623813856239043e-02
6.144742648918065242e+03 -7.261633423066564674e-01 6.220907015539008100e-02
6.151385613943922181e+03 -7.239850935551824795e-01 6.202246361454501200e-02
6.158028578969779119e+03 -7.218133788327872891e-01 6.183641683188337290e-02
6.164671543995636966e+03 -7.196481785395145714e-01 6.165092812831316632e-02
6.171314509021493905e+03 -7.174894731342019716e-01 6.146599582977915061e-02
6.177957474047350843e+03 -7.153372431343053561e-01 6.128161826724782407e-02
6.184600439073208690e+03 -7.131914691157204000e-01 6.109779377669209699e-02
6.191243404099065629e+03 -7.110521317126093921e-01 6.091452069907647704e-02
6.197886369124923476e+03 -7.089192116172261526e-01 6.073179738034208131e-02
6.204529334150781324e+03 -7.067926895797418396e-01 6.054962217139166908e-02
6.211172299176638262e+03 -7.046725464080697554e-01 6.036799342807468161e-02
6.217815264202496110e+03 -7.025587629676938173e-01 6.018690951117253163e-02
6.224458229228353048e+03 -7.004513201814956957e-01 6.000636878638377497e-02
6.231101194254209986e+03 -6.983501990295817308e-01 5.982636962430930988e-02
6.237744159280067834e+03 -6.962553805491116243e-01 5.964691040043768738e-02
6.244387124305924772e+03 -6.941668458341283543e-01 5.946798949513055349e-02
6.251030089331781710e+03 -6.920845760353856457e-01 5.928960529360784854e-02
6.257673054357640467e+03 -6.900085523601794391e-01 5.911175618593336734e-02
6.264316019383497405e+03 -6.879387560721774708e-01 5.893444056700020833e-02
6.270958984409354343e+03 -6.858751684912512969e-01 5.875765683651630600e-02
6.277601949435212191e+03 -6.838177709933052073e-01 5.858140339898984528e-02
6.284244914461069129e+03 -6.817665450101106916e-01 5.840567866371503686e-02
6.290887879486926977e+03 -6.797214720291384626e-01 5.823048104475774672e-02
6.297530844512783915e+03 -6.776825335933895911e-01 5.805580896094102161e-02
6.304173809538640853e+03 -6.756497113012309708e-01 5.788166083583098920e-02
6.310816774564498701e+03 -6.736229868062285631e-01 5.770803509772259865e-02
6.317459739590356548e+03 -6.716023418169806414e-01 5.753493017962528489e-02
6.324102704616213487e+03 -6.695877580969553655e-01 5.736234451924911854e-02
6.330745669642071334e+03 -6.675792174643234711e-01 5.719027655899041468e-02
6.337388634667928272e+03 -6.655767017917955108e-01 5.701872474591782730e-02
6.344031599693785211e+03 -6.635801930064582077e-01 5.684768753175829803e-02
6.350674564719643058e+03 -6.615896730896111411e-01 5.667716337288310896e-02
6.357317529745499996e+03 -6.596051240766036550e-01 5.650715073029385915e-02
6.363960494771356935e+03 -6.576265280566745419e-01 5.633764806960878807e-02
6.370603459797215692e+03 -6.556538671727872858e-01 5.616865386104859248e-02
6.377246424823072630e+03 -6.536871236214726322e-01 5.600016657942301357e-02
6.383889389848929568e+03 -6.517262796526639423e-01 5.583218470411667467e-02
6.390532354874787416e+03 -6.497713175695413179e-01 5.566470671907574469e-02
6.397175319900644354e+03 -6.478222197283675099e-01 5.549773111279390769e-02
6.403818284926502201e+03 -6.458789685383315993e-01 5.533125637829892918e-02
6.410461249952359140e+03 -6.439415464613899021e-01 5.516528101313904198e-02
6.417104214978216078e+03 -6.420099360121066523e-01 5.499980351936932521e-02
6.423747180004073925e+03 -6.400841197574962393e-01 5.483482240353815262e-02
6.430390145029931773e+03 -6.381640803168675546e-01 5.467033617667385603e-02
6.437033110055788711e+03 -6.362498003616653408e-01 5.450634335427118060e-02
6.443676075081646559e+03 -6.343412626153140943e-01 5.434284245627785115e-02
6.450319040107503497e+03 -6.324384498530628562e-01 5.417983200708132580e-02
6.456962005133360435e+03 -6.305413449018294481e-01 5.401731053549541778e-02
6.463604970159218283e+03 -6.286499306400449294e-01 5.385527657474700053e-02
6.470247935185075221e+03 -6.267641899974993880e-01 5.369372866246276133e-02
6.476890900210933069e+03 -6.248841059551891730e-01 5.353266534065614229e-02
6.483533865236790007e+03 -6.230096615451609088e-01 5.337208515571397610e-02
6.490176830262647854e+03 -6.211408398503599493e-01 5.321198665838347552e-02
6.496819795288504793e+03 -6.192776240044777225e-01 5.305236840375919527e-02
6.503462760314362640e+03 -6.174199971917982976e-01 5.289322895126985502e-02
6.510105725340218669e+03 -6.155679426470487270e-01 5.273456686466554411e-02
6.516748690366077426e+03 -6.137214436552451691e-01 5.257638071200451679e-02
6.523391655391935274e+03 -6.118804835515437857e-01 5.241866906564042472e-02
6.530034620417791302e+03 -6.100450457210909727e-01 5.226143050220950076e-02
6.536677585443650059e+03 -6.082151135988698165e-01 5.210466360261739593e-02
6.543320550469506088e+03 -6.063906706695553206e-01 5.194836695202675880e-02
6.549963515495363936e+03 -6.045717004673623052e-01 5.179253913984424584e-02
6.556606480521220874e+03 -6.027581865758977475e-01 5.163717875970783022e-02
6.563249445547078722e+03 -6.009501126280120120e-01 5.148228440947407586e-02
6.569892410572935660e+03 -5.991474623056528559e-01 5.132785469120564742e-02
6.576535375598793507e+03 -5.973502193397149940e-01 5.117388821115839009e-02
6.583178340624651355e+03 -5.955583675098966578e-01 5.102038357976905469e-02
6.589821305650508293e+03 -5.937718906445519362e-01 5.086733941164264805e-02
6.596464270676366141e+03 -5.919907726205430043e-01 5.071475432553979035e-02
6.603107235702222169e+03 -5.902149973630983482e-01 5.056262694436453736e-02
6.609750200728080927e+03 -5.884445488456633289e-01 5.041095589515159903e-02
6.616393165753936955e+03 -5.866794110897598502e-01 5.025973980905432820e-02
6.623036130779794803e+03 -5.849195681648384770e-01 5.010897732133201554e-02
6.629679095805652651e+03 -5.831650041881372148e-01 4.995866707133782975e-02
6.636322060831509589e+03 -5.814157033245369588e-01 4.980880770250640383e-02
