0.000000000000000000e+00 -1.167294962764663069e+01 1.000000000000000000e+00
6.642965025857367145e+00 -1.165005363200533139e+01 9.980385424103028758e-01
1.328593005171473429e+01 -1.161894720185181207e+01 9.953737120849971420e-01
1.992889507757210055e+01 -1.158559691234249733e+01 9.925166544797516810e-01
2.657186010342946858e+01 -1.155140480988530172e+01 9.895874803165896072e-01
3.321482512928683661e+01 -1.151693556777083671e+01 9.866345641116890386e-01
3.985779015514420109e+01 -1.148241672506520317e+01 9.836773987159027621e-01
4.650075518100156557e+01 -1.144793985986244955e+01 9.807238294551310354e-01
5.314372020685893716e+01 -1.141354171868206535e+01 9.777770043357186802e-01
5.978668523271630164e+01 -1.137923693538726333e+01 9.748381770136549385e-01
6.642965025857367323e+01 -1.134503122650944462e+01 9.719078372136094046e-01
7.307261528443103771e+01 -1.131092671283490425e+01 9.689861666194208301e-01
7.971558031028840219e+01 -1.127692406556448823e+01 9.660732227316237708e-01
8.635854533614576667e+01 -1.124302337184406575e+01 9.631690130158436780e-01
9.300151036200313115e+01 -1.120922448382575887e+01 9.602735248062265194e-01
9.964447538786050984e+01 -1.117552715944032826e+01 9.573867373651481216e-01
1.062874404137178743e+02 -1.114193111916815582e+01 9.545086267466800223e-01
1.129304054395752530e+02 -1.110843606893294044e+01 9.516391677578496244e-01
1.195733704654326033e+02 -1.107504170933293253e+01 9.487783347494628261e-01
1.262163354912899678e+02 -1.104174773936221143e+01 9.459261019348992328e-01
1.328593005171473465e+02 -1.100855385790978858e+01 9.430824435185376498e-01
1.395022655430047109e+02 -1.097545976436258464e+01 9.402473337474115400e-01
1.461452305688620754e+02 -1.094246515884696613e+01 9.374207469319014718e-01
1.527881955947194399e+02 -1.090956974232453724e+01 9.346026574539414433e-01
1.594311606205768044e+02 -1.087677321662916441e+01 9.317930397701902345e-01
1.660741256464341689e+02 -1.084407528448029900e+01 9.289918684131732718e-01
1.727170906722915333e+02 -1.081147564948672901e+01 9.261991179916038153e-01
1.793600556981489262e+02 -1.077897401614652040e+01 9.234147631903776299e-01
1.860030207240062623e+02 -1.074657008984536866e+01 9.206387787704324310e-01
1.926459857498636552e+02 -1.071426357685436770e+01 9.178711395685562602e-01
1.992889507757210197e+02 -1.068205418432750520e+01 9.151118204971729897e-01
2.059319158015783842e+02 -1.064994162029909042e+01 9.123607965441218326e-01
2.125748808274357486e+02 -1.061792559368113054e+01 9.096180427724331885e-01
2.192178458532931131e+02 -1.058600581426068743e+01 9.068835343201013810e-01
2.258608108791505060e+02 -1.055418199269727886e+01 9.041572463998626130e-01
2.325037759050078705e+02 -1.052245384052024590e+01 9.014391542989691475e-01
2.391467409308652066e+02 -1.049082107012612219e+01 8.987292333789642651e-01
2.457897059567225710e+02 -1.045928339477605462e+01 8.960274590754606638e-01
2.524326709825799355e+02 -1.042784052859319210e+01 8.933338068979174151e-01
2.590756360084373000e+02 -1.039649218656008323e+01 8.906482524294168091e-01
2.657186010342946929e+02 -1.036523808451611650e+01 8.879707713264448632e-01
2.723615660601520858e+02 -1.033407793915491979e+01 8.853013393186689450e-01
2.790045310860094219e+02 -1.030301146802181123e+01 8.826399322087187249e-01
2.856474961118667579e+02 -1.027203838951122883e+01 8.799865258719669070e-01
2.922904611377241508e+02 -1.024115842286418321e+01 8.773410962563101823e-01
2.989334261635815437e+02 -1.021037128816570494e+01 8.747036193819509586e-01
3.055763911894388798e+02 -1.017967670634231325e+01 8.720740713411804235e-01
3.122193562152962727e+02 -1.014907439915948828e+01 8.694524282981619390e-01
3.188623212411536088e+02 -1.011856408921914330e+01 8.668386664887146598e-01
3.255052862670109448e+02 -1.008814549995711474e+01 8.642327622200982606e-01
3.321482512928683377e+02 -1.005781835564065219e+01 8.616346918707981084e-01
3.387912163187257306e+02 -1.002758238136591906e+01 8.590444318903112109e-01
3.454341813445830667e+02 -9.997437303055502156e+00 8.564619587989323879e-01
3.520771463704404596e+02 -9.967382847455928285e+00 8.538872491875423298e-01
3.587201113962978525e+02 -9.937418742135188054e+00 8.513202797173946568e-01
3.653630764221551885e+02 -9.907544715480252506e+00 8.487610271199037548e-01
3.720060414480125246e+02 -9.877760496694637737e+00 8.462094681964357212e-01
3.786490064738699175e+02 -9.848065815795926881e+00 8.436655798180964227e-01
3.852919714997273104e+02 -9.818460403613331167e+00 8.411293389255222186e-01
3.919349365255846465e+02 -9.788943991785252763e+00 8.386007225286715716e-01
3.985779015514420394e+02 -9.759516312756847611e+00 8.360797077066159932e-01
4.052208665772993754e+02 -9.730177099777600702e+00 8.335662716073324319e-01
4.118638316031567683e+02 -9.700926086898913780e+00 8.310603914474962162e-01
4.185067966290141044e+02 -9.671763008971684172e+00 8.285620445122743316e-01
4.251497616548714973e+02 -9.642687601643908479e+00 8.260712081551198072e-01
4.317927266807288902e+02 -9.613699601358291602e+00 8.235878597975666571e-01
4.384356917065862262e+02 -9.584798745349839777e+00 8.211119769290240455e-01
4.450786567324436191e+02 -9.555984771643499798e+00 8.186435371065736710e-01
4.517216217583010121e+02 -9.527257419051768039e+00 8.161825179547653741e-01
4.583645867841583481e+02 -9.498616427172333232e+00 8.137288971654148551e-01
4.650075518100157410e+02 -9.470061536385712131e+00 8.112826524974013909e-01
4.716505168358730202e+02 -9.441592487852895843e+00 8.088437617764657750e-01
4.782934818617304131e+02 -9.413209023512999707e+00 8.064122028950094778e-01
4.849364468875877492e+02 -9.384910886080932713e+00 8.039879538118946956e-01
4.915794119134451421e+02 -9.356697819045059816e+00 8.015709925522442880e-01
4.982223769393025350e+02 -9.328569566664878465e+00 7.991612972072423826e-01
5.048653419651598711e+02 -9.300525873968695123e+00 7.967588459339357554e-01
5.115083069910172640e+02 -9.272566486751324888e+00 7.943636169550365445e-01
5.181512720168746000e+02 -9.244691151571778676e+00 7.919755885587239641e-01
5.247942370427319929e+02 -9.216899615750968167e+00 7.895947390984481284e-01
5.314372020685893858e+02 -9.189191627369410753e+00 7.872210469927327647e-01
5.380801670944467787e+02 -9.161566935264959355e+00 7.848544907249815905e-01
5.447231321203041716e+02 -9.134025289030507366e+00 7.824950488432808049e-01
5.513660971461615645e+02 -9.106566439011736236e+00 7.801426999602070200e-01
5.580090621720188437e+02 -9.079190136304841729e+00 7.777974227526317508e-01
5.646520271978761230e+02 -9.051896132754276181e+00 7.754591959615282359e-01
5.712949922237335159e+02 -9.024684180950510282e+00 7.731279983917797027e-01
5.779379572495909088e+02 -8.997554034227778885e+00 7.708038089119866321e-01
5.845809222754483017e+02 -8.970505446661849902e+00 7.684866064542748010e-01
5.912238873013056946e+02 -8.943538173067800301e+00 7.661763700141055455e-01
5.978668523271630875e+02 -8.916651968997781452e+00 7.638730786500838033e-01
6.045098173530203667e+02 -8.889846590738812893e+00 7.615767114837694862e-01
6.111527823788777596e+02 -8.863121795310568984e+00 7.592872476994876330e-01
6.177957474047351525e+02 -8.836477340463179786e+00 7.570046665441398925e-01
6.244387124305925454e+02 -8.809912984675030145e+00 7.547289473270164528e-01
6.310816774564499383e+02 -8.783428487150576558e+00 7.524600694196085238e-01
6.377246424823072175e+02 -8.757023607818156918e+00 7.501980122554208208e-01
6.443676075081646104e+02 -8.730698107327823365e+00 7.479427553297862685e-01
6.510105725340218896e+02 -8.704451747049162691e+00 7.456942781996787062e-01
6.576535375598792825e+02 -8.678284289069143398e+00 7.434525604835289236e-01
6.642965025857366754e+02 -8.652195496189952095e+00 7.412175818610390321e-01
6.709394676115940683e+02 -8.626185131926844107e+00 7.389893220729985002e-01
6.775824326374514612e+02 -8.600252960505999411e+00 7.367677609211003009e-01
6.842253976633088541e+02 -8.574398746862396337e+00 7.345528782677588353e-01
6.908683626891661334e+02 -8.548622256637662176e+00 7.323446540359259682e-01
6.975113277150235263e+02 -8.522923256177959317e+00 7.301430682089095070e-01
7.041542927408809192e+02 -8.497301512531869605e+00 7.279481008301926792e-01
7.107972577667383121e+02 -8.471756793448278700e+00 7.257597320032519450e-01
7.174402227925957050e+02 -8.446288867374267539e+00 7.235779418913772520e-01
7.240831878184529842e+02 -8.420897503453021571e+00 7.214027107174922904e-01
7.307261528443103771e+02 -8.395582471521732870e+00 7.192340187639750804e-01
7.373691178701677700e+02 -8.370343542109512924e+00 7.170718463724792269e-01
7.440120828960250492e+02 -8.345180486435312517e+00 7.149161739437552843e-01
7.506550479218824421e+02 -8.320093076405859378e+00 7.127669819374747862e-01
7.572980129477398350e+02 -8.295081084613569189e+00 7.106242508720506112e-01
7.639409779735972279e+02 -8.270144284334502771e+00 7.084879613244623453e-01
7.705839429994546208e+02 -8.245282449526298407e+00 7.063580939300788675e-01
7.772269080253120137e+02 -8.220495354826137913e+00 7.042346293824847114e-01
7.838698730511692929e+02 -8.195782775548686061e+00 7.021175484333027628e-01
7.905128380770266858e+02 -8.171144487684063762e+00 7.000068318920209531e-01
7.971558031028840787e+02 -8.146580267895819460e+00 6.979024606258188435e-01
8.037987681287414716e+02 -8.122089893518898762e+00 6.958044155593930968e-01
8.104417331545987508e+02 -8.097673142557626491e+00 6.937126776747848389e-01
8.170846981804562574e+02 -8.073329793683702960e+00 6.916272280112081283e-01
8.237276632063135366e+02 -8.049059626234182474e+00 6.895480476648766510e-01
8.303706282321709296e+02 -8.024862420209487368e+00 6.874751177888335230e-01
8.370135932580282088e+02 -8.000737956271407825e+00 6.854084195927800938e-01
8.436565582838857154e+02 -7.976686015741111468e+00 6.833479343429054165e-01
8.502995233097429946e+02 -7.952706380597165392e+00 6.812936433617164944e-01
8.569424883356002738e+02 -7.928798833473558183e+00 6.792455280278695273e-01
8.635854533614577804e+02 -7.904963157657729056e+00 6.772035697760000472e-01
8.702284183873150596e+02 -7.881199137088605866e+00 6.751677500965559409e-01
8.768713834131724525e+02 -7.857506556354640459e+00 6.731380505356282518e-01
8.835143484390297317e+02 -7.833885200691861783e+00 6.711144526947848687e-01
8.901573134648872383e+02 -7.810334855981929891e+00 6.690969382309038815e-01
8.968002784907445175e+02 -7.786855308750189941e+00 6.670854888560063811e-01
9.034432435166020241e+02 -7.763446346163743961e+00 6.650800863370917027e-01
9.100862085424593033e+02 -7.740107756029511066e+00 6.630807124959713361e-01
9.167291735683166962e+02 -7.716839326792315212e+00 6.610873492091046133e-01
9.233721385941739754e+02 -7.693640847532961402e+00 6.590999784074341727e-01
9.300151036200314820e+02 -7.670512107966325210e+00 6.571185820762226459e-01
9.366580686458887612e+02 -7.647452898439444979e+00 6.551431422548885664e-01
9.433010336717460405e+02 -7.624463009929625557e+00 6.531736410368442769e-01
9.499439986976035470e+02 -7.601542234042542034e+00 6.512100605693336153e-01
9.565869637234608263e+02 -7.578690363010343489e+00 6.492523830532689333e-01
9.632299287493182192e+02 -7.555907189689780701e+00 6.473005907430715578e-01
9.698728937751754984e+02 -7.533192507560324991e+00 6.453546659465095869e-01
9.765158588010330050e+02 -7.510546110722289725e+00 6.434145910245380184e-01
9.831588238268902842e+02 -7.487967793894973134e+00 6.414803483911386550e-01
9.898017888527477908e+02 -7.465457352414791359e+00 6.395519205131611207e-01
9.964447538786050700e+02 -7.443014582233426601e+00 6.376292899101633216e-01
1.003087718904462463e+03 -7.420639279915971720e+00 6.357124391542532393e-01
1.009730683930319742e+03 -7.398331242639099692e+00 6.338013508699316123e-01
1.016373648956177249e+03 -7.376090268189205545e+00 6.318960077339329517e-01
1.023016613982034528e+03 -7.353916154960590923e+00 6.299963924750702216e-01
1.029659579007891807e+03 -7.331808701953626439e+00 6.281024878740767425e-01
1.036302544033749200e+03 -7.309767708772934469e+00 6.262142767634514273e-01
1.042945509059606593e+03 -7.287792975625569269e+00 6.243317420273021279e-01
1.049588474085463986e+03 -7.265884303319206872e+00 6.224548666011910925e-01
1.056231439111321379e+03 -7.244041493260342968e+00 6.205836334719800895e-01
1.062874404137178772e+03 -7.222264347452488131e+00 6.187180256776760867e-01
1.069517369163036165e+03 -7.200552668494374586e+00 6.168580263072778180e-01
1.076160334188893557e+03 -7.178906259578165638e+00 6.150036185006219069e-01
1.082803299214750723e+03 -7.157324924487679318e+00 6.131547854482310989e-01
1.089446264240608343e+03 -7.135808467596594262e+00 6.113115103911602732e-01
1.096089229266465509e+03 -7.114356693866694670e+00 6.094737766208463414e-01
1.102732194292323129e+03 -7.092969408846087731e+00 6.076415674789553689e-01
1.109375159318180295e+03 -7.071646418667446810e+00 6.058148663572321402e-01
1.116018124344037687e+03 -7.050387530046258178e+00 6.039936566973499454e-01
1.122661089369895080e+03 -7.029192550279060647e+00 6.021779219907597014e-01
1.129304054395752246e+03 -7.008061287241702964e+00 6.003676457785408482e-01
1.135947019421609866e+03 -6.986993549387603863e+00 5.985628116512521357e-01
1.142589984447467032e+03 -6.965989145746015687e+00 5.967634032487828533e-01
1.149232949473324652e+03 -6.945047885920289765e+00 5.949694042602042821e-01
1.155875914499181818e+03 -6.924169580086148024e+00 5.931807984236219244e-01
1.162518879525039210e+03 -6.903354038989975017e+00 5.913975695260283993e-01
1.169161844550896603e+03 -6.882601073947087755e+00 5.896197014031560046e-01
1.175804809576753996e+03 -6.861910496840035734e+00 5.878471779393309449e-01
1.182447774602611389e+03 -6.841282120116891186e+00 5.860799830673263378e-01
1.189090739628468782e+03 -6.820715756789543782e+00 5.843181007682168859e-01
1.195733704654326175e+03 -6.800211220432021086e+00 5.825615150712342150e-01
1.202376669680183340e+03 -6.779768325178780586e+00 5.808102100536213230e-01
1.209019634706040733e+03 -6.759386885723037253e+00 5.790641698404886961e-01
1.215662599731898126e+03 -6.739066717315079558e+00 5.773233786046702010e-01
1.222305564757755519e+03 -6.718807635760594366e+00 5.755878205665798664e-01
1.228948529783612912e+03 -6.698609457418998048e+00 5.738574799940686644e-01
1.235591494809470305e+03 -6.678471999201772036e+00 5.721323412022819577e-01
1.242234459835327698e+03 -6.658395078570800152e+00 5.704123885535168359e-01
1.248877424861185091e+03 -6.638378513536722814e+00 5.686976064570817835e-01
1.255520389887042256e+03 -6.618422122657277029e+00 5.669879793691535719e-01
1.262163354912899877e+03 -6.598525725035654155e+00 5.652834917926373715e-01
1.268806319938757042e+03 -6.578689140318869200e+00 5.635841282770266414e-01
1.275449284964614435e+03 -6.558912188696107037e+00 5.618898734182614652e-01
1.282092249990471828e+03 -6.539194690897113915e+00 5.602007118585906609e-01
1.288735215016329221e+03 -6.519536468190563205e+00 5.585166282864324483e-01
1.295378180042186614e+03 -6.499937342382424710e+00 5.568376074362336725e-01
1.302021145068043779e+03 -6.480397135814371268e+00 5.551636340883342458e-01
1.308664110093901400e+03 -6.460915671362146284e+00 5.534946930688267042e-01
1.315307075119758565e+03 -6.441492772433979219e+00 5.518307692494207606e-01
1.321950040145616185e+03 -6.422128262968960222e+00 5.501718475473039716e-01
1.328593005171473351e+03 -6.402821967435473383e+00 5.485179129250075114e-01
1.335235970197330744e+03 -6.383573710829574921e+00 5.468689503902673943e-01
1.341878935223188137e+03 -6.364383318673435319e+00 5.452249449958905814e-01
1.348521900249045530e+03 -6.345250617013736161e+00 5.435858818396182013e-01
1.355164865274902922e+03 -6.326175432420104272e+00 5.419517460639908801e-01
1.361807830300760088e+03 -6.307157591983539646e+00 5.403225228562147375e-01
1.368450795326617708e+03 -6.288196923314838038e+00 5.386981974480252733e-01
1.375093760352474874e+03 -6.269293254543044647e+00 5.370787551155559170e-01
1.381736725378332267e+03 -6.250446414313882038e+00 5.354641811792026918e-01
1.388379690404189660e+03 -6.231656231788202049e+00 5.338544610034917648e-01
1.395022655430047053e+03 -6.212922536640441251e+00 5.322495799969472197e-01
1.401665620455904445e+03 -6.194245159057066630e+00 5.306495236119579406e-01
1.408308585481761838e+03 -6.175623929735048812e+00 5.290542773446464953e-01
1.414951550507619231e+03 -6.157058679880317520e+00 5.274638267347372400e-01
1.421594515533476624e+03 -6.138549241206236573e+00 5.258781573654252028e-01
1.428237480559333790e+03 -6.120095445932078881e+00 5.242972548632460761e-01
1.434880445585191410e+03 -6.101697126781499669e+00 5.227211048979447661e-01
1.441523410611048575e+03 -6.083354116981026571e+00 5.211496931823463852e-01
1.448166375636905968e+03 -6.065066250258547065e+00 5.195830054722267999e-01
1.454809340662763361e+03 -6.046833360841797678e+00 5.180210275661827346e-01
1.461452305688620754e+03 -6.028655283456864744e+00 5.164637453055037630e-01
1.468095270714478147e+03 -6.010531853326680718e+00 5.149111445740434112e-01
1.474738235740335540e+03 -5.992462906169542691e+00 5.133632112980921480e-01
1.481381200766192933e+03 -5.974448278197609596e+00 5.118199314462483773e-01
1.488024165792050098e+03 -5.956487806115426054e+00 5.102812910292928716e-01
1.494667130817907719e+03 -5.938581327118435560e+00 5.087472761000602084e-01
1.501310095843764884e+03 -5.920728678891512331e+00 5.072178727533139808e-01
1.507953060869622504e+03 -5.902929699607484260e+00 5.056930671256196774e-01
1.514596025895479670e+03 -5.885184227925670086e+00 5.041728453952195599e-01
1.521238990921337063e+03 -5.867492102990413905e+00 5.026571937819072078e-01
1.527881955947194456e+03 -5.849853164429624108e+00 5.011460985469022855e-01
1.534524920973051621e+03 -5.832267252353328324e+00 4.996395459927264748e-01
1.541167885998909242e+03 -5.814734207352216799e+00 4.981375224630792964e-01
1.547810851024766407e+03 -5.797253870496202666e+00 4.966400143427141534e-01
1.554453816050624027e+03 -5.779826083332975095e+00 4.951470080573147081e-01
1.561096781076481193e+03 -5.762450687886565781e+00 4.936584900733720360e-01
1.567739746102338586e+03 -5.745127526655922523e+00 4.921744468980622789e-01
1.574382711128195979e+03 -5.727856442613469490e+00 4.906948650791235766e-01
1.581025676154053372e+03 -5.710637279203699457e+00 4.892197312047352753e-01
1.587668641179910765e+03 -5.693469880341737621e+00 4.877490319033948585e-01
1.594311606205768157e+03 -5.676354090411940057e+00 4.862827538437979880e-01
1.600954571231625550e+03 -5.659289754266477956e+00 4.848208837347172118e-01
1.607597536257482943e+03 -5.642276717223928983e+00 4.833634083248812829e-01
1.614240501283340109e+03 -5.625314825067881941e+00 4.819103144028554220e-01
1.620883466309197502e+03 -5.608403924045529898e+00 4.804615887969211907e-01
1.627526431335054667e+03 -5.591543860866286408e+00 4.790172183749576429e-01
1.634169396360912515e+03 -5.574734482700383964e+00 4.775771900443212536e-01
1.640812361386769680e+03 -5.557975637177502648e+00 4.761414907517286799e-01
1.647455326412627073e+03 -5.541267172385378359e+00 4.747101074831371892e-01
1.654098291438484239e+03 -5.524608936868429687e+00 4.732830272636274205e-01
1.660741256464341859e+03 -5.508000779626382126e+00 4.718602371572850895e-01
1.667384221490199252e+03 -5.491442550112907384e+00 4.704417242670848598e-01
1.674027186516056418e+03 -5.474934098234247593e+00 4.690274757347721590e-01
1.680670151541913810e+03 -5.458475274347862616e+00 4.676174787407473277e-01
1.687313116567771431e+03 -5.442065929261071133e+00 4.662117205039493784e-01
1.693956081593628596e+03 -5.425705914229699722e+00 4.648101882817401997e-01
1.700599046619485989e+03 -5.409395080956731938e+00 4.634128693697887047e-01
1.707242011645343155e+03 -5.393133281590962724e+00 4.620197511019557002e-01
1.713884976671200548e+03 -5.376920368725665256e+00 4.606308208501795343e-01
1.720527941697058168e+03 -5.360756195397246238e+00 4.592460660243611326e-01
1.727170906722915561e+03 -5.344640615083921631e+00 4.578654740722502559e-01
1.733813871748772726e+03 -5.328573481704384385e+00 4.564890324793315912e-01
1.740456836774630119e+03 -5.312554649616474833e+00 4.551167287687107321e-01
1.747099801800487739e+03 -5.296583973615872409e+00 4.537485505010022124e-01
1.753742766826344905e+03 -5.280661308934771370e+00 4.523844852742159306e-01
1.760385731852202298e+03 -5.264786511240570732e+00 4.510245207236449061e-01
1.767028696878059463e+03 -5.248959436634562437e+00 4.496686445217530359e-01
1.773671661903917084e+03 -5.233179941650633715e+00 4.483168443780639056e-01
1.780314626929774477e+03 -5.217447883253962360e+00 4.469691080390488791e-01
1.786957591955631642e+03 -5.201763118839719091e+00 4.456254232880160204e-01
1.793600556981489035e+03 -5.186125506231779703e+00 4.442857779449998490e-01
1.800243522007346201e+03 -5.170534903681429206e+00 4.429501598666501505e-01
1.806886487033204048e+03 -5.154991169866082856e+00 4.416185569461225091e-01
1.813529452059061214e+03 -5.139494163888003619e+00 4.402909571129684507e-01
1.820172417084918607e+03 -5.124043745273025863e+00 4.389673483330260861e-01
1.826815382110775772e+03 -5.108639773969276376e+00 4.376477186083105875e-01
1.833458347136633392e+03 -5.093282110345912272e+00 4.363320559769058860e-01
1.840101312162490785e+03 -5.077970615191852666e+00 4.350203485128562586e-01
1.846744277188347951e+03 -5.062705149714514796e+00 4.337125843260578595e-01
1.853387242214205344e+03 -5.047485575538558145e+00 4.324087515621512501e-01
1.860030207240062964e+03 -5.032311754704626772e+00 4.311088384024137077e-01
1.866673172265920130e+03 -5.017183549668106757e+00 4.298128330636525885e-01
1.873316137291777522e+03 -5.002100823297869425e+00 4.285207237980976913e-01
1.879959102317634688e+03 -4.987063438875033228e+00 4.272324988932955092e-01
1.886602067343492081e+03 -4.972071260091728284e+00 4.259481466720028697e-01
1.893245032369349701e+03 -4.957124151049850269e+00 4.246676554920806312e-01
1.899887997395207094e+03 -4.942221976259838279e+00 4.233910137463887668e-01
1.906530962421064260e+03 -4.927364600639445591e+00 4.221182098626811152e-01
1.913173927446921653e+03 -4.912551889512508652e+00 4.208492323034997984e-01
1.919816892472779273e+03 -4.897783708607732933e+00 4.195840695660715269e-01
1.926459857498636438e+03 -4.883059924057471690e+00 4.183227101822026284e-01
1.933102822524493831e+03 -4.868380402396516260e+00 4.170651427181755744e-01
1.939745787550350997e+03 -4.853745010560884587e+00 4.158113557746451194e-01
1.946388752576208617e+03 -4.839153615886609749e+00 4.145613379865347170e-01
1.953031717602066010e+03 -4.824606086108548020e+00 4.133150780229342125e-01
1.959674682627923403e+03 -4.810102289359172723e+00 4.120725645869964815e-01
1.966317647653780568e+03 -4.795642094167377856e+00 4.108337864158351227e-01
1.972960612679637961e+03 -4.781225369457291485e+00 4.095987322804226505e-01
1.979603577705495582e+03 -4.766851984547083809e+00 4.083673909854884654e-01
1.986246542731352747e+03 -4.752521809147784104e+00 4.071397513694175463e-01
1.992889507757210140e+03 -4.738234713362099448e+00 4.059158023041489760e-01
1.999532472783067305e+03 -4.723990567683239661e+00 4.046955326950757992e-01
2.006175437808924926e+03 -4.709789242993732472e+00 4.034789314809428817e-01
2.012818402834782319e+03 -4.695630610564273333e+00 4.022659876337488782e-01
2.019461367860639484e+03 -4.681514542052538808e+00 4.010566901586444244e-01
2.026104332886496877e+03 -4.667440909502031943e+00 3.998510280938331607e-01
2.032747297912354497e+03 -4.653409585340922305e+00 3.986489905104722564e-01
2.039390262938211890e+03 -4.639420442380890464e+00 3.974505665125737663e-01
2.046033227964069056e+03 -4.625473353815973354e+00 3.962557452369054323e-01
2.052676192989926221e+03 -4.611568193221411427e+00 3.950645158528919287e-01
2.059319158015783614e+03 -4.597704834552510000e+00 3.938768675625174964e-01
2.065962123041641462e+03 -4.583883152143490847e+00 3.926927896002273544e-01
2.072605088067498400e+03 -4.570103020706355323e+00 3.915122712328304999e-01
2.079248053093355793e+03 -4.556364315329749282e+00 3.903353017594022312e-01
2.085891018119213186e+03 -4.542666911477829750e+00 3.891618705111872800e-01
2.092533983145070579e+03 -4.529010684989132507e+00 3.879919668515027231e-01
2.099176948170927972e+03 -4.515395512075458306e+00 3.868255801756425027e-01
2.105819913196785365e+03 -4.501821269320736008e+00 3.856626999107802267e-01
2.112462878222642757e+03 -4.488287833679912353e+00 3.845033155158736338e-01
2.119105843248500150e+03 -4.474795082477837305e+00 3.833474164815697249e-01
2.125748808274357543e+03 -4.461342893408146715e+00 3.821949923301085073e-01
2.132391773300214936e+03 -4.447931144532159209e+00 3.810460326152286803e-01
2.139034738326072329e+03 -4.434559714277765075e+00 3.799005269220724901e-01
2.145677703351929267e+03 -4.421228481438330249e+00 3.787584648670919152e-01
2.152320668377787115e+03 -4.407937325171592313e+00 3.776198360979538537e-01
2.158963633403644508e+03 -4.394686124998572474e+00 3.764846302934470867e-01
2.165606598429501446e+03 -4.381474760802472446e+00 3.753528371633876870e-01
2.172249563455358839e+03 -4.368303112827596202e+00 3.742244464485267041e-01
2.178892528481216686e+03 -4.355171061678257516e+00 3.730994479204566283e-01
2.185535493507073625e+03 -4.342078488317700824e+00 3.719778313815187976e-01
2.192178458532931018e+03 -4.329025274067023865e+00 3.708595866647111938e-01
2.198821423558788410e+03 -4.316011300604095879e+00 3.697447036335957948e-01
2.205464388584646258e+03 -4.303036449962490018e+00 3.686331721822070362e-01
2.212107353610503196e+03 -4.290100604530414863e+00 3.675249822349603290e-01
2.218750318636360589e+03 -4.277203647049644175e+00 3.664201237465603556e-01
2.225393283662217982e+03 -4.264345460614457295e+00 3.653185867019103084e-01
2.232036248688075375e+03 -4.251525928670575993e+00 3.642203611160207410e-01
2.238679213713932768e+03 -4.238744935014111093e+00 3.631254370339195292e-01
2.245322178739790161e+03 -4.226002363790510863e+00 3.620338045305614982e-01
2.251965143765647554e+03 -4.213298099493506754e+00 3.609454537107382732e-01
2.258608108791504492e+03 -4.200632026964065346e+00 3.598603747089885729e-01
2.265251073817362339e+03 -4.188004031389347404e+00 3.587785576895088369e-01
2.271894038843219732e+03 -4.175413998301670482e+00 3.576999928460644629e-01
2.278537003869076671e+03 -4.162861813577464432e+00 3.566246704019002678e-01
2.285179968894934063e+03 -4.150347363436238446e+00 3.555525806096522246e-01
2.291822933920791911e+03 -4.137870534439554326e+00 3.544837137512590886e-01
2.298465898946649304e+03 -4.125431213489996196e+00 3.534180601378744679e-01
2.305108863972506242e+03 -4.113029287830140213e+00 3.523556101097785054e-01
2.311751828998363635e+03 -4.100664645041536716e+00 3.512963540362905590e-01
2.318394794024221028e+03 -4.088337173043695927e+00 3.502402823156824385e-01
2.325037759050078421e+03 -4.076046760093058552e+00 3.491873853750900869e-01
2.331680724075935814e+03 -4.063793294782001020e+00 3.481376536704285929e-01
2.338323689101793207e+03 -4.051576666037808749e+00 3.470910776863038727e-01
2.344966654127650600e+03 -4.039396763121678724e+00 3.460476479359276269e-01
2.351609619153507992e+03 -4.027253475627714963e+00 3.450073549610309098e-01
2.358252584179365385e+03 -4.015146693481922213e+00 3.439701893317782533e-01
2.364895549205222778e+03 -4.003076306941218299e+00 3.429361416466827905e-01
2.371538514231080171e+03 -3.991042206592426034e+00 3.419052025325200472e-01
2.378181479256937564e+03 -3.979044283351293121e+00 3.408773626442439530e-01
2.384824444282794957e+03 -3.967082428461498722e+00 3.398526126649016876e-01
2.391467409308652350e+03 -3.955156533493666693e+00 3.388309433055491371e-01
2.398110374334509288e+03 -3.943266490344383257e+00 3.378123453051669056e-01
2.404753339360366681e+03 -3.931412191235217790e+00 3.367968094305762161e-01
2.411396304386224529e+03 -3.919593528711744934e+00 3.357843264763551994e-01
2.418039269412081467e+03 -3.907810395642574708e+00 3.347748872647558493e-01
2.424682234437938860e+03 -3.896062685218373289e+00 3.337684826456202014e-01
2.431325199463796253e+03 -3.884350290950903783e+00 3.327651034962979537e-01
2.437968164489653645e+03 -3.872673106672051890e+00 3.317647407215632005e-01
2.444611129515511038e+03 -3.861031026532872890e+00 3.307673852535326087e-01
2.451254094541368431e+03 -3.849423945002624414e+00 3.297730280515827062e-01
2.457897059567225824e+03 -3.837851756867814768e+00 3.287816601022683916e-01
2.464540024593083217e+03 -3.826314357231244578e+00 3.277932724192405556e-01
2.471182989618940610e+03 -3.814811641511064000e+00 3.268078560431656454e-01
2.477825954644798003e+03 -3.803343505439814365e+00 3.258254020416433416e-01
2.484468919670655396e+03 -3.791909845063490714e+00 3.248459015091263447e-01
2.491111884696512334e+03 -3.780510556740597661e+00 3.238693455668395504e-01
2.497754849722370182e+03 -3.769145537141205704e+00 3.228957253626989488e-01
2.504397814748227574e+03 -3.757814683246021747e+00 3.219250320712324087e-01
2.511040779774084513e+03 -3.746517892345449852e+00 3.209572568934987435e-01
2.517683744799941906e+03 -3.735255062038662199e+00 3.199923910570084962e-01
2.524326709825799753e+03 -3.724026090232670949e+00 3.190304258156442807e-01
2.530969674851657146e+03 -3.712830875141402309e+00 3.180713524495814570e-01
2.537612639877514084e+03 -3.701669315284774608e+00 3.171151622652091939e-01
2.544255604903371477e+03 -3.690541309487775035e+00 3.161618465950512546e-01
2.550898569929228870e+03 -3.679446756879550140e+00 3.152113967976883369e-01
2.557541534955086263e+03 -3.668385556892483024e+00 3.142638042576785806e-01
2.564184499980943656e+03 -3.657357609261286946e+00 3.133190603854805190e-01
2.570827465006801049e+03 -3.646362814022094057e+00 3.123771566173744185e-01
2.577470430032658442e+03 -3.635401071511550786e+00 3.114380844153852301e-01
2.584113395058515835e+03 -3.624472282365912346e+00 3.105018352672047066e-01
2.590756360084373227e+03 -3.613576347520146559e+00 3.095684006861147974e-01
2.597399325110230620e+03 -3.602713168207029693e+00 3.086377722109102106e-01
2.604042290136087558e+03 -3.591882645956255615e+00 3.077099414058219184e-01
2.610685255161945406e+03 -3.581084682593540069e+00 3.067848998604407185e-01
2.617328220187802799e+03 -3.570319180239736045e+00 3.058626391896410168e-01
2.623971185213660192e+03 -3.559586041309940274e+00 3.049431510335048334e-01
2.630614150239517130e+03 -3.548885168512612598e+00 3.040264270572457517e-01
2.637257115265374523e+03 -3.538216464848691345e+00 3.031124589511337564e-01
2.643900080291232371e+03 -3.527579833610715365e+00 3.022012384304194610e-01
2.650543045317089309e+03 -3.516975178381951395e+00 3.012927572352597227e-01
2.657186010342946702e+03 -3.506402403035512094e+00 3.003870071306418699e-01
2.663828975368804095e+03 -3.495861411733491408e+00 2.994839799063099273e-01
2.670471940394661488e+03 -3.485352108926090597e+00 2.985836673766892879e-01
2.677114905420518880e+03 -3.474874399350758924e+00 2.976860613808134937e-01
2.683757870446376273e+03 -3.464428188031321465e+00 2.967911537822493506e-01
2.690400835472233666e+03 -3.454013380277127343e+00 2.958989364690239876e-01
2.697043800498091059e+03 -3.443629881682182425e+00 2.950094013535504711e-01
2.703686765523948452e+03 -3.433277598124301555e+00 2.941225403725554188e-01
2.710329730549805845e+03 -3.422956435764249239e+00 2.932383454870050032e-01
2.716972695575663238e+03 -3.412666301044894102e+00 2.923568086820329537e-01
2.723615660601520176e+03 -3.402407100690354902e+00 2.914779219668671151e-01
2.730258625627378024e+03 -3.392178741705160316e+00 2.906016773747573945e-01
2.736901590653235417e+03 -3.381981131373405169e+00 2.897280669629037075e-01
2.743544555679092355e+03 -3.371814177257907552e+00 2.888570828123838141e-01
2.750187520704949748e+03 -3.361677787199371270e+00 2.879887170280812092e-01
2.756830485730807595e+03 -3.351571869315553620e+00 2.871229617386141242e-01
2.763473450756664533e+03 -3.341496332000430058e+00 2.862598090962639730e-01
2.770116415782521926e+03 -3.331451083923361978e+00 2.853992512769038536e-01
2.776759380808379319e+03 -3.321436034028273365e+00 2.845412804799282158e-01
2.783402345834237167e+03 -3.311451091532819468e+00 2.836858889281814733e-01
2.790045310860094105e+03 -3.301496165927572335e+00 2.828330688678884486e-01
2.796688275885951498e+03 -3.291571166975192586e+00 2.819828125685831521e-01
2.803331240911808891e+03 -3.281676004709613181e+00 2.811351123230391158e-01
2.809974205937666284e+03 -3.271810589435227623e+00 2.802899604471996153e-01
2.816617170963523677e+03 -3.261974831726072388e+00 2.794473492801077819e-01
2.823260135989381070e+03 -3.252168642425021794e+00 2.786072711838376570e-01
2.829903101015238462e+03 -3.242391932642970431e+00 2.777697185434239713e-01
2.836546066041095401e+03 -3.232644613758037355e+00 2.769346837667941430e-01
2.843189031066953248e+03 -3.222926597414757399e+00 2.761021592846989448e-01
2.849831996092810641e+03 -3.213237795523282259e+00 2.752721375506440027e-01
2.856474961118667579e+03 -3.203578120258581130e+00 2.744446110408214623e-01
2.863117926144524972e+03 -3.193947484059644015e+00 2.736195722540414876e-01
2.869760891170382820e+03 -3.184345799628688578e+00 2.727970137116646487e-01
2.876403856196240213e+03 -3.174772979930370553e+00 2.719769279575339760e-01
2.883046821222097151e+03 -3.165228938190990604e+00 2.711593075579071810e-01
2.889689786247954544e+03 -3.155713587897714500e+00 2.703441451013897656e-01
2.896332751273811937e+03 -3.146226842797780865e+00 2.695314331988672985e-01
2.902975716299669330e+03 -3.136768616897722683e+00 2.687211644834385238e-01
2.909618681325526723e+03 -3.127338824462594591e+00 2.679133316103492479e-01
2.916261646351384115e+03 -3.117937380015182391e+00 2.671079272569246710e-01
2.922904611377241508e+03 -3.108564198335237894e+00 2.663049441225038283e-01
2.929547576403098901e+03 -3.099219194458705751e+00 2.655043749283732546e-01
2.936190541428956294e+03 -3.089902283676948080e+00 2.647062124177005926e-01
2.942833506454813687e+03 -3.080613381535982853e+00 2.639104493554695341e-01
2.949476471480671080e+03 -3.071352403835715172e+00 2.631170785284136504e-01
2.956119436506528473e+03 -3.062119266629171666e+00 2.623260927449510560e-01
2.962762401532385866e+03 -3.052913886221744200e+00 2.615374848351194603e-01
2.969405366558243259e+03 -3.043736179170430045e+00 2.607512476505112753e-01
2.976048331584100197e+03 -3.034586062283072927e+00 2.599673740642083342e-01
2.982691296609957590e+03 -3.025463452617610738e+00 2.591858569707176096e-01
2.989334261635815437e+03 -3.016368267481322807e+00 2.584066892859066544e-01
2.995977226661672375e+03 -3.007300424430085606e+00 2.576298639469400409e-01
3.002620191687529768e+03 -2.998259841267615577e+00 2.568553739122140800e-01
3.009263156713387161e+03 -2.989246436044731059e+00 2.560832121612940937e-01
3.015906121739245009e+03 -2.980260127058609321e+00 2.553133716948503551e-01
3.022549086765101947e+03 -2.971300832852043605e+00 2.545458455345946946e-01
3.029192051790959340e+03 -2.962368472212704162e+00 2.537806267232169954e-01
3.035835016816816733e+03 -2.953462964172405503e+00 2.530177083243226321e-01
3.042477981842674126e+03 -2.944584228006368321e+00 2.522570834223690772e-01
3.049120946868531519e+03 -2.935732183232493409e+00 2.514987451226038395e-01
3.055763911894388912e+03 -2.926906749610624470e+00 2.507426865510011260e-01
3.062406876920246305e+03 -2.918107847141827360e+00 2.499889008542002522e-01
3.069049841946103243e+03 -2.909335396067661339e+00 2.492373811994431643e-01
3.075692806971961090e+03 -2.900589316869458756e+00 2.484881207745126830e-01
3.082335771997818483e+03 -2.891869530267600297e+00 2.477411127876704977e-01
3.088978737023675421e+03 -2.883175957220801333e+00 2.469963504675959931e-01
3.095621702049532814e+03 -2.874508518925390721e+00 2.462538270633244375e-01
3.102264667075390662e+03 -2.865867136814599814e+00 2.455135358441860871e-01
3.108907632101248055e+03 -2.857251732557849255e+00 2.447754700997451516e-01
3.115550597127104993e+03 -2.848662228060037549e+00 2.440396231397387594e-01
3.122193562152962386e+03 -2.840098545460835844e+00 2.433059882940165342e-01
3.128836527178820234e+03 -2.831560607133978724e+00 2.425745589124799761e-01
3.135479492204677172e+03 -2.823048335686564769e+00 2.418453283650223440e-01
3.142122457230534565e+03 -2.814561653958350451e+00 2.411182900414683694e-01
3.148765422256391957e+03 -2.806100485021056912e+00 2.403934373515146661e-01
3.155408387282249350e+03 -2.797664752177663416e+00 2.396707637246694167e-01
3.162051352308106743e+03 -2.789254378961719905e+00 2.389502626101932536e-01
3.168694317333964136e+03 -2.780869289136654210e+00 2.382319274770400841e-01
3.175337282359821529e+03 -2.772509406695073952e+00 2.375157518137972212e-01
3.181980247385678467e+03 -2.764174655858083973e+00 2.368017291286269310e-01
3.188623212411536315e+03 -2.755864961074595776e+00 2.360898529492071740e-01
3.195266177437393708e+03 -2.747580247020645405e+00 2.353801168226733465e-01
3.201909142463251101e+03 -2.739320438598710439e+00 2.346725143155596327e-01
3.208552107489108039e+03 -2.731085460937025200e+00 2.339670390137403577e-01
3.215195072514965887e+03 -2.722875239388907076e+00 2.332636845223723110e-01
3.221838037540823279e+03 -2.714689699532078837e+00 2.325624444658367096e-01
3.228481002566680218e+03 -2.706528767167991845e+00 2.318633124876811336e-01
3.235123967592537610e+03 -2.698392368321153256e+00 2.311662822505619608e-01
3.241766932618395003e+03 -2.690280429238459892e+00 2.304713474361873016e-01
3.248409897644252396e+03 -2.682192876388524549e+00 2.297785017452592393e-01
3.255052862670109334e+03 -2.674129636461011650e+00 2.290877388974169315e-01
3.261695827695967637e+03 -2.666090636365973765e+00 2.283990526311798219e-01
3.268338792721825030e+03 -2.658075803233189038e+00 2.277124367038907971e-01
3.274981757747681968e+03 -2.650085064411498159e+00 2.270278848916594261e-01
3.281624722773539361e+03 -2.642118347468145778e+00 2.263453909893055893e-01
3.288267687799396754e+03 -2.634175580188128585e+00 2.256649488103035228e-01
3.294910652825254147e+03 -2.626256690573534947e+00 2.249865521867253637e-01
3.301553617851111085e+03 -2.618361606842896538e+00 2.243101949691854724e-01
3.308196582876968478e+03 -2.610490257430535532e+00 2.236358710267846162e-01
3.314839547902826325e+03 -2.602642570985914894e+00 2.229635742470543469e-01
3.321482512928683718e+03 -2.594818476372996230e+00 2.222932985359017954e-01
3.328125477954541111e+03 -2.587017902669589198e+00 2.216250378175541602e-01
3.334768442980398504e+03 -2.579240779166712461e+00 2.209587860345037791e-01
3.341411408006255442e+03 -2.571487035367950202e+00 2.202945371474531455e-01
3.348054373032112835e+03 -2.563756600988815748e+00 2.196322851352603411e-01
3.354697338057970228e+03 -2.556049405956113851e+00 2.189720239948843017e-01
3.361340303083827621e+03 -2.548365380407302094e+00 2.183137477413303051e-01
3.367983268109685014e+03 -2.540704454689862057e+00 2.176574504075959315e-01
3.374626233135542861e+03 -2.533066559360666492e+00 2.170031260446169674e-01
3.381269198161400254e+03 -2.525451625185348714e+00 2.163507687212132546e-01
3.387912163187257192e+03 -2.517859583137677770e+00 2.157003725240353442e-01
3.394555128213114585e+03 -2.510290364398926943e+00 2.150519315575101509e-01
3.401198093238971978e+03 -2.502743900357257356e+00 2.144054399437884395e-01
3.407841058264829371e+03 -2.495220122607090918e+00 2.137608918226908683e-01
3.414484023290686309e+03 -2.487718962948491708e+00 2.131182813516550589e-01
3.421126988316543702e+03 -2.480240353386550023e+00 2.124776027056829164e-01
3.427769953342401095e+03 -2.472784226130760654e+00 2.118388500772872551e-01
3.434412918368258943e+03 -2.465350513594412263e+00 2.112020176764395629e-01
3.441055883394116336e+03 -2.457939148393977646e+00 2.105670997305177095e-01
3.447698848419973729e+03 -2.450550063348495566e+00 2.099340904842530442e-01
3.454341813445831121e+03 -2.443183191478966787e+00 2.093029841996785767e-01
3.460984778471688060e+03 -2.435838466007745229e+00 2.086737751560769627e-01
3.467627743497545453e+03 -2.428515820357934452e+00 2.080464576499286011e-01
3.474270708523402845e+03 -2.421215188152781916e+00 2.074210259948598978e-01
3.480913673549260238e+03 -2.413936503215078133e+00 2.067974745215917509e-01
3.487556638575117177e+03 -2.406679699566558028e+00 2.061757975778882868e-01
3.494199603600975479e+03 -2.399444711427299204e+00 2.055559895285051786e-01
3.500842568626832417e+03 -2.392231473215132631e+00 2.049380447551393813e-01
3.507485533652689810e+03 -2.385039919545039577e+00 2.043219576563772566e-01
3.514128498678547203e+03 -2.377869985228565852e+00 2.037077226476445846e-01
3.520771463704404596e+03 -2.370721605273225396e+00 2.030953341611552720e-01
3.527414428730261989e+03 -2.363594714881916747e+00 2.024847866458615309e-01
3.534057393756118927e+03 -2.356489249452331070e+00 2.018760745674030577e-01
3.540700358781976320e+03 -2.349405144576369953e+00 2.012691924080572403e-01
3.547343323807834167e+03 -2.342342336039556550e+00 2.006641346666886427e-01
3.553986288833691560e+03 -2.335300759820462257e+00 2.000608958586999053e-01
3.560629253859548953e+03 -2.328280352090116967e+00 1.994594705159812020e-01
3.567272218885406346e+03 -2.321281049211434855e+00 1.988598531868611685e-01
3.573915183911263284e+03 -2.314302787738639289e+00 1.982620384360574972e-01
3.580558148937120677e+03 -2.307345504416683291e+00 1.976660208446272826e-01
3.587201113962978070e+03 -2.300409136180679770e+00 1.970717950099183657e-01
3.593844078988835463e+03 -2.293493620155328649e+00 1.964793555455200957e-01
3.600487044014692401e+03 -2.286598893654347098e+00 1.958886970812145634e-01
3.607130009040550704e+03 -2.279724894179899763e+00 1.952998142629278622e-01
3.613772974066408096e+03 -2.272871559422035226e+00 1.947127017526816828e-01
3.620415939092265035e+03 -2.266038827258119337e+00 1.941273542285449349e-01
3.627058904118122427e+03 -2.259226635752270340e+00 1.935437663845852030e-01
3.633701869143979820e+03 -2.252434923154801982e+00 1.929619329308210618e-01
3.640344834169837213e+03 -2.245663627901659964e+00 1.923818485931739208e-01
3.646987799195694151e+03 -2.238912688613864610e+00 1.918035081134200903e-01
3.653630764221551544e+03 -2.232182044096955753e+00 1.912269062491434024e-01
3.660273729247408937e+03 -2.225471633340437627e+00 1.906520377736875549e-01
3.666916694273266785e+03 -2.218781395517224198e+00 1.900788974761086214e-01
3.673559659299124178e+03 -2.212111269983090711e+00 1.895074801611280335e-01
3.680202624324981571e+03 -2.205461196276121250e+00 1.889377806490853129e-01
3.686845589350838964e+03 -2.198831114116162055e+00 1.883697937758912200e-01
3.693488554376695902e+03 -2.192220963404274858e+00 1.878035143929808748e-01
3.700131519402553295e+03 -2.185630684222191089e+00 1.872389373672670720e-01
3.706774484428410688e+03 -2.179060216831771868e+00 1.866760575810939848e-01
3.713417449454268080e+03 -2.172509501674462218e+00 1.861148699321903410e-01
3.720060414480125928e+03 -2.165978479370753718e+00 1.855553693336235155e-01
3.726703379505983321e+03 -2.159467090719647597e+00 1.849975507137535113e-01
3.733346344531840259e+03 -2.152975276698114282e+00 1.844414090161865249e-01
3.739989309557697652e+03 -2.146502978460561817e+00 1.838869391997295655e-01
3.746632274583555045e+03 -2.140050137338299407e+00 1.833341362383444362e-01
3.753275239609412438e+03 -2.133616694839008954e+00 1.827829951211024651e-01
3.759918204635269376e+03 -2.127202592646213475e+00 1.822335108521389302e-01
3.766561169661126769e+03 -2.120807772618745535e+00 1.816856784506075961e-01
3.773204134686984162e+03 -2.114432176790224993e+00 1.811394929506359164e-01
3.779847099712842009e+03 -2.108075747368530983e+00 1.805949494012797918e-01
3.786490064738699402e+03 -2.101738426735279663e+00 1.800520428664788564e-01
3.793133029764556795e+03 -2.095420157445299303e+00 1.795107684250115687e-01
3.799775994790414188e+03 -2.089120882226111142e+00 1.789711211704505811e-01
3.806418959816271126e+03 -2.082840543977408920e+00 1.784330962111183028e-01
3.813061924842128519e+03 -2.076579085770546396e+00 1.778966886700429351e-01
3.819704889867985912e+03 -2.070336450848013765e+00 1.773618936849136185e-01
3.826347854893843305e+03 -2.064112582622927849e+00 1.768287064080367454e-01
3.832990819919700243e+03 -2.057907424678517838e+00 1.762971220062919120e-01
3.839633784945558546e+03 -2.051720920767614142e+00 1.757671356610881752e-01
3.846276749971415938e+03 -2.045553014812140802e+00 1.752387425683205324e-01
3.852919714997272877e+03 -2.039403650902602116e+00 1.747119379383258730e-01
3.859562680023130270e+03 -2.033272773297579938e+00 1.741867169958400408e-01
3.866205645048987662e+03 -2.027160326423225634e+00 1.736630749799542295e-01
3.872848610074845055e+03 -2.021066254872760037e+00 1.731410071440721843e-01
3.879491575100701994e+03 -2.014990503405968081e+00 1.726205087558668749e-01
3.886134540126559386e+03 -2.008933016948697858e+00 1.721015750972375580e-01
3.892777505152417234e+03 -2.002893740592363248e+00 1.715842014642672830e-01
3.899420470178274627e+03 -1.996872619593447418e+00 1.710683831671802047e-01
3.906063435204132020e+03 -1.990869599373001675e+00 1.705541155302987832e-01
3.912706400229989413e+03 -1.984884625516154522e+00 1.700413938920016244e-01
3.919349365255846806e+03 -1.978917643771618051e+00 1.695302136046812624e-01
3.925992330281703744e+03 -1.972968600051195232e+00 1.690205700347019446e-01
3.932635295307561137e+03 -1.967037440429290518e+00 1.685124585623576088e-01
3.939278260333418530e+03 -1.961124111142420690e+00 1.680058745818301391e-01
3.945921225359275923e+03 -1.955228558588726795e+00 1.675008135011474553e-01
3.952564190385133770e+03 -1.949350729327488319e+00 1.669972707421418512e-01
3.959207155410991163e+03 -1.943490570078642010e+00 1.664952417404089169e-01
3.965850120436848101e+03 -1.937648027722293165e+00 1.659947219452655165e-01
3.972493085462705494e+03 -1.931823049298238226e+00 1.654957068197090153e-01
3.979136050488562887e+03 -1.926015582005484506e+00 1.649981918403760073e-01
3.985779015514420280e+03 -1.920225573201769897e+00 1.645021724975013200e-01
3.992421980540277218e+03 -1.914452970403085930e+00 1.640076442948770474e-01
3.999064945566134611e+03 -1.908697721283204585e+00 1.635146027498119992e-01
4.005707910591992004e+03 -1.902959773673200017e+00 1.630230433930908163e-01
4.012350875617849852e+03 -1.897239075560978039e+00 1.625329617689336426e-01
4.018993840643707244e+03 -1.891535575090805610e+00 1.620443534349557402e-01
4.025636805669564637e+03 -1.885849220562838546e+00 1.615572139621271053e-01
4.032279770695422030e+03 -1.880179960432653674e+00 1.610715389347323334e-01
4.038922735721278968e+03 -1.874527743310780759e+00 1.605873239503306238e-01
4.045565700747136361e+03 -1.868892517962240207e+00 1.601045646197160333e-01
4.052208665772993754e+03 -1.863274233306072780e+00 1.596232565668772863e-01
4.058851630798851147e+03 -1.857672838414882621e+00 1.591433954289585839e-01
4.065494595824708995e+03 -1.852088282514371853e+00 1.586649768562197749e-01
4.072137560850566388e+03 -1.846520514982880501e+00 1.581879965119968867e-01
4.078780525876423781e+03 -1.840969485350929746e+00 1.577124500726630185e-01
4.085423490902280719e+03 -1.835435143300762517e+00 1.572383332275890666e-01
4.092066455928138112e+03 -1.829917438665888074e+00 1.567656416791045060e-01
4.098709420953995505e+03 -1.824416321430627486e+00 1.562943711424586990e-01
4.105352385979852443e+03 -1.818931741729658658e+00 1.558245173457817323e-01
4.111995351005710290e+03 -1.813463649847567360e+00 1.553560760300460308e-01
4.118638316031567228e+03 -1.808011996218393369e+00 1.548890429490274723e-01
4.125281281057425076e+03 -1.802576731425183487e+00 1.544234138692671399e-01
4.131924246083282924e+03 -1.797157806199543462e+00 1.539591845700328254e-01
4.138567211109139862e+03 -1.791755171421189230e+00 1.534963508432806434e-01
4.145210176134996800e+03 -1.786368778117503053e+00 1.530349084936170334e-01
4.151853141160854648e+03 -1.780998577463091870e+00 1.525748533382609018e-01
4.158496106186711586e+03 -1.775644520779339874e+00 1.521161812070052910e-01
4.165139071212568524e+03 -1.770306559533970869e+00 1.516588879421798819e-01
4.171782036238426372e+03 -1.764984645340607727e+00 1.512029693986132739e-01
4.178425001264283310e+03 -1.759678729958332744e+00 1.507484214435952652e-01
4.185067966290141158e+03 -1.754388765291251540e+00 1.502952399568395769e-01
4.191710931315999005e+03 -1.749114703388056524e+00 1.498434208304463833e-01
4.198353896341855943e+03 -1.743856496441592574e+00 1.493929599688651466e-01
4.204996861367713791e+03 -1.738614096788422270e+00 1.489438532888573974e-01
4.211639826393570729e+03 -1.733387456908396240e+00 1.484960967194597914e-01
4.218282791419427667e+03 -1.728176529424220620e+00 1.480496862019472504e-01
4.224925756445285515e+03 -1.722981267101027614e+00 1.476046176897960194e-01
4.231568721471142453e+03 -1.717801622845948506e+00 1.471608871486471404e-01
4.238211686497000301e+03 -1.712637549707685114e+00 1.467184905562697872e-01
4.244854651522858148e+03 -1.707489000876087459e+00 1.462774239025249889e-01
4.251497616548715087e+03 -1.702355929681725000e+00 1.458376831893289927e-01
4.258140581574572025e+03 -1.697238289595466298e+00 1.453992644306171256e-01
4.264783546600429872e+03 -1.692136034228056696e+00 1.449621636523078239e-01
4.271426511626286810e+03 -1.687049117329697534e+00 1.445263768922663838e-01
4.278069476652144658e+03 -1.681977492789628714e+00 1.440919002002692684e-01
4.284712441678001596e+03 -1.676921114635707699e+00 1.436587296379681078e-01
4.291355406703858534e+03 -1.671879937033994512e+00 1.432268612788540063e-01
4.297998371729716382e+03 -1.666853914288336069e+00 1.427962912082220981e-01
4.304641336755574230e+03 -1.661843000839953177e+00 1.423670155231360479e-01
4.311284301781431168e+03 -1.656847151267024865e+00 1.419390303323924962e-01
4.317927266807289016e+03 -1.651866320284278933e+00 1.415123317564859207e-01
4.324570231833145954e+03 -1.646900462742579840e+00 1.410869159275734419e-01
4.331213196859002892e+03 -1.641949533628520808e+00 1.406627789894397407e-01
4.337856161884860740e+03 -1.637013488064015920e+00 1.402399170974622244e-01
4.344499126910717678e+03 -1.632092281305891790e+00 1.398183264185760000e-01
4.351142091936575525e+03 -1.627185868745482544e+00 1.393980031312392065e-01
4.357785056962433373e+03 -1.622294205908226150e+00 1.389789434253983769e-01
4.364428021988290311e+03 -1.617417248453262069e+00 1.385611435024540206e-01
4.371070987014147249e+03 -1.612554952173026246e+00 1.381445995752259293e-01
4.377713952040005097e+03 -1.607707272992853431e+00 1.377293078679190097e-01
4.384356917065862035e+03 -1.602874166970575720e+00 1.373152646160890888e-01
4.390999882091719883e+03 -1.598055590296126427e+00 1.369024660666087745e-01
4.397642847117576821e+03 -1.593251499291138629e+00 1.364909084776331771e-01
4.404285812143433759e+03 -1.588461850408556142e+00 1.360805881185665756e-01
4.410928777169292516e+03 -1.583686600232230957e+00 1.356715012700278611e-01
4.417571742195149454e+03 -1.578925705476536878e+00 1.352636442238175085e-01
4.424214707221006393e+03 -1.574179122985971846e+00 1.348570132828835200e-01
4.430857672246864240e+03 -1.569446809734768244e+00 1.344516047612879517e-01
4.437500637272721178e+03 -1.564728722826505436e+00 1.340474149841738294e-01
4.444143602298578116e+03 -1.560024819493717851e+00 1.336444402877315085e-01
4.450786567324435964e+03 -1.555335057097506413e+00 1.332426770191653398e-01
4.457429532350292902e+03 -1.550659393127157726e+00 1.328421215366611952e-01
4.464072497376150750e+03 -1.545997785199751062e+00 1.324427702093526338e-01
4.470715462402008598e+03 -1.541350191059780661e+00 1.320446194172886500e-01
4.477358427427865536e+03 -1.536716568578769149e+00 1.316476655514005334e-01
4.484001392453722474e+03 -1.532096875754887844e+00 1.312519050134693388e-01
4.490644357479580322e+03 -1.527491070712571508e+00 1.308573342160928299e-01
4.497287322505437260e+03 -1.522899111702145980e+00 1.304639495826536710e-01
4.503930287531295107e+03 -1.518320957099443591e+00 1.300717475472864260e-01
4.510573252557152045e+03 -1.513756565405427690e+00 1.296807245548453891e-01
4.517216217583008984e+03 -1.509205895245819162e+00 1.292908770608726110e-01
4.523859182608866831e+03 -1.504668905370715626e+00 1.289022015315652581e-01
4.530502147634724679e+03 -1.500145554654224167e+00 1.285146944437441929e-01
4.537145112660581617e+03 -1.495635802094083200e+00 1.281283522848214729e-01
4.543788077686439465e+03 -1.491139606811295204e+00 1.277431715527690415e-01
4.550431042712296403e+03 -1.486656928049750581e+00 1.273591487560863933e-01
4.557074007738153341e+03 -1.482187725175865278e+00 1.269762804137695433e-01
4.563716972764011189e+03 -1.477731957678204866e+00 1.265945630552788304e-01
4.570359937789868127e+03 -1.473289585167124383e+00 1.262139932205081083e-01
4.577002902815725975e+03 -1.468860567374397741e+00 1.258345674597529384e-01
4.583645867841583822e+03 -1.464444864152852910e+00 1.254562823336793365e-01
4.590288832867440760e+03 -1.460042435476011757e+00 1.250791344132930194e-01
4.596931797893298608e+03 -1.455653241437721901e+00 1.247031202799077226e-01
4.603574762919155546e+03 -1.451277242251799215e+00 1.243282365251146410e-01
4.610217727945012484e+03 -1.446914398251664347e+00 1.239544797507513146e-01
4.616860692970870332e+03 -1.442564669889985662e+00 1.235818465688709872e-01
4.623503657996727270e+03 -1.438228017738317988e+00 1.232103336017117273e-01
4.630146623022584208e+03 -1.433904402486747776e+00 1.228399374816659395e-01
4.636789588048442056e+03 -1.429593784943536727e+00 1.224706548512499160e-01
4.643432553074299904e+03 -1.425296126034762301e+00 1.221024823630730005e-01
4.650075518100156842e+03 -1.421011386803969545e+00 1.217354166798077647e-01
4.656718483126014689e+03 -1.416739528411814719e+00 1.213694544741594911e-01
4.663361448151871627e+03 -1.412480512135713129e+00 1.210045924288359748e-01
4.670004413177729475e+03 -1.408234299369487852e+00 1.206408272365174505e-01
4.676647378203586413e+03 -1.404000851623022683e+00 1.202781555998268803e-01
4.683290343229443351e+03 -1.399780130521909305e+00 1.199165742312996996e-01
4.689933308255301199e+03 -1.395572097807101786e+00 1.195560798533542024e-01
4.696576273281158137e+03 -1.391376715334570413e+00 1.191966691982619536e-01
4.703219238307015985e+03 -1.387193945074952417e+00 1.188383390081177715e-01
4.709862203332873833e+03 -1.383023749113212020e+00 1.184810860348107092e-01
4.716505168358730771e+03 -1.378866089648292936e+00 1.181249070399941759e-01
4.723148133384587709e+03 -1.374720928992778424e+00 1.177697987950569319e-01
4.729791098410445557e+03 -1.370588229572546224e+00 1.174157580810934187e-01
4.736434063436302495e+03 -1.366467953926432166e+00 1.170627816888749895e-01
4.743077028462160342e+03 -1.362360064705887552e+00 1.167108664188205996e-01
4.749719993488017280e+03 -1.358264524674641871e+00 1.163600090809678161e-01
4.756362958513875128e+03 -1.354181296708364846e+00 1.160102064949439654e-01
4.763005923539732066e+03 -1.350110343794330925e+00 1.156614554899372954e-01
4.769648888565589914e+03 -1.346051629031081553e+00 1.153137529046681375e-01
4.776291853591446852e+03 -1.342005115628092327e+00 1.149670955873603323e-01
4.782934818617304700e+03 -1.337970766905441034e+00 1.146214803957127798e-01
4.789577783643161638e+03 -1.333948546293470150e+00 1.142769041968705879e-01
4.796220748669018576e+03 -1.329938417332461764e+00 1.139333638673971638e-01
4.802863713694876424e+03 -1.325940343672301180e+00 1.135908562932454319e-01
4.809506678720733362e+03 -1.321954289072152289e+00 1.132493783697300083e-01
4.816149643746591209e+03 -1.317980217400124721e+00 1.129089270014986823e-01
4.822792608772449057e+03 -1.314018092632951440e+00 1.125694991025048275e-01
4.829435573798305995e+03 -1.310067878855655676e+00 1.122310915959787991e-01
4.836078538824162933e+03 -1.306129540261232069e+00 1.118937014144007064e-01
4.842721503850020781e+03 -1.302203041150316931e+00 1.115573254994721153e-01
4.849364468875877719e+03 -1.298288345930867838e+00 1.112219608020885570e-01
4.856007433901735567e+03 -1.294385419117839220e+00 1.108876042823118691e-01
4.862650398927592505e+03 -1.290494225332861067e+00 1.105542529093425097e-01
4.869293363953449443e+03 -1.286614729303919624e+00 1.102219036614923292e-01
4.875936328979307291e+03 -1.282746895865034320e+00 1.098905535261568145e-01
4.882579294005165139e+03 -1.278890689955944904e+00 1.095601994997883466e-01
4.889222259031022077e+03 -1.275046076621786373e+00 1.092308385878682925e-01
4.895865224056879924e+03 -1.271213021012777444e+00 1.089024678048803596e-01
4.902508189082736862e+03 -1.267391488383903253e+00 1.085750841742834233e-01
4.909151154108593801e+03 -1.263581444094597828e+00 1.082486847284842568e-01
4.915794119134451648e+03 -1.259782853608435449e+00 1.079232665088111776e-01
4.922437084160308586e+03 -1.255995682492811349e+00 1.075988265654866105e-01
4.929080049186166434e+03 -1.252219896418635292e+00 1.072753619576009287e-01
4.935723014212024282e+03 -1.248455461160016267e+00 1.069528697530853500e-01
4.942365979237881220e+03 -1.244702342593954736e+00 1.066313470286856385e-01
4.949008944263738158e+03 -1.240960506700031107e+00 1.063107908699353898e-01
4.955651909289596006e+03 -1.237229919560100422e+00 1.059911983711298578e-01
4.962294874315452944e+03 -1.233510547357980602e+00 1.056725666352992948e-01
4.968937839341310791e+03 -1.229802356379150918e+00 1.053548927741830704e-01
4.975580804367167730e+03 -1.226105313010442899e+00 1.050381739082032334e-01
4.982223769393024668e+03 -1.222419383739735910e+00 1.047224071664383943e-01
4.988866734418883425e+03 -1.218744535155654951e+00 1.044075896865978847e-01
4.995509699444740363e+03 -1.215080733947266234e+00 1.040937186149956117e-01
5.002152664470597301e+03 -1.211427946903777642e+00 1.037807911065244809e-01
5.008795629496455149e+03 -1.207786140914233197e+00 1.034688043246301120e-01
5.015438594522312087e+03 -1.204155282967218410e+00 1.031577554412857201e-01
5.022081559548169025e+03 -1.200535340150555852e+00 1.028476416369659557e-01
5.028724524574026873e+03 -1.196926279651011171e+00 1.025384601006217172e-01
5.035367489599883811e+03 -1.193328068753993554e+00 1.022302080296545457e-01
5.042010454625741659e+03 -1.189740674843258406e+00 1.019228826298910900e-01
5.048653419651599506e+03 -1.186164065400613365e+00 1.016164811155579745e-01
5.055296384677456444e+03 -1.182598208005622986e+00 1.013110007092564852e-01
5.061939349703314292e+03 -1.179043070335314747e+00 1.010064386419373406e-01
5.068582314729171230e+03 -1.175498620163885288e+00 1.007027921528756004e-01
5.075225279755028168e+03 -1.171964825362410201e+00 1.004000584896457410e-01
5.081868244780886016e+03 -1.168441653898550037e+00 1.000982349080965089e-01
5.088511209806742954e+03 -1.164929073836263873e+00 9.979731867232634335e-02
5.095154174832599892e+03 -1.161427053335515769e+00 9.949730705465827107e-02
5.101797139858457740e+03 -1.157935560651988105e+00 9.919819733561534292e-02
5.108440104884315588e+03 -1.154454564136793815e+00 9.889998680389594510e-02
5.115083069910172526e+03 -1.150984032236189725e+00 9.860267275634926332e-02
5.121726034936030374e+03 -1.147523933491290116e+00 9.830625249795077458e-02
5.128368999961887312e+03 -1.144074236537780065e+00 9.801072334177762801e-02
5.135011964987744250e+03 -1.140634910105634781e+00 9.771608260898465015e-02
5.141654930013602097e+03 -1.137205923018832276e+00 9.742232762877971186e-02
5.148297895039459036e+03 -1.133787244195073596e+00 9.712945573839977531e-02
5.154940860065316883e+03 -1.130378842645499926e+00 9.683746428308662169e-02
5.161583825091174731e+03 -1.126980687474410381e+00 9.654635061606271773e-02
5.168226790117031669e+03 -1.123592747878985110e+00 9.625611209850747085e-02
5.174869755142889517e+03 -1.120214993149002858e+00 9.596674609953302626e-02
5.181512720168746455e+03 -1.116847392666565852e+00 9.567824999616074411e-02
5.188155685194603393e+03 -1.113489915905817584e+00 9.539062117329696888e-02
5.194798650220461241e+03 -1.110142532432671914e+00 9.510385702370981187e-02
5.201441615246318179e+03 -1.106805211904531738e+00 9.481795494800515645e-02
5.208084580272175117e+03 -1.103477924070018545e+00 9.453291235460332953e-02
5.214727545298032965e+03 -1.100160638768693966e+00 9.424872665971539831e-02
5.221370510323890812e+03 -1.096853325930789769e+00 9.396539528731993884e-02
5.228013475349747750e+03 -1.093555955576934746e+00 9.368291566913967972e-02
5.234656440375605598e+03 -1.090268497817880267e+00 9.340128524461799309e-02
5.241299405401462536e+03 -1.086990922854233599e+00 9.312050146089601022e-02
5.247942370427320384e+03 -1.083723200976183243e+00 9.284056177278915412e-02
5.254585335453177322e+03 -1.080465302563233143e+00 9.256146364276433836e-02
5.261228300479034260e+03 -1.077217198083932459e+00 9.228320454091679115e-02
5.267871265504892108e+03 -1.073978858095609556e+00 9.200578194494729578e-02
5.274514230530749046e+03 -1.070750253244101113e+00 9.172919334013898696e-02
5.281157195556606894e+03 -1.067531354263491883e+00 9.145343621933504918e-02
5.287800160582464741e+03 -1.064322131975844909e+00 9.117850808291559639e-02
5.294443125608321679e+03 -1.061122557290938850e+00 9.090440643877518989e-02
5.301086090634178618e+03 -1.057932601206003298e+00 9.063112880230014823e-02
5.307729055660036465e+03 -1.054752234805457212e+00 9.035867269634612065e-02
5.314372020685893403e+03 -1.051581429260646017e+00 9.008703565121560508e-02
5.321014985711751251e+03 -1.048420155829579370e+00 8.981621520463548003e-02
5.327657950737608189e+03 -1.045268385856673810e+00 8.954620890173489722e-02
5.334300915763466037e+03 -1.042126090772487412e+00 8.927701429502263308e-02
5.340943880789322975e+03 -1.038993242093468661e+00 8.900862894436552264e-02
5.347586845815180823e+03 -1.035869811421689546e+00 8.874105041696560281e-02
5.354229810841037761e+03 -1.032755770444595766e+00 8.847427628733872673e-02
5.360872775866895608e+03 -1.029651090934743829e+00 8.820830413729204011e-02
5.367515740892752547e+03 -1.026555744749549914e+00 8.794313155590242903e-02
5.374158705918609485e+03 -1.023469703831033861e+00 8.767875613949464852e-02
5.380801670944467332e+03 -1.020392940205560928e+00 8.741517549161917366e-02
5.387444635970324271e+03 -1.017325425983594211e+00 8.715238722303095265e-02
5.394087600996182118e+03 -1.014267133359436190e+00 8.689038895166734111e-02
5.400730566022039966e+03 -1.011218034610982253e+00 8.662917830262689689e-02
5.407373531047896904e+03 -1.008178102099464013e+00 8.636875290814748085e-02
5.414016496073753842e+03 -1.005147308269202400e+00 8.610911040758503776e-02
5.420659461099611690e+03 -1.002125625647356522e+00 8.585024844739211347e-02
5.427302426125468628e+03 -9.991130268436744233e-01 8.559216468109649700e-02
5.433945391151326476e+03 -9.961094845502463935e-01 8.533485676928007080e-02
5.440588356177183414e+03 -9.931149715412549428e-01 8.507832237955743893e-02
5.447231321203040352e+03 -9.901294606727301106e-01 8.482255918655488836e-02
5.453874286228898200e+03 -9.871529248823016633e-01 8.456756487188922533e-02
5.460517251254756047e+03 -9.841853371889567326e-01 8.431333712414701420e-02
5.467160216280612985e+03 -9.812266706927911253e-01 8.405987363886320562e-02
5.473803181306470833e+03 -9.782768985747691826e-01 8.380717211850063908e-02
5.480446146332327771e+03 -9.753359940964775321e-01 8.355523027242890699e-02
5.487089111358184709e+03 -9.724039305998858351e-01 8.330404581690387111e-02
5.493732076384042557e+03 -9.694806815071033146e-01 8.305361647504677647e-02
5.500375041409899495e+03 -9.665662203201367264e-01 8.280393997682357343e-02
5.507018006435757343e+03 -9.636605206206532159e-01 8.255501405902457290e-02
5.513660971461615190e+03 -9.607635560697388444e-01 8.230683646524372676e-02
5.520303936487472129e+03 -9.578753004076602240e-01 8.205940494585825529e-02
5.526946901513329067e+03 -9.549957274536252649e-01 8.181271725800814965e-02
5.533589866539186914e+03 -9.521248111055490293e-01 8.156677116557606300e-02
5.540232831565043853e+03 -9.492625253398129237e-01 8.132156443916674360e-02
5.546875796590901700e+03 -9.464088442110331068e-01 8.107709485608714794e-02
5.553518761616758638e+03 -9.435637418518222352e-01 8.083336020032608205e-02
5.560161726642615577e+03 -9.407271924725556511e-01 8.059035826253406476e-02
5.566804691668474334e+03 -9.378991703611382347e-01 8.034808684000352419e-02
5.573447656694331272e+03 -9.350796498827715908e-01 8.010654373664866101e-02
5.580090621720188210e+03 -9.322686054797205690e-01 7.986572676298561713e-02
5.586733586746046058e+03 -9.294660116710818931e-01 7.962563373611254713e-02
5.593376551771902996e+03 -9.266718430525541228e-01 7.938626247968991190e-02
5.600019516797759934e+03 -9.238860742962058392e-01 7.914761082392071656e-02
5.606662481823617782e+03 -9.211086801502478272e-01 7.890967660553088736e-02
5.613305446849474720e+03 -9.183396354388023708e-01 7.867245766774955129e-02
5.619948411875332567e+03 -9.155789150616765459e-01 7.843595186028960720e-02
5.626591376901190415e+03 -9.128264939941339584e-01 7.820015703932818585e-02
5.633234341927047353e+03 -9.100823472866679253e-01 7.796507106748720717e-02
5.639877306952905201e+03 -9.073464500647755449e-01 7.773069181381403459e-02
5.646520271978762139e+03 -9.046187775287318766e-01 7.749701715376210165e-02
5.653163237004619077e+03 -9.018993049533656770e-01 7.726404496917173292e-02
5.659806202030476925e+03 -8.991880076878341344e-01 7.703177314825082611e-02
5.666449167056333863e+03 -8.964848611554019353e-01 7.680019958555592274e-02
5.673092132082190801e+03 -8.937898408532145567e-01 7.656932218197282092e-02
5.679735097108049558e+03 -8.911029223520798848e-01 7.633913884469782640e-02
5.686378062133906496e+03 -8.884240812962450606e-01 7.610964748721862905e-02
5.693021027159763435e+03 -8.857532934031762117e-01 7.588084602929549838e-02
5.699663992185621282e+03 -8.830905344633369625e-01 7.565273239694222940e-02
5.706306957211478220e+03 -8.804357803399708304e-01 7.542530452240754635e-02
5.712949922237335159e+03 -8.777890069688824015e-01 7.519856034415633994e-02
5.719592887263193006e+03 -8.751501903582166175e-01 7.497249780685077969e-02
5.726235852289049944e+03 -8.725193065882448362e-01 7.474711486133195359e-02
5.732878817314907792e+03 -8.698963318111451182e-01 7.452240946460109150e-02
5.739521782340765640e+03 -8.672812422507883978e-01 7.429837957980119090e-02
5.746164747366622578e+03 -8.646740142025211018e-01 7.407502317619843457e-02
5.752807712392480425e+03 -8.620746240329515420e-01 7.385233822916388580e-02
5.759450677418337364e+03 -8.594830481797340882e-01 7.363032272015496149e-02
5.766093642444194302e+03 -8.568992631513577818e-01 7.340897463669739109e-02
5.772736607470052149e+03 -8.543232455269320624e-01 7.318829197236681461e-02
5.779379572495909088e+03 -8.517549719559739385e-01 7.296827272677053333e-02
5.786022537521766026e+03 -8.491944191581980439e-01 7.274891490552959361e-02
5.792665502547623873e+03 -8.466415639233038082e-01 7.253021652026045429e-02
5.799308467573481721e+03 -8.440963831107659576e-01 7.231217558855715377e-02
5.805951432599338659e+03 -8.415588536496251271e-01 7.209479013397325498e-02
5.812594397625196507e+03 -8.390289525382788050e-01 7.187805818600405405e-02
5.819237362651053445e+03 -8.365066568442701689e-01 7.166197778006837271e-02
5.825880327676911293e+03 -8.339919437040850259e-01 7.144654695749125262e-02
5.832523292702768231e+03 -8.314847903229399817e-01 7.123176376548577549e-02
5.839166257728625169e+03 -8.289851739745781600e-01 7.101762625713556321e-02
5.845809222754483017e+03 -8.264930720010632559e-01 7.080413249137712528e-02
5.852452187780340864e+03 -8.240084618125729232e-01 7.059128053298215077e-02
5.859095152806197802e+03 -8.215313208871957151e-01 7.037906845254018884e-02
5.865738117832055650e+03 -8.190616267707252485e-01 7.016749432644088513e-02
5.872381082857912588e+03 -8.165993570764573661e-01 6.995655623685673175e-02
5.879024047883769526e+03 -8.141444894849870773e-01 6.974625227172558117e-02
5.885667012909627374e+03 -8.116970017440071627e-01 6.953658052473343787e-02
5.892309977935484312e+03 -8.092568716681048935e-01 6.932753909529704162e-02
5.898952942961342160e+03 -8.068240771385616350e-01 6.911912608854668683e-02
5.905595907987199098e+03 -8.043985961031535625e-01 6.891133961530915286e-02
5.912238873013056946e+03 -8.019804065759489342e-01 6.870417779209034292e-02
5.918881838038913884e+03 -7.995694866371122478e-01 6.849763874105850581e-02
5.925524803064771731e+03 -7.971658144327025131e-01 6.829172059002691642e-02
5.932167768090628670e+03 -7.947693681744770755e-01 6.808642147243718079e-02
5.938810733116486517e+03 -7.923801261396929974e-01 6.788173952734205541e-02
5.945453698142343455e+03 -7.899980666709114363e-01 6.767767289938883546e-02
5.952096663168200394e+03 -7.876231681757993597e-01 6.747421973880231294e-02
5.958739628194058241e+03 -7.852554091269358105e-01 6.727137820136813717e-02
5.965382593219915179e+03 -7.828947680616162863e-01 6.706914644841611983e-02
5.972025558245773027e+03 -7.805412235816561184e-01 6.686752264680337343e-02
5.978668523271630875e+03 -7.781947543532010680e-01 6.666650496889807431e-02
5.985311488297487813e+03 -7.758553391065280413e-01 6.646609159256239296e-02
5.991954453323344751e+03 -7.735229566358575726e-01 6.626628070113642355e-02
5.998597418349202599e+03 -7.711975857991582028e-01 6.606707048342146116e-02
6.005240383375059537e+03 -7.688792055179565210e-01 6.586845913366365379e-02
6.011883348400917384e+03 -7.665677947771453171e-01 6.567044485153768207e-02
6.018526313426774323e+03 -7.642633326247934011e-01 6.547302584213032794e-02
6.025169278452632170e+03 -7.619657981719559769e-01 6.527620031592434868e-02
6.031812243478490018e+03 -7.596751705924846831e-01 6.507996648878214274e-02
6.038455208504346956e+03 -7.573914291228391882e-01 6.488432258192960989e-02
6.045098173530203894e+03 -7.551145530618987856e-01 6.468926682194006683e-02
6.051741138556061742e+03 -7.528445217707746551e-01 6.449479744071805187e-02
6.058384103581918680e+03 -7.505813146726231233e-01 6.430091267548346257e-02
6.065027068607775618e+03 -7.483249112524594793e-01 6.410761076875548525e-02
6.071670033633633466e+03 -7.460752910569702356e-01 6.391488996833660785e-02
6.078312998659490404e+03 -7.438324336943304971e-01 6.372274852729692407e-02
6.084955963685348252e+03 -7.415963188340166656e-01 6.353118470395806294e-02
6.091598928711206099e+03 -7.393669262066238090e-01 6.334019676187763181e-02
6.098241893737063037e+03 -7.371442356036800314e-01 6.314978296983320138e-02
6.104884858762919976e+03 -7.349282268774657290e-01 6.295994160180692911e-02
6.111527823788777823e+03 -7.327188799408299591e-01 6.277067093696972466e-02
6.118170788814634761e+03 -7.305161747670059214e-01 6.258196925966555413e-02
6.124813753840492609e+03 -7.283200913894344319e-01 6.239383485939621610e-02
6.131456718866349547e+03 -7.261306099015779614e-01 6.220626603080547240e-02
6.138099683892206485e+03 -7.239477104567435539e-01 6.201926107366384500e-02
6.144742648918065242e+03 -7.217713732679014171e-01 6.183281829285310754e-02
6.151385613943922181e+03 -7.196015786075060650e-01 6.164693599835092269e-02
6.158028578969779119e+03 -7.174383068073164615e-01 6.146161250521547242e-02
6.164671543995636966e+03 -7.152815382582196069e-01 6.127684613357032434e-02
6.171314509021493905e+03 -7.131312534100513467e-01 6.109263520858908281e-02
6.177957474047350843e+03 -7.109874327714190700e-01 6.090897806048019281e-02
6.184600439073208690e+03 -7.088500569095268489e-01 6.072587302447198659e-02
6.191243404099065629e+03 -7.067191064499959152e-01 6.054331844079727243e-02
6.197886369124923476e+03 -7.045945620766930206e-01 6.036131265467865187e-02
6.204529334150781324e+03 -7.024764045315526895e-01 6.017985401631328196e-02
6.211172299176638262e+03 -7.003646146144033580e-01 5.999894088085797744e-02
6.217815264202496110e+03 -6.982591731827927362e-01 5.981857160841427823e-02
6.224458229228353048e+03 -6.961600611518161674e-01 5.963874456401369040e-02
6.231101194254209986e+03 -6.940672594939416573e-01 5.945945811760276756e-02
6.237744159280067834e+03 -6.919807492388373449e-01 5.928071064402826162e-02
6.244387124305924772e+03 -6.899005114732020827e-01 5.910250052302265522e-02
6.251030089331781710e+03 -6.878265273405904656e-01 5.892482613918915285e-02
6.257673054357640467e+03 -6.857587780412447431e-01 5.874768588198728964e-02
6.264316019383497405e+03 -6.836972448319227347e-01 5.857107814571817922e-02
6.270958984409354343e+03 -6.816419090257292979e-01 5.839500132951008782e-02
6.277601949435212191e+03 -6.795927519919451321e-01 5.821945383730375845e-02
6.284244914461069129e+03 -6.775497551558592457e-01 5.804443407783806824e-02
6.290887879486926977e+03 -6.755128999986010907e-01 5.786994046463562330e-02
6.297530844512783915e+03 -6.734821680569704760e-01 5.769597141598822865e-02
6.304173809538640853e+03 -6.714575409232728109e-01 5.752252535494274677e-02
6.310816774564498701e+03 -6.694390002451500177e-01 5.734960070928660225e-02
6.317459739590356548e+03 -6.674265277254156636e-01 5.717719591153368891e-02
6.324102704616213487e+03 -6.654201051218893159e-01 5.700530939891015891e-02
6.330745669642071334e+03 -6.634197142472294528e-01 5.683393961334010092e-02
6.337388634667928272e+03 -6.614253369687697059e-01 5.666308500143154431e-02
6.344031599693785211e+03 -6.594369552083553243e-01 5.649274401446240101e-02
6.350674564719643058e+03 -6.574545509421773071e-01 5.632291510836631016e-02
6.357317529745499996e+03 -6.554781062006106440e-01 5.615359674371873250e-02
6.363960494771356935e+03 -6.535076030680516679e-01 5.598478738572305186e-02
6.370603459797215692e+03 -6.515430236827528532e-01 5.581648550419639199e-02
6.377246424823072630e+03 -6.495843502366659417e-01 5.564868957355621065e-02
6.383889389848929568e+03 -6.476315649752742987e-01 5.548139807280591529e-02
6.390532354874787416e+03 -6.456846501974378150e-01 5.531460948552157503e-02
6.397175319900644354e+03 -6.437435882552280386e-01 5.514832229983780004e-02
6.403818284926502201e+03 -6.418083615537716335e-01 5.498253500843435643e-02
6.410461249952359140e+03 -6.398789525510873988e-01 5.481724610852215657e-02
6.417104214978216078e+03 -6.379553437579308373e-01 5.465245410182997809e-02
6.423747180004073925e+03 -6.360375177376330624e-01 5.448815749459066243e-02
6.430390145029931773e+03 -6.341254571059433687e-01 5.432435479752761170e-02
6.437033110055788711e+03 -6.322191445308729119e-01 5.416104452584139667e-02
6.443676075081646559e+03 -6.303185627325355034e-01 5.399822519919614261e-02
6.450319040107503497e+03 -6.284236944829926230e-01 5.383589534170622054e-02
6.456962005133360435e+03 -6.265345226060962114e-01 5.367405348192281350e-02
6.463604970159218283e+03 -6.246510299773341268e-01 5.351269815282062858e-02
6.470247935185075221e+03 -6.227731995236731599e-01 5.335182789178451179e-02
6.476890900210933069e+03 -6.209010142234065999e-01 5.319144124059633355e-02
6.483533865236790007e+03 -6.190344571059978040e-01 5.303153674542161050e-02
6.490176830262647854e+03 -6.171735112519274313e-01 5.287211295679642570e-02
6.496819795288504793e+03 -6.153181597925400093e-01 5.271316842961426552e-02
6.503462760314362640e+03 -6.134683859098903902e-01 5.255470172311289129e-02
6.510105725340218669e+03 -6.116241728365934271e-01 5.239671140086143292e-02
6.516748690366077426e+03 -6.097855038556676543e-01 5.223919603074701073e-02
6.523391655391935274e+03 -6.079523623003889599e-01 5.208215418496220384e-02
6.530034620417791302e+03 -6.061247315541361536e-01 5.192558443999181761e-02
6.536677585443650059e+03 -6.043025950502406429e-01 5.176948537659999822e-02
6.543320550469506088e+03 -6.024859362718376632e-01 5.161385557981749972e-02
6.549963515495363936e+03 -6.006747387517147319e-01 5.145869363892869447e-02
6.556606480521220874e+03 -5.988689860721648772e-01 5.130399814745899290e-02
6.563249445547078722e+03 -5.970686618648344268e-01 5.114976770316181920e-02
6.569892410572935660e+03 -5.952737498105787894e-01 5.099600090800624624e-02
6.576535375598793507e+03 -5.934842336393094664e-01 5.084269636816389493e-02
6.583178340624651355e+03 -5.917000971298521650e-01 5.068985269399677029e-02
6.589821305650508293e+03 -5.899213241097953642e-01 5.053746850004429275e-02
6.596464270676366141e+03 -5.881478984553450973e-01 5.038554240501086356e-02
6.603107235702222169e+03 -5.863798040911806231e-01 5.023407303175349281e-02
6.609750200728080927e+03 -5.846170249903046567e-01 5.008305900726897630e-02
6.616393165753936955e+03 -5.828595451739029265e-01 4.993249896268185661e-02
6.623036130779794803e+03 -5.811073487111952929e-01 4.978239153323166244e-02
6.629679095805652651e+03 -5.793604197192940841e-01 4.963273535826079330e-02
6.636322060831509589e+03 -5.776187423630584350e-01 4.948352908120202953e-02
