0.000000000000000000e+00 1.491589655655924894e-13 1.000000000000000000e+00
6.642965025857367145e+00 -2.845030689841358712e-05 1.907381617359272838e+08
1.328593005171473429e+01 -6.431340362435888989e-05 4.311735696241279244e+08
1.992889507757210055e+01 -1.000026488371643442e-04 6.704434323338632584e+08
2.657186010342946858e+01 -1.354951813282765478e-04 9.083944824536390305e+08
3.321482512928683661e+01 -1.707825447701424545e-04 1.144970026592474699e+09
3.985779015514420109e+01 -2.058609695920958591e-04 1.380144792580830336e+09
4.650075518100156557e+01 -2.407291307304787074e-04 1.613909896851747274e+09
5.314372020685893716e+01 -2.753869118662748399e-04 1.846264559572677851e+09
5.978668523271630164e+01 -3.098347726972687337e-04 2.077211862675591230e+09
6.642965025857367323e+01 -3.440734395676142655e-04 2.306756675758175373e+09
7.307261528443103771e+01 -3.781037588663057540e-04 2.534904673229548931e+09
7.971558031028840219e+01 -4.119266290893280067e-04 2.761661878837472439e+09
8.635854533614576667e+01 -4.455429698969617870e-04 2.987034458220580578e+09
9.300151036200313115e+01 -4.789537082099665352e-04 3.211028625693620682e+09
9.964447538786050984e+01 -5.121597720346351013e-04 3.433650602849034786e+09
1.062874404137178743e+02 -5.451620877433469535e-04 3.654906600325090885e+09
1.129304054395752530e+02 -5.779615788950435464e-04 3.874802809898045063e+09
1.195733704654326033e+02 -6.105591657299952587e-04 4.093345401094931602e+09
1.262163354912899678e+02 -6.429557649586068336e-04 4.310540519777657509e+09
1.328593005171473465e+02 -6.751522896769523909e-04 4.526394287576732635e+09
1.395022655430047109e+02 -7.071496493407526240e-04 4.740912801716798782e+09
1.461452305688620754e+02 -7.389487497604820118e-04 4.954102134983834267e+09
1.527881955947194399e+02 -7.705504931093388977e-04 5.165968335778583527e+09
1.594311606205768044e+02 -8.019557779302391356e-04 5.376517428163444519e+09
1.660741256464341689e+02 -8.331654991522116117e-04 5.585755411972390175e+09
1.727170906722915333e+02 -8.641805481004770969e-04 5.793688262878537178e+09
1.793600556981489262e+02 -8.950018125099661872e-04 6.000321932484776497e+09
1.860030207240062623e+02 -9.256301765416437028e-04 6.205662348433215141e+09
1.926459857498636552e+02 -9.560665207926765524e-04 6.409715414473341942e+09
1.992889507757210197e+02 -9.863117223101762129e-04 6.612487010554163933e+09
2.059319158015783842e+02 -1.016366654606287679e-03 6.813982992925367355e+09
2.125748808274357486e+02 -1.046232187671057318e-03 7.014209194223580360e+09
2.192178458532931131e+02 -1.075909187984865414e-03 7.213171423555733681e+09
2.258608108791505060e+02 -1.105398518531741040e-03 7.410875466588317871e+09
2.325037759050078705e+02 -1.134701038813125135e-03 7.607327085639659882e+09
2.391467409308652066e+02 -1.163817604860744757e-03 7.802532019766235352e+09
2.457897059567225710e+02 -1.192749069249486680e-03 7.996495984848974228e+09
2.524326709825799355e+02 -1.221496281110272079e-03 8.189224673679574966e+09
2.590756360084373000e+02 -1.250060086146038973e-03 8.380723756067659378e+09
2.657186010342946929e+02 -1.278441326638399440e-03 8.570998878885401726e+09
2.723615660601520858e+02 -1.306640841466287029e-03 8.760055666192543030e+09
2.790045310860094219e+02 -1.334659466116610346e-03 8.947899719307823181e+09
2.856474961118667579e+02 -1.362498032696239344e-03 9.134536616889329910e+09
2.922904611377241508e+02 -1.390157369947100235e-03 9.319971915035707474e+09
2.989334261635815437e+02 -1.417638303256828648e-03 9.504211147357574463e+09
3.055763911894388798e+02 -1.444941654671200865e-03 9.687259825060863495e+09
3.122193562152962727e+02 -1.472068242909671748e-03 9.869123437050998688e+09
3.188623212411536088e+02 -1.499018883374252835e-03 1.004980744999241066e+10
3.255052862670109448e+02 -1.525794388165050905e-03 1.022931730841271210e+10
3.321482512928683377e+02 -1.552395566090478346e-03 1.040765843477115059e+10
3.387912163187257306e+02 -1.578823222680126757e-03 1.058483622954492188e+10
3.454341813445830667e+02 -1.605078160199418418e-03 1.076085607132738495e+10
3.520771463704404596e+02 -1.631161177658483740e-03 1.093572331688759613e+10
3.587201113962978525e+02 -1.657073070828587796e-03 1.110944330128041649e+10
3.653630764221551885e+02 -1.682814632248788838e-03 1.128202133789117050e+10
3.720060414480125246e+02 -1.708386651244583974e-03 1.145346271856064034e+10
3.786490064738699175e+02 -1.733789913934568553e-03 1.162377271362971687e+10
3.852919714997273104e+02 -1.759025203245973652e-03 1.179295657204356384e+10
3.919349365255846465e+02 -1.784093298925764834e-03 1.196101952142603111e+10
3.985779015514420394e+02 -1.808994977550851865e-03 1.212796676814809608e+10
4.052208665772993754e+02 -1.833731012544516327e-03 1.229380349743800735e+10
4.118638316031567683e+02 -1.858302174183956582e-03 1.245853487343186378e+10
4.185067966290141044e+02 -1.882709229614939464e-03 1.262216603927184105e+10
4.251497616548714973e+02 -1.906952942861121162e-03 1.278470211716868401e+10
4.317927266807288902e+02 -1.931034074838254826e-03 1.294614820849695969e+10
4.384356917065862262e+02 -1.954953383365732548e-03 1.310650939387243271e+10
4.450786567324436191e+02 -1.978711623176350985e-03 1.326579073321754074e+10
4.517216217583010121e+02 -2.002309545930520268e-03 1.342399726585665321e+10
4.583645867841583481e+02 -2.025747900225137975e-03 1.358113401057556725e+10
4.650075518100157410e+02 -2.049027431610908612e-03 1.373720596573761559e+10
4.716505168358730202e+02 -2.072148882592782064e-03 1.389221810928661156e+10
4.782934818617304131e+02 -2.095112992655706434e-03 1.404617539891950226e+10
4.849364468875877492e+02 -2.117920498264624137e-03 1.419908277208634186e+10
4.915794119134451421e+02 -2.140572132880901469e-03 1.435094514610043526e+10
4.982223769393025350e+02 -2.163068626973867550e-03 1.450176741821570587e+10
5.048653419651598711e+02 -2.185410708031472037e-03 1.465155446569814301e+10
5.115083069910172640e+02 -2.207599100570049010e-03 1.480031114589125824e+10
5.181512720168746000e+02 -2.229634526149412970e-03 1.494804229631730461e+10
5.247942370427319929e+02 -2.251517703378627666e-03 1.509475273471593857e+10
5.314372020685893858e+02 -2.273249347931991134e-03 1.524044725915139389e+10
5.380801670944467787e+02 -2.294830172558798721e-03 1.538513064807793808e+10
5.447231321203041716e+02 -2.316260887094445751e-03 1.552880766041430283e+10
5.513660971461615645e+02 -2.337542198468856979e-03 1.567148303560019875e+10
5.580090621720188437e+02 -2.358674810723806504e-03 1.581316149371243668e+10
5.646520271978761230e+02 -2.379659425014243098e-03 1.595384773547380638e+10
5.712949922237335159e+02 -2.400496739631380241e-03 1.609354644240787888e+10
5.779379572495909088e+02 -2.421187450003581699e-03 1.623226227684494972e+10
5.845809222754483017e+02 -2.441732248710567175e-03 1.636999988201727104e+10
5.912238873013056946e+02 -2.462131825496287427e-03 1.650676388214537239e+10
5.978668523271630875e+02 -2.482386867276470312e-03 1.664255888248865318e+10
6.045098173530203667e+02 -2.502498058150608596e-03 1.677738946942574310e+10
6.111527823788777596e+02 -2.522466079415720645e-03 1.691126021054677391e+10
6.177957474047351525e+02 -2.542291609571678632e-03 1.704417565468908310e+10
6.244387124305925454e+02 -2.561975324334525572e-03 1.717614033202650261e+10
6.310816774564499383e+02 -2.581517896648907653e-03 1.730715875415271759e+10
6.377246424823072175e+02 -2.600919996693841323e-03 1.743723541411990738e+10
6.443676075081646104e+02 -2.620182291898256414e-03 1.756637478654298019e+10
6.510105725340218896e+02 -2.639305446949871854e-03 1.769458132765904999e+10
6.576535375598792825e+02 -2.658290123801409881e-03 1.782185947536911392e+10
6.642965025857366754e+02 -2.677136981689243883e-03 1.794821364936307526e+10
6.709394676115940683e+02 -2.695846677136948949e-03 1.807364825114353180e+10
6.775824326374514612e+02 -2.714419863967287502e-03 1.819816766410614777e+10
6.842253976633088541e+02 -2.732857193315084855e-03 1.832177625362596130e+10
6.908683626891661334e+02 -2.751159313633442117e-03 1.844447836709904480e+10
6.975113277150235263e+02 -2.769326870707056708e-03 1.856627833403181076e+10
7.041542927408809192e+02 -2.787360507663320681e-03 1.868718046611540604e+10
7.107972577667383121e+02 -2.805260864975869534e-03 1.880718905724952316e+10
7.174402227925957050e+02 -2.823028580483674579e-03 1.892630838367037964e+10
7.240831878184529842e+02 -2.840664289395036703e-03 1.904454270397750854e+10
7.307261528443103771e+02 -2.858168624299573749e-03 1.916189625921411514e+10
7.373691178701677700e+02 -2.875542215177985268e-03 1.927837327293255234e+10
7.440120828960250492e+02 -2.892785689412709794e-03 1.939397795126576233e+10
7.506550479218824421e+02 -2.909899671795025504e-03 1.950871448297488022e+10
7.572980129477398350e+02 -2.926884784541033090e-03 1.962258703955638885e+10
7.639409779735972279e+02 -2.943741647293874469e-03 1.973559977525700378e+10
7.705839429994546208e+02 -2.960470877139272008e-03 1.984775682717783737e+10
7.772269080253120137e+02 -2.977073088613075430e-03 1.995906231532499313e+10
7.838698730511692929e+02 -2.993548893711025713e-03 2.006952034267504883e+10
7.905128380770266858e+02 -3.009898901898525481e-03 2.017913499524053574e+10
7.971558031028840787e+02 -3.026123720119514721e-03 2.028791034212945175e+10
8.037987681287414716e+02 -3.042223952810679463e-03 2.039585043564052200e+10
8.104417331545987508e+02 -3.058200201903224676e-03 2.050295931127508926e+10
8.170846981804562574e+02 -3.074053066838858001e-03 2.060924098784424973e+10
8.237276632063135366e+02 -3.089783144577781197e-03 2.071469946752246857e+10
8.303706282321709296e+02 -3.105391029605789489e-03 2.081933873589514160e+10
8.370135932580282088e+02 -3.120877313945818327e-03 2.092316276203602219e+10
8.436565582838857154e+02 -3.136242587169484064e-03 2.102617549858459473e+10
8.502995233097429946e+02 -3.151487436400189981e-03 2.112838088176688766e+10
8.569424883356002738e+02 -3.166612446329997773e-03 2.122978283150859833e+10
8.635854533614577804e+02 -3.181618199222734436e-03 2.133038525145591354e+10
8.702284183873150596e+02 -3.196505274927754700e-03 2.143019202906777191e+10
8.768713834131724525e+02 -3.211274250885712018e-03 2.152920703565457153e+10
8.835143484390297317e+02 -3.225925702140100115e-03 2.162743412645552826e+10
8.901573134648872383e+02 -3.240460201347021216e-03 2.172487714070417404e+10
8.968002784907445175e+02 -3.254878318780955303e-03 2.182153990166703033e+10
9.034432435166020241e+02 -3.269180622346747923e-03 2.191742621672399139e+10
9.100862085424593033e+02 -3.283367677589376678e-03 2.201253987743378067e+10
9.167291735683166962e+02 -3.297440047699277260e-03 2.210688465956967163e+10
9.233721385941739754e+02 -3.311398293526107185e-03 2.220046432321175766e+10
9.300151036200314820e+02 -3.325242973582739122e-03 2.229328261277373505e+10
9.366580686458887612e+02 -3.338974644059025491e-03 2.238534325709516525e+10
9.433010336717460405e+02 -3.352593858827566855e-03 2.247664996948015976e+10
9.499439986976035470e+02 -3.366101169453481444e-03 2.256720644776288986e+10
9.565869637234608263e+02 -3.379497125203280439e-03 2.265701637436705399e+10
9.632299287493182192e+02 -3.392782273055082887e-03 2.274608341637439728e+10
9.698728937751754984e+02 -3.405957157704382361e-03 2.283441122556335068e+10
9.765158588010330050e+02 -3.419022321574704225e-03 2.292200343848049164e+10
9.831588238268902842e+02 -3.431978304826483091e-03 2.300886367650005341e+10
9.898017888527477908e+02 -3.444825645366831907e-03 2.309499554588941956e+10
9.964447538786050700e+02 -3.457564878854420438e-03 2.318040263784184265e+10
1.003087718904462463e+03 -3.470196538712798373e-03 2.326508852856574249e+10
1.009730683930319742e+03 -3.482721156135275536e-03 2.334905677931745148e+10
1.016373648956177249e+03 -3.495139260094245592e-03 2.343231093646370316e+10
1.023016613982034528e+03 -3.507451377352728029e-03 2.351485453155901718e+10
1.029659579007891807e+03 -3.519658032468808186e-03 2.359669108137547684e+10
1.036302544033749200e+03 -3.531759747806735138e-03 2.367782408797711563e+10
1.042945509059606593e+03 -3.543757043543136354e-03 2.375825703876159668e+10
1.049588474085463986e+03 -3.555650437679893239e-03 2.383799340654652023e+10
1.056231439111321379e+03 -3.567440446045914895e-03 2.391703664958132935e+10
1.062874404137178772e+03 -3.579127582310901844e-03 2.399539021163957214e+10
1.069517369163036165e+03 -3.590712357991560251e-03 2.407305752206057358e+10
1.076160334188893557e+03 -3.602195282459593351e-03 2.415004199580300903e+10
1.082803299214750723e+03 -3.613576862952799350e-03 2.422634703351930237e+10
1.089446264240608343e+03 -3.624857604578623268e-03 2.430197602157944870e+10
1.096089229266465509e+03 -3.636038010323922130e-03 2.437693233213647079e+10
1.102732194292323129e+03 -3.647118581067398165e-03 2.445121932320978546e+10
1.109375159318180295e+03 -3.658099815581815784e-03 2.452484033870005798e+10
1.116018124344037687e+03 -3.668982210545988082e-03 2.459779870846957016e+10
1.122661089369895080e+03 -3.679766260549661820e-03 2.467009774837496185e+10
1.129304054395752246e+03 -3.690452458105945854e-03 2.474174076035056305e+10
1.135947019421609866e+03 -3.701041293655307936e-03 2.481273103243518448e+10
1.142589984447467032e+03 -3.711533255574895815e-03 2.488307183883460999e+10
1.149232949473324652e+03 -3.721928830186529112e-03 2.495276643997517395e+10
1.155875914499181818e+03 -3.732228501766466679e-03 2.502181808256925201e+10
1.162518879525039210e+03 -3.742432752551175853e-03 2.509022999965392685e+10
1.169161844550896603e+03 -3.752542062743548408e-03 2.515800541063267136e+10
1.175804809576753996e+03 -3.762556910525331581e-03 2.522514752135868835e+10
1.182447774602611389e+03 -3.772477772062453674e-03 2.529165952417061234e+10
1.189090739628468782e+03 -3.782305121511240435e-03 2.535754459793418121e+10
1.195733704654326175e+03 -3.792039431027736593e-03 2.542280590810474396e+10
1.202376669680183340e+03 -3.801681170778362703e-03 2.548744660679868698e+10
1.209019634706040733e+03 -3.811230808942575772e-03 2.555146983281129837e+10
1.215662599731898126e+03 -3.820688811722636191e-03 2.561487871168222046e+10
1.222305564757755519e+03 -3.830055643352044993e-03 2.567767635575202560e+10
1.228948529783612912e+03 -3.839331766102200422e-03 2.573986586420685959e+10
1.235591494809470305e+03 -3.848517640290833892e-03 2.580145032313496780e+10
1.242234459835327698e+03 -3.857613724289112381e-03 2.586243280557434082e+10
1.248877424861185091e+03 -3.866620474527409420e-03 2.592281637155138016e+10
1.255520389887042256e+03 -3.875538345507292034e-03 2.598260406816128159e+10
1.262163354912899877e+03 -3.884367789804184842e-03 2.604179892958588791e+10
1.268806319938757042e+03 -3.893109258076689425e-03 2.610040397715616226e+10
1.275449284964614435e+03 -3.901763199076356461e-03 2.615842221941771698e+10
1.282092249990471828e+03 -3.910330059651231926e-03 2.621585665215456772e+10
1.288735215016329221e+03 -3.918810284754737153e-03 2.627271025844869232e+10
1.295378180042186614e+03 -3.927204317454995562e-03 2.632898600874254227e+10
1.302021145068043779e+03 -3.935512598937489399e-03 2.638468686085686111e+10
1.308664110093901400e+03 -3.943735568518383708e-03 2.643981576008000946e+10
1.315307075119758565e+03 -3.951873663646296615e-03 2.649437563917982864e+10
1.321950040145616185e+03 -3.959927319912960944e-03 2.654836941847513199e+10
1.328593005171473351e+03 -3.967896971058986963e-03 2.660180000587432861e+10
1.335235970197330744e+03 -3.975783048981861197e-03 2.665467029692905045e+10
1.341878935223188137e+03 -3.983585983743930491e-03 2.670698317488768768e+10
1.348521900249045530e+03 -3.991306203574625927e-03 2.675874151071028519e+10
1.355164865274902922e+03 -3.998944134885111697e-03 2.680994816316676712e+10
1.361807830300760088e+03 -4.006500202267396053e-03 2.686060597883096695e+10
1.368450795326617708e+03 -4.013974828511202367e-03 2.691071779219373322e+10
1.375093760352474874e+03 -4.021368434599973188e-03 2.696028642563615036e+10
1.381736725378332267e+03 -4.028681439725517385e-03 2.700931468952772522e+10
1.388379690404189660e+03 -4.035914261292012153e-03 2.705780538225322723e+10
1.395022655430047053e+03 -4.043067314924430299e-03 2.710576129026918030e+10
1.401665620455904445e+03 -4.050141014474316868e-03 2.715318518814259338e+10
1.408308585481761838e+03 -4.057135772026445285e-03 2.720007983859558487e+10
1.414951550507619231e+03 -4.064051997906807483e-03 2.724644799255895233e+10
1.421594515533476624e+03 -4.070890100687499756e-03 2.729229238920492935e+10
1.428237480559333790e+03 -4.077650487197377431e-03 2.733761575601860428e+10
1.434880445585191410e+03 -4.084333562525602375e-03 2.738242080882172012e+10
1.441523410611048575e+03 -4.090939730027418758e-03 2.742671025181139755e+10
1.448166375636905968e+03 -4.097469391335246611e-03 2.747048677763449097e+10
1.454809340662763361e+03 -4.103922946360907473e-03 2.751375306740252304e+10
1.461452305688620754e+03 -4.110300793305384816e-03 2.755651179075712204e+10
1.468095270714478147e+03 -4.116603328665043894e-03 2.759876560591171646e+10
1.474738235740335540e+03 -4.122830947236955611e-03 2.764051715968722916e+10
1.481381200766192933e+03 -4.128984042124668810e-03 2.768176908755077744e+10
1.488024165792050098e+03 -4.135063004748866684e-03 2.772252401368711090e+10
1.494667130817907719e+03 -4.141068224850471061e-03 2.776278455101943588e+10
1.501310095843764884e+03 -4.147000090497302872e-03 2.780255330125405121e+10
1.507953060869622504e+03 -4.152858988093404563e-03 2.784183285494286728e+10
1.514596025895479670e+03 -4.158645302381260532e-03 2.788062579149827194e+10
1.521238990921337063e+03 -4.164359416452450939e-03 2.791893467926457596e+10
1.527881955947194456e+03 -4.170001711752534083e-03 2.795676207555073547e+10
1.534524920973051621e+03 -4.175572568085486429e-03 2.799411052666011429e+10
1.541167885998909242e+03 -4.181072363622583520e-03 2.803098256795004272e+10
1.547810851024766407e+03 -4.186501474909053513e-03 2.806738072387639618e+10
1.554453816050624027e+03 -4.191860276867634232e-03 2.810330750801746750e+10
1.561096781076481193e+03 -4.197149142808782006e-03 2.813876542314240265e+10
1.567739746102338586e+03 -4.202368444434442102e-03 2.817375696123646927e+10
1.574382711128195979e+03 -4.207518551843157477e-03 2.820828460353532028e+10
1.581025676154053372e+03 -4.212599833539168274e-03 2.824235082058598709e+10
1.587668641179910765e+03 -4.217612656437961204e-03 2.827595807228409958e+10
1.594311606205768157e+03 -4.222557385871596007e-03 2.830910880790958023e+10
1.600954571231625550e+03 -4.227434385594698932e-03 2.834180546616682816e+10
1.607597536257482943e+03 -4.232244017792897821e-03 2.837405047524128342e+10
1.614240501283340109e+03 -4.236986643085262870e-03 2.840584625281577682e+10
1.620883466309197502e+03 -4.241662620534740989e-03 2.843719520614048767e+10
1.627526431335054667e+03 -4.246272307649483733e-03 2.846809973204185486e+10
1.634169396360912515e+03 -4.250816060394172445e-03 2.849856221699848557e+10
1.640812361386769680e+03 -4.255294233191567362e-03 2.852858503715156555e+10
1.647455326412627073e+03 -4.259707178931392002e-03 2.855817055836439514e+10
1.654098291438484239e+03 -4.264055248974542474e-03 2.858732113625063324e+10
1.660741256464341859e+03 -4.268338793160198971e-03 2.861603911622195816e+10
1.667384221490199252e+03 -4.272558159811812306e-03 2.864432683352821732e+10
1.674027186516056418e+03 -4.276713695742212669e-03 2.867218661329166031e+10
1.680670151541913810e+03 -4.280805746260045452e-03 2.869962077055010223e+10
1.687313116567771431e+03 -4.284834655177096122e-03 2.872663161030601883e+10
1.693956081593628596e+03 -4.288800764810065703e-03 2.875322142753846359e+10
1.700599046619485989e+03 -4.292704415991449238e-03 2.877939250727598572e+10
1.707242011645343155e+03 -4.296545948072195975e-03 2.880514712461447525e+10
1.713884976671200548e+03 -4.300325698928370716e-03 2.883048754476181412e+10
1.720527941697058168e+03 -4.304044004967366721e-03 2.885541602307954025e+10
1.727170906722915561e+03 -4.307701201132571253e-03 2.887993480511410904e+10
1.733813871748772726e+03 -4.311297620910242018e-03 2.890404612664301300e+10
1.740456836774630119e+03 -4.314833596334834501e-03 2.892775221371048737e+10
1.747099801800487739e+03 -4.318309457994778597e-03 2.895105528266624069e+10
1.753742766826344905e+03 -4.321725535038242229e-03 2.897395754020410156e+10
1.760385731852202298e+03 -4.325082155177796886e-03 2.899646118339327621e+10
1.767028696878059463e+03 -4.328379644697964539e-03 2.901856839972897339e+10
1.773671661903917084e+03 -4.331618328459655928e-03 2.904028136716214752e+10
1.780314626929774477e+03 -4.334798529905274991e-03 2.906160225413370895e+10
1.786957591955631642e+03 -4.337920571066046331e-03 2.908253321962366867e+10
1.793600556981489035e+03 -4.340984772564897461e-03 2.910307641317044449e+10
1.800243522007346201e+03 -4.343991453625339720e-03 2.912323397493041992e+10
1.806886487033204048e+03 -4.346940932073465810e-03 2.914300803569131470e+10
1.813529452059061214e+03 -4.349833524347271330e-03 2.916240071693469238e+10
1.820172417084918607e+03 -4.352669545498431998e-03 2.918141413084787369e+10
1.826815382110775772e+03 -4.355449309200291191e-03 2.920005038037748337e+10
1.833458347136633392e+03 -4.358173127752303436e-03 2.921831155925925064e+10
1.840101312162490785e+03 -4.360841312085803230e-03 2.923619975205665970e+10
1.846744277188347951e+03 -4.363454171768223026e-03 2.925371703418926620e+10
1.853387242214205344e+03 -4.366012015010195188e-03 2.927086547198027039e+10
1.860030207240062964e+03 -4.368515148670879325e-03 2.928764712269226456e+10
1.866673172265920130e+03 -4.370963878261293831e-03 2.930406403454955292e+10
1.873316137291777522e+03 -4.373358507952304283e-03 2.932011824679170609e+10
1.879959102317634688e+03 -4.375699340577065936e-03 2.933581178968995285e+10
1.886602067343492081e+03 -4.377986677638568899e-03 2.935114668459774399e+10
1.893245032369349701e+03 -4.380220819314524852e-03 2.936612494398352051e+10
1.899887997395207094e+03 -4.382402064461582425e-03 2.938074857145899200e+10
1.906530962421064260e+03 -4.384530710621540976e-03 2.939501956182076263e+10
1.913173927446921653e+03 -4.386607054025793220e-03 2.940893990108015060e+10
1.919816892472779273e+03 -4.388631389601978759e-03 2.942251156650776672e+10
1.926459857498636438e+03 -4.390604010977097911e-03 2.943573652665440750e+10
1.933102822524493831e+03 -4.392525210483057621e-03 2.944861674138822937e+10
1.939745787550350997e+03 -4.394395279164438686e-03 2.946115416194682693e+10
1.946388752576208617e+03 -4.396214506779386536e-03 2.947335073094319534e+10
1.953031717602066010e+03 -4.397983181808489545e-03 2.948520838242526627e+10
1.959674682627923403e+03 -4.399701591457440102e-03 2.949672904189373779e+10
1.966317647653780568e+03 -4.401370021662808635e-03 2.950791462634078979e+10
1.972960612679637961e+03 -4.402988757098035347e-03 2.951876704429024887e+10
1.979603577705495582e+03 -4.404558081176093015e-03 2.952928819581544876e+10
1.986246542731352747e+03 -4.406078276056812730e-03 2.953947997258833694e+10
1.992889507757210140e+03 -4.407549622651546831e-03 2.954934425791074371e+10
1.999532472783067305e+03 -4.408972400626716415e-03 2.955888292673815536e+10
2.006175437808924926e+03 -4.410346888409142144e-03 2.956809784571546173e+10
2.012818402834782319e+03 -4.411673363193366511e-03 2.957699087322604370e+10
2.019461367860639484e+03 -4.412952100942100532e-03 2.958556385939476013e+10
2.026104332886496877e+03 -4.414183376395541814e-03 2.959381864615043640e+10
2.032747297912354497e+03 -4.415367463073156980e-03 2.960175706723780060e+10
2.039390262938211890e+03 -4.416504633281221649e-03 2.960938094826803207e+10
2.046033227964069056e+03 -4.417595158113267126e-03 2.961669210672176743e+10
2.052676192989926221e+03 -4.418639307461402939e-03 2.962369235202500153e+10
2.059319158015783614e+03 -4.419637350014314972e-03 2.963038348553566742e+10
2.065962123041641462e+03 -4.420589553266813382e-03 2.963676730060764694e+10
2.072605088067498400e+03 -4.421496183522937752e-03 2.964284558261159134e+10
2.079248053093355793e+03 -4.422357505899953897e-03 2.964862010896171951e+10
2.085891018119213186e+03 -4.423173784333900641e-03 2.965409264915299225e+10
2.092533983145070579e+03 -4.423945281585367310e-03 2.965926496479986954e+10
2.099176948170927972e+03 -4.424672259241258822e-03 2.966413880964811325e+10
2.105819913196785365e+03 -4.425354977723240310e-03 2.966871592963143158e+10
2.112462878222642757e+03 -4.425993696288843017e-03 2.967299806287887573e+10
2.119105843248500150e+03 -4.426588673037455159e-03 2.967698693975500870e+10
2.125748808274357543e+03 -4.427140164916761218e-03 2.968068428290306854e+10
2.132391773300214936e+03 -4.427648427724298862e-03 2.968409180725543213e+10
2.139034738326072329e+03 -4.428113716114553955e-03 2.968721122008114243e+10
2.145677703351929267e+03 -4.428536283600743861e-03 2.969004422099789810e+10
2.152320668377787115e+03 -4.428916382562581196e-03 2.969259250202408981e+10
2.158963633403644508e+03 -4.429254264248940962e-03 2.969485774759668350e+10
2.165606598429501446e+03 -4.429550178782075062e-03 2.969684163459946442e+10
2.172249563455358839e+03 -4.429804375163606638e-03 2.969854583240324783e+10
2.178892528481216686e+03 -4.430017101277637821e-03 2.969997200288669586e+10
2.185535493507073625e+03 -4.430188603895631252e-03 2.970112180046904755e+10
2.192178458532931018e+03 -4.430319128681075615e-03 2.970199687214140320e+10
2.198821423558788410e+03 -4.430408920193917854e-03 2.970259885749643707e+10
2.205464388584646258e+03 -4.430458221894566055e-03 2.970292938875522614e+10
2.212107353610503196e+03 -4.430467276148766613e-03 2.970299009079996490e+10
2.218750318636360589e+03 -4.430436324231825686e-03 2.970278258120224380e+10
2.225393283662217982e+03 -4.430365606332824571e-03 2.970230847025133133e+10
2.232036248688075375e+03 -4.430255361558614775e-03 2.970156936098095322e+10
2.238679213713932768e+03 -4.430105827939813216e-03 2.970056684920946884e+10
2.245322178739790161e+03 -4.429917242431908111e-03 2.969930252354731369e+10
2.251965143765647554e+03 -4.429689840923698406e-03 2.969777796545355606e+10
2.258608108791504492e+03 -4.429423858238621704e-03 2.969599474924480820e+10
2.265251073817362339e+03 -4.429119528139195162e-03 2.969395444212500000e+10
2.271894038843219732e+03 -4.428777083332565735e-03 2.969165860422259140e+10
2.278537003869076671e+03 -4.428396755473835641e-03 2.968910878861286545e+10
2.285179968894934063e+03 -4.427978775170727903e-03 2.968630654134919739e+10
2.291822933920791911e+03 -4.427523371987581412e-03 2.968325340148985672e+10
2.298465898946649304e+03 -4.427030774448899308e-03 2.967995090112178040e+10
2.305108863972506242e+03 -4.426501210045342451e-03 2.967640056540076828e+10
2.311751828998363635e+03 -4.425934905235286328e-03 2.967260391256190491e+10
2.318394794024221028e+03 -4.425332085452145063e-03 2.966856245396868515e+10
2.325037759050078421e+03 -4.424692975104810300e-03 2.966427769411592102e+10
2.331680724075935814e+03 -4.424017797585205053e-03 2.965975113068042755e+10
2.338323689101793207e+03 -4.423306775269834554e-03 2.965498425453138733e+10
2.344966654127650600e+03 -4.422560129525331292e-03 2.964997854976753235e+10
2.351609619153507992e+03 -4.421778080712237581e-03 2.964473549374251556e+10
2.358252584179365385e+03 -4.420960848188324084e-03 2.963925655708715439e+10
2.364895549205222778e+03 -4.420108650314147868e-03 2.963354320374667740e+10
2.371538514231080171e+03 -4.419221704454824422e-03 2.962759689099262619e+10
2.378181479256937564e+03 -4.418300226986019395e-03 2.962141906946302032e+10
2.384824444282794957e+03 -4.417344433297280132e-03 2.961501118318468094e+10
2.391467409308652350e+03 -4.416354537795587516e-03 2.960837466959704971e+10
2.398110374334509288e+03 -4.415330753910680708e-03 2.960151095958790207e+10
2.404753339360366681e+03 -4.414273294096390278e-03 2.959442147750225830e+10
2.411396304386224529e+03 -4.413182369837741897e-03 2.958710764119002914e+10
2.418039269412081467e+03 -4.412058191652064830e-03 2.957957086201343536e+10
2.424682234437938860e+03 -4.410900969094318398e-03 2.957181254488272476e+10
2.431325199463796253e+03 -4.409710910761979567e-03 2.956383408828894043e+10
2.437968164489653645e+03 -4.408488224295479228e-03 2.955563688430683899e+10
2.444611129515511038e+03 -4.407233116387088319e-03 2.954722231865447235e+10
2.451254094541368431e+03 -4.405945792779137130e-03 2.953859177068124390e+10
2.457897059567225824e+03 -4.404626458272897088e-03 2.952974661342745590e+10
2.464540024593083217e+03 -4.403275316728576423e-03 2.952068821362428284e+10
2.471182989618940610e+03 -4.401892571071762926e-03 2.951141793173696518e+10
2.477825954644798003e+03 -4.400478423295417149e-03 2.950193712197817230e+10
2.484468919670655396e+03 -4.399033074465423521e-03 2.949224713234521484e+10
2.491111884696512334e+03 -4.397556724721254744e-03 2.948234930462449646e+10
2.497754849722370182e+03 -4.396049573283519578e-03 2.947224497444212723e+10
2.504397814748227574e+03 -4.394511818455517152e-03 2.946193547127433777e+10
2.511040779774084513e+03 -4.392943657626787075e-03 2.945142211847128296e+10
2.517683744799941906e+03 -4.391345287277993552e-03 2.944070623328977203e+10
2.524326709825799753e+03 -4.389716902983587313e-03 2.942978912691114044e+10
2.530969674851657146e+03 -4.388058699415581243e-03 2.941867210446654129e+10
2.537612639877514084e+03 -4.386370870348211583e-03 2.940735646506820297e+10
2.544255604903371477e+03 -4.384653608660821038e-03 2.939584350182875443e+10
2.550898569929228870e+03 -4.382907106339856314e-03 2.938413450187462997e+10
2.557541534955086263e+03 -4.381131554486420235e-03 2.937223074639668655e+10
2.564184499980943656e+03 -4.379327143316043627e-03 2.936013351064867401e+10
2.570827465006801049e+03 -4.377494062164900834e-03 2.934784406398891830e+10
2.577470430032658442e+03 -4.375632499490703098e-03 2.933536366988629532e+10
2.584113395058515835e+03 -4.373742642879795313e-03 2.932269358596783066e+10
2.590756360084373227e+03 -4.371824679046491628e-03 2.930983506401421356e+10
2.597399325110230620e+03 -4.369878793841956363e-03 2.929678935001937103e+10
2.604042290136087558e+03 -4.367905172251316560e-03 2.928355768417108917e+10
2.610685255161945406e+03 -4.365903998402539433e-03 2.927014130091052246e+10
2.617328220187802799e+03 -4.363875455567767236e-03 2.925654142894117737e+10
2.623971185213660192e+03 -4.361819726165533373e-03 2.924275929124372864e+10
2.630614150239517130e+03 -4.359736991766758468e-03 2.922879610511624908e+10
2.637257115265374523e+03 -4.357627433096967345e-03 2.921465308218905258e+10
2.643900080291232371e+03 -4.355491230040065519e-03 2.920033142845002747e+10
2.650543045317089309e+03 -4.353328561639887434e-03 2.918583234425500107e+10
2.657186010342946702e+03 -4.351139606107085923e-03 2.917115702437395477e+10
2.663828975368804095e+03 -4.348924540820011710e-03 2.915630665799687958e+10
2.670471940394661488e+03 -4.346683542328267855e-03 2.914128242875765228e+10
2.677114905420518880e+03 -4.344416786357373564e-03 2.912608551476525879e+10
2.683757870446376273e+03 -4.342124447810980295e-03 2.911071708861869049e+10
2.690400835472233666e+03 -4.339806700773756604e-03 2.909517831742625809e+10
2.697043800498091059e+03 -4.337463718517163905e-03 2.907947036284432602e+10
2.703686765523948452e+03 -4.335095673499897093e-03 2.906359438108025360e+10
2.710329730549805845e+03 -4.332702737373431319e-03 2.904755152292961121e+10
2.716972695575663238e+03 -4.330285080982250109e-03 2.903134293377766800e+10
2.723615660601520176e+03 -4.327842874372052340e-03 2.901496975365445328e+10
2.730258625627378024e+03 -4.325376286788645483e-03 2.899843311722731018e+10
2.736901590653235417e+03 -4.322885486682605076e-03 2.898173415383214569e+10
2.743544555679092355e+03 -4.320370641713714745e-03 2.896487398750319672e+10
2.750187520704949748e+03 -4.317831918751189116e-03 2.894785373697451401e+10
2.756830485730807595e+03 -4.315269483881441041e-03 2.893067451573205185e+10
2.763473450756664533e+03 -4.312683502406528153e-03 2.891333743200324249e+10
2.770116415782521926e+03 -4.310074138851256557e-03 2.889584358880463028e+10
2.776759380808379319e+03 -4.307441556962956185e-03 2.887819408394035339e+10
2.783402345834237167e+03 -4.304785919718588823e-03 2.886039001004980850e+10
2.790045310860094105e+03 -4.302107389322742774e-03 2.884243245459419632e+10
2.796688275885951498e+03 -4.299406127216298668e-03 2.882432249991462708e+10
2.803331240911808891e+03 -4.296682294076198741e-03 2.880606122323057556e+10
2.809974205937666284e+03 -4.293936049818781846e-03 2.878764969666223907e+10
2.816617170963523677e+03 -4.291167553604220870e-03 2.876908898726026917e+10
2.823260135989381070e+03 -4.288376963837632096e-03 2.875038015701324463e+10
2.829903101015238462e+03 -4.285564438175733931e-03 2.873152426289227295e+10
2.836546066041095401e+03 -4.282730133525517249e-03 2.871252235684211349e+10
2.843189031066953248e+03 -4.279874206050237120e-03 2.869337548582131577e+10
2.849831996092810641e+03 -4.276996811171628922e-03 2.867408469181709671e+10
2.856474961118667579e+03 -4.274098103573023034e-03 2.865465101186621857e+10
2.863117926144524972e+03 -4.271178237202224483e-03 2.863507547807428741e+10
2.869760891170382820e+03 -4.268237365274398648e-03 2.861535911763511276e+10
2.876403856196240213e+03 -4.265275640275849496e-03 2.859550295285602188e+10
2.883046821222097151e+03 -4.262293213966234819e-03 2.857550800117272186e+10
2.889689786247954544e+03 -4.259290237381672256e-03 2.855537527517012787e+10
2.896332751273811937e+03 -4.256266860837852259e-03 2.853510578260321808e+10
2.902975716299669330e+03 -4.253223233933142375e-03 2.851470052641785049e+10
2.909618681325526723e+03 -4.250159505551914449e-03 2.849416050477308655e+10
2.916261646351384115e+03 -4.247075823865438006e-03 2.847348671104715729e+10
2.922904611377241508e+03 -4.243972336338311738e-03 2.845268013388058472e+10
2.929547576403098901e+03 -4.240849189727799971e-03 2.843174175717175674e+10
2.936190541428956294e+03 -4.237706530089604962e-03 2.841067256011559296e+10
2.942833506454813687e+03 -4.234544502779197424e-03 2.838947351721249008e+10
2.949476471480671080e+03 -4.231363252453366509e-03 2.836814559827869797e+10
2.956119436506528473e+03 -4.228162923077996571e-03 2.834668976849847412e+10
2.962762401532385866e+03 -4.224943657924507510e-03 2.832510698840019226e+10
2.969405366558243259e+03 -4.221705599577185719e-03 2.830339821390552139e+10
2.976048331584100197e+03 -4.218448889935844277e-03 2.828156439634723663e+10
2.982691296609957590e+03 -4.215173670215601777e-03 2.825960648246775055e+10
2.989334261635815437e+03 -4.211880080953540190e-03 2.823752541446374130e+10
2.995977226661672375e+03 -4.208568262007153157e-03 2.821532212997575378e+10
3.002620191687529768e+03 -4.205238352562335261e-03 2.819299756214175797e+10
3.009263156713387161e+03 -4.201890491131606530e-03 2.817055263958524704e+10
3.015906121739245009e+03 -4.198524815559439780e-03 2.814798828645096207e+10
3.022549086765101947e+03 -4.195141463024034366e-03 2.812530542241676712e+10
3.029192051790959340e+03 -4.191740570040651190e-03 2.810250496271602249e+10
3.035835016816816733e+03 -4.188322272463823603e-03 2.807958781815239716e+10
3.042477981842674126e+03 -4.184886705490917062e-03 2.805655489512373734e+10
3.049120946868531519e+03 -4.181434003663012100e-03 2.803340709562799454e+10
3.055763911894388912e+03 -4.177964300870009619e-03 2.801014531729743195e+10
3.062406876920246305e+03 -4.174477730351966627e-03 2.798677045340760803e+10
3.069049841946103243e+03 -4.170974424702420837e-03 2.796328339289963531e+10
3.075692806971961090e+03 -4.167454515868836487e-03 2.793968502038319016e+10
3.082335771997818483e+03 -4.163918135159708038e-03 2.791597621618413162e+10
3.088978737023675421e+03 -4.160365413243004989e-03 2.789215785633407974e+10
3.095621702049532814e+03 -4.156796480150167818e-03 2.786823081259719086e+10
3.102264667075390662e+03 -4.153211465280880199e-03 2.784419595250216675e+10
3.108907632101248055e+03 -4.149610497401846898e-03 2.782005413933405304e+10
3.115550597127104993e+03 -4.145993704652900860e-03 2.779580623217519379e+10
3.122193562152962386e+03 -4.142361214547110766e-03 2.777145308590593719e+10
3.128836527178820234e+03 -4.138713153975000746e-03 2.774699555123292923e+10
3.135479492204677172e+03 -4.135049649206322397e-03 2.772243447470101166e+10
3.142122457230534565e+03 -4.131370825893167752e-03 2.769777069871406555e+10
3.148765422256391957e+03 -4.127676809072183643e-03 2.767300506154986954e+10
3.155408387282249350e+03 -4.123967723166574451e-03 2.764813839737353516e+10
3.162051352308106743e+03 -4.120243691990202115e-03 2.762317153626497650e+10
3.168694317333964136e+03 -4.116504838748367631e-03 2.759810530422416306e+10
3.175337282359821529e+03 -4.112751286042029032e-03 2.757294052319939804e+10
3.181980247385678467e+03 -4.108983155868906403e-03 2.754767801109471893e+10
3.188623212411536315e+03 -4.105200569626925311e-03 2.752231858179298019e+10
3.195266177437393708e+03 -4.101403648115661826e-03 2.749686304516555786e+10
3.201909142463251101e+03 -4.097592511540554434e-03 2.747131220710057068e+10
3.208552107489108039e+03 -4.093767279514017726e-03 2.744566686951035690e+10
3.215195072514965887e+03 -4.089928071057549221e-03 2.741992783034559250e+10
3.221838037540823279e+03 -4.086075004606059234e-03 2.739409588362432098e+10
3.228481002566680218e+03 -4.082208198007980168e-03 2.736817181943269730e+10
3.235123967592537610e+03 -4.078327768530260779e-03 2.734215642395844269e+10
3.241766932618395003e+03 -4.074433832858590822e-03 2.731605047949238586e+10
3.248409897644252396e+03 -4.070526507100835807e-03 2.728985476445146179e+10
3.255052862670109334e+03 -4.066605906789596582e-03 2.726357005339589310e+10
3.261695827695967637e+03 -4.062672146883977882e-03 2.723719711704103088e+10
3.268338792721825030e+03 -4.058725341772924204e-03 2.721073672227972412e+10
3.274981757747681968e+03 -4.054765605275990892e-03 2.718418963218749619e+10
3.281624722773539361e+03 -4.050793050648233452e-03 2.715755660605531311e+10
3.288267687799396754e+03 -4.046807790579866684e-03 2.713083839938731384e+10
3.294910652825254147e+03 -4.042809937200380309e-03 2.710403576392837906e+10
3.301553617851111085e+03 -4.038799602080860029e-03 2.707714944767971420e+10
3.308196582876968478e+03 -4.034776896234661472e-03 2.705018019490335464e+10
3.314839547902826325e+03 -4.030741930122510273e-03 2.702312874615636826e+10
3.321482512928683718e+03 -4.026694813652058856e-03 2.699599583828787231e+10
3.328125477954541111e+03 -4.022635656182107014e-03 2.696878220446733856e+10
3.334768442980398504e+03 -4.018564566523706062e-03 2.694148857419198608e+10
3.341411408006255442e+03 -4.014481652943603998e-03 2.691411567330989838e+10
3.348054373032112835e+03 -4.010387023165465012e-03 2.688666422402816772e+10
3.354697338057970228e+03 -4.006280784372419530e-03 2.685913494493002319e+10
3.361340303083827621e+03 -4.002163043209954266e-03 2.683152855099419022e+10
3.367983268109685014e+03 -3.998033905788015568e-03 2.680384575360898972e+10
3.374626233135542861e+03 -3.993893477682346899e-03 2.677608726058130646e+10
3.381269198161400254e+03 -3.989741863937368467e-03 2.674825377615591049e+10
3.387912163187257192e+03 -3.985579169068844373e-03 2.672034600103330994e+10
3.394555128213114585e+03 -3.981405497065880136e-03 2.669236463238317108e+10
3.401198093238971978e+03 -3.977220951392030322e-03 2.666431036385172272e+10
3.407841058264829371e+03 -3.973025634989741164e-03 2.663618388559156036e+10
3.414484023290686309e+03 -3.968819650280235208e-03 2.660798588426084900e+10
3.421126988316543702e+03 -3.964603099166733556e-03 2.657971704304494858e+10
3.427769953342401095e+03 -3.960376083037672051e-03 2.655137804167796326e+10
3.434412918368258943e+03 -3.956138702766590250e-03 2.652296955644200134e+10
3.441055883394116336e+03 -3.951891058716574048e-03 2.649449226019695282e+10
3.447698848419973729e+03 -3.947633250740472527e-03 2.646594682238195801e+10
3.454341813445831121e+03 -3.943365378184894750e-03 2.643733390904219055e+10
3.460984778471688060e+03 -3.939087539890768347e-03 2.640865418283260345e+10
3.467627743497545453e+03 -3.934799834196774267e-03 2.637990830304096222e+10
3.474270708523402845e+03 -3.930502358940238423e-03 2.635109692559381866e+10
3.480913673549260238e+03 -3.926195211459906388e-03 2.632222070307511139e+10
3.487556638575117177e+03 -3.921878488598380674e-03 2.629328028474251556e+10
3.494199603600975479e+03 -3.917552286704012454e-03 2.626427631654010773e+10
3.500842568626832417e+03 -3.913216701632564291e-03 2.623520944110953522e+10
3.507485533652689810e+03 -3.908871828748873740e-03 2.620608029780115128e+10
3.514128498678547203e+03 -3.904517762930848849e-03 2.617688952270080948e+10
3.520771463704404596e+03 -3.900154598570136025e-03 2.614763774863434219e+10
3.527414428730261989e+03 -3.895782429573671317e-03 2.611832560517795563e+10
3.534057393756118927e+03 -3.891401349366900922e-03 2.608895371867982864e+10
3.540700358781976320e+03 -3.887011450895332468e-03 2.605952271227051163e+10
3.547343323807834167e+03 -3.882612826626312668e-03 2.603003320587482834e+10
3.553986288833691560e+03 -3.878205568552246102e-03 2.600048581623348236e+10
3.560629253859548953e+03 -3.873789768190592179e-03 2.597088115690301895e+10
3.567272218885406346e+03 -3.869365516587974698e-03 2.594121983828337479e+10
3.573915183911263284e+03 -3.864932904320401725e-03 2.591150246761936569e+10
3.580558148937120677e+03 -3.860492021496818305e-03 2.588172964902449036e+10
3.587201113962978070e+03 -3.856042957760103928e-03 2.585190198348763275e+10
3.593844078988835463e+03 -3.851585802289293411e-03 2.582202006888793182e+10
3.600487044014692401e+03 -3.847120643801683719e-03 2.579208450000893021e+10
3.607130009040550704e+03 -3.842647570553945919e-03 2.576209586854600525e+10
3.613772974066408096e+03 -3.838166670346785086e-03 2.573205476313762283e+10
3.620415939092265035e+03 -3.833678030523164811e-03 2.570196176935344315e+10
3.627058904118122427e+03 -3.829181737972634468e-03 2.567181746972330856e+10
3.633701869143979820e+03 -3.824677879132662786e-03 2.564162244374620056e+10
3.640344834169837213e+03 -3.820166539990745534e-03 2.561137726790436554e+10
3.646987799195694151e+03 -3.815647806086068690e-03 2.558108251567447281e+10
3.653630764221551544e+03 -3.811121762511509442e-03 2.555073875754101181e+10
3.660273729247408937e+03 -3.806588493915741712e-03 2.552034656101043320e+10
3.666916694273266785e+03 -3.802048084504569287e-03 2.548990649062005615e+10
3.673559659299124178e+03 -3.797500618043921691e-03 2.545941910795817947e+10
3.680202624324981571e+03 -3.792946177860410158e-03 2.542888497166780472e+10
3.686845589350838964e+03 -3.788384846843655639e-03 2.539830463746222305e+10
3.693488554376695902e+03 -3.783816707449289430e-03 2.536767865814516068e+10
3.700131519402553295e+03 -3.779241841698837388e-03 2.533700758360998535e+10
3.706774484428410688e+03 -3.774660331183274809e-03 2.530629196086354065e+10
3.713417449454268080e+03 -3.770072257064356527e-03 2.527553233403506851e+10
3.720060414480125928e+03 -3.765477700075283048e-03 2.524472924438067627e+10
3.726703379505983321e+03 -3.760876740524474876e-03 2.521388323030863190e+10
3.733346344531840259e+03 -3.756269458296679700e-03 2.518299482738678741e+10
3.739989309557697652e+03 -3.751655932853752151e-03 2.515206456834782410e+10
3.746632274583555045e+03 -3.747036243237981002e-03 2.512109298311153793e+10
3.753275239609412438e+03 -3.742410468072979082e-03 2.509008059879081345e+10
3.759918204635269376e+03 -3.737778685565345572e-03 2.505902793970277023e+10
3.766561169661126769e+03 -3.733140973507996681e-03 2.502793552739109039e+10
3.773204134686984162e+03 -3.728497409279944025e-03 2.499680388062453842e+10
3.779847099712842009e+03 -3.723848069848957002e-03 2.496563351541479492e+10
3.786490064738699402e+03 -3.719193031773228558e-03 2.493442494502764130e+10
3.793133029764556795e+03 -3.714532371204037984e-03 2.490317868000081253e+10
3.799775994790414188e+03 -3.709866163885639466e-03 2.487189522814322662e+10
3.806418959816271126e+03 -3.705194485159147427e-03 2.484057509456105804e+10
3.813061924842128519e+03 -3.700517409961981852e-03 2.480921878165401459e+10
3.819704889867985912e+03 -3.695835012832083665e-03 2.477782678914358902e+10
3.826347854893843305e+03 -3.691147367907250329e-03 2.474639961406860352e+10
3.832990819919700243e+03 -3.686454548929130916e-03 2.471493775081201172e+10
3.839633784945558546e+03 -3.681756629243003627e-03 2.468344169109938812e+10
3.846276749971415938e+03 -3.677053681800438595e-03 2.465191192401678467e+10
3.852919714997272877e+03 -3.672345779160965818e-03 2.462034893602192307e+10
3.859562680023130270e+03 -3.667632993494067926e-03 2.458875321095754242e+10
3.866205645048987662e+03 -3.662915396580072262e-03 2.455712523005738831e+10
3.872848610074845055e+03 -3.658193059811590698e-03 2.452546547195585251e+10
3.879491575100701994e+03 -3.653466054197294401e-03 2.449377441271330643e+10
3.886134540126559386e+03 -3.648734450360804037e-03 2.446205252580862808e+10
3.892777505152417234e+03 -3.643998318544572953e-03 2.443030028216526413e+10
3.899420470178274627e+03 -3.639257728610110522e-03 2.439851815015270233e+10
3.906063435204132020e+03 -3.634512750040533053e-03 2.436670659560360336e+10
3.912706400229989413e+03 -3.629763451941674449e-03 2.433486608182120895e+10
3.919349365255846806e+03 -3.625009903043862995e-03 2.430299706959129333e+10
3.925992330281703744e+03 -3.620252171703805272e-03 2.427110001719476700e+10
3.932635295307561137e+03 -3.615490325905920156e-03 2.423917538041662216e+10
3.939278260333418530e+03 -3.610724433263669784e-03 2.420722361255487442e+10
3.945921225359275923e+03 -3.605954561022111770e-03 2.417524516443764877e+10
3.952564190385133770e+03 -3.601180776058565767e-03 2.414324048442767334e+10
3.959207155410991163e+03 -3.596403144884721161e-03 2.411121001843638229e+10
3.965850120436848101e+03 -3.591621733647968901e-03 2.407915420993287277e+10
3.972493085462705494e+03 -3.586836608133400772e-03 2.404707349995728683e+10
3.979136050488562887e+03 -3.582047833764916145e-03 2.401496832712824631e+10
3.985779015514420280e+03 -3.577255475606667869e-03 2.398283912765253067e+10
3.992421980540277218e+03 -3.572459598365944951e-03 2.395068633534442139e+10
3.999064945566134611e+03 -3.567660266391953910e-03 2.391851038161751938e+10
4.005707910591992004e+03 -3.562857543681255401e-03 2.388631169552119827e+10
4.012350875617849852e+03 -3.558051493875544636e-03 2.385409070372571945e+10
4.018993840643707244e+03 -3.553242180266202865e-03 2.382184783055275726e+10
4.025636805669564637e+03 -3.548429665793074398e-03 2.378958349796718216e+10
4.032279770695422030e+03 -3.543614013048686315e-03 2.375729812560536957e+10
4.038922735721278968e+03 -3.538795284277691192e-03 2.372499213077144623e+10
4.045565700747136361e+03 -3.533973541379753676e-03 2.369266592845666122e+10
4.052208665772993754e+03 -3.529148845910327643e-03 2.366031993134457779e+10
4.058851630798851147e+03 -3.524321259081986731e-03 2.362795454982000732e+10
4.065494595824708995e+03 -3.519490841766756677e-03 2.359557019198463440e+10
4.072137560850566388e+03 -3.514657654497222936e-03 2.356316726366445541e+10
4.078780525876423781e+03 -3.509821757467752792e-03 2.353074616841796494e+10
4.085423490902280719e+03 -3.504983210535716175e-03 2.349830730754433823e+10
4.092066455928138112e+03 -3.500142073224148456e-03 2.346585108010128021e+10
4.098709420953995505e+03 -3.495298404722194541e-03 2.343337788290802383e+10
4.105352385979852443e+03 -3.490452263886884791e-03 2.340088811055720520e+10
4.111995351005710290e+03 -3.485603709244465987e-03 2.336838215542380905e+10
4.118638316031567228e+03 -3.480752798992622216e-03 2.333586040768005371e+10
4.125281281057425076e+03 -3.475899591000029907e-03 2.330332325529240036e+10
4.131924246083282924e+03 -3.471044142810352905e-03 2.327077108404834747e+10
4.138567211109139862e+03 -3.466186511641244569e-03 2.323820427754973221e+10
4.145210176134996800e+03 -3.461326754388564016e-03 2.320562321724100113e+10
4.151853141160854648e+03 -3.456464927623823912e-03 2.317302828239209747e+10
4.158496106186711586e+03 -3.451601087599850438e-03 2.314041985013641357e+10
4.165139071212568524e+03 -3.446735290249451460e-03 2.310779829546185303e+10
4.171782036238426372e+03 -3.441867591188080191e-03 2.307516399122869110e+10
4.178425001264283310e+03 -3.436998045714500464e-03 2.304251730817403793e+10
4.185067966290141158e+03 -3.432126708812563518e-03 2.300985861492375183e+10
4.191710931315999005e+03 -3.427253635152427511e-03 2.297718827800060272e+10
4.198353896341855943e+03 -3.422378879092221552e-03 2.294450666183545303e+10
4.204996861367713791e+03 -3.417502494679935682e-03 2.291181412877989578e+10
4.211639826393570729e+03 -3.412624535652528796e-03 2.287911103910029984e+10
4.218282791419427667e+03 -3.407745055440148350e-03 2.284639775100609970e+10
4.224925756445285515e+03 -3.402864107166463006e-03 2.281367462065200043e+10
4.231568721471142453e+03 -3.397981743648550296e-03 2.278094200213725281e+10
4.238211686497000301e+03 -3.393098017400783279e-03 2.274820024753170013e+10
4.244854651522858148e+03 -3.388212980633940191e-03 2.271544970686979675e+10
4.251497616548715087e+03 -3.383326685258312636e-03 2.268269072817147064e+10
4.258140581574572025e+03 -3.378439182883595428e-03 2.264992365744136429e+10
4.264783546600429872e+03 -3.373550524821327789e-03 2.261714883868521118e+10
4.271426511626286810e+03 -3.368660762085890804e-03 2.258436661391651917e+10
4.278069476652144658e+03 -3.363769945394841799e-03 2.255157732315881348e+10
4.284712441678001596e+03 -3.358878125172021223e-03 2.251878130446646500e+10
4.291355406703858534e+03 -3.353985351547108563e-03 2.248597889392171478e+10
4.297998371729716382e+03 -3.349091674358841558e-03 2.245317042565625763e+10
4.304641336755574230e+03 -3.344197143154237304e-03 2.242035623184601974e+10
4.311284301781431168e+03 -3.339301807191480571e-03 2.238753664273051071e+10
4.317927266807289016e+03 -3.334405715440253402e-03 2.235471198661505890e+10
4.324570231833145954e+03 -3.329508916583624658e-03 2.232188258988345337e+10
4.331213196859002892e+03 -3.324611459019269528e-03 2.228904877700613403e+10
4.337856161884860740e+03 -3.319713390859579255e-03 2.225621087054092789e+10
4.344499126910717678e+03 -3.314814759935547778e-03 2.222336919115909195e+10
4.351142091936575525e+03 -3.309915613794994944e-03 2.219052405763341904e+10
4.357785056962433373e+03 -3.305015999706005601e-03 2.215767578686128998e+10
4.364428021988290311e+03 -3.300115964656931324e-03 2.212482469386467361e+10
4.371070987014147249e+03 -3.295215555358831615e-03 2.209197109180650711e+10
4.377713952040005097e+03 -3.290314818245361570e-03 2.205911529198993683e+10
4.384356917065862035e+03 -3.285413799474993634e-03 2.202625760387320709e+10
4.390999882091719883e+03 -3.280512544931681127e-03 2.199339833507412720e+10
4.397642847117576821e+03 -3.275611100227079128e-03 2.196053779138494110e+10
4.404285812143433759e+03 -3.270709510699656725e-03 2.192767627676638794e+10
4.410928777169292516e+03 -3.265807821418802680e-03 2.189481409337521362e+10
4.417571742195149454e+03 -3.260906077183715196e-03 2.186195154155675125e+10
4.424214707221006393e+03 -3.256004322525400761e-03 2.182908891985829926e+10
4.430857672246864240e+03 -3.251102601708448329e-03 2.179622652504102707e+10
4.437500637272721178e+03 -3.246200958730586974e-03 2.176336465207700729e+10
4.444143602298578116e+03 -3.241299437326457169e-03 2.173050359417449570e+10
4.450786567324435964e+03 -3.236398080966614195e-03 2.169764364277125168e+10
4.457429532350292902e+03 -3.231496932858857370e-03 2.166478508754346466e+10
4.464072497376150750e+03 -3.226596035951451429e-03 2.163192821642732239e+10
4.470715462402008598e+03 -3.221695432931236114e-03 2.159907331560635757e+10
4.477358427427865536e+03 -3.216795166227736161e-03 2.156622066953899765e+10
4.484001392453722474e+03 -3.211895278011604390e-03 2.153337056094812393e+10
4.490644357479580322e+03 -3.206995810199174055e-03 2.150052327085160065e+10
4.497287322505437260e+03 -3.202096804449572256e-03 2.146767907854291153e+10
4.503930287531295107e+03 -3.197198302168825605e-03 2.143483826161868286e+10
4.510573252557152045e+03 -3.192300344510972179e-03 2.140200109598616028e+10
4.517216217583008984e+03 -3.187402972376616496e-03 2.136916785585348892e+10
4.523859182608866831e+03 -3.182506226417035605e-03 2.133633881375727463e+10
4.530502147634724679e+03 -3.177610147033626577e-03 2.130351424055884933e+10
4.537145112660581617e+03 -3.172714774380012894e-03 2.127069440545841599e+10
4.543788077686439465e+03 -3.167820148361489771e-03 2.123787957599132156e+10
4.550431042712296403e+03 -3.162926308638687022e-03 2.120507001805261230e+10
4.557074007738153341e+03 -3.158033294626237664e-03 2.117226599588809967e+10
4.563716972764011189e+03 -3.153141145495994956e-03 2.113946777211594772e+10
4.570359937789868127e+03 -3.148249900176034507e-03 2.110667560771997452e+10
4.577002902815725975e+03 -3.143359597353316635e-03 2.107388976206748962e+10
4.583645867841583822e+03 -3.138470275474799197e-03 2.104111049291677094e+10
4.590288832867440760e+03 -3.133581972746877272e-03 2.100833805641329575e+10
4.596931797893298608e+03 -3.128694727138718601e-03 2.097557270711212158e+10
4.603574762919155546e+03 -3.123808576381703270e-03 2.094281469797410202e+10
4.610217727945012484e+03 -3.118923557971536604e-03 2.091006428038007355e+10
4.616860692970870332e+03 -3.114039709167913065e-03 2.087732170412858963e+10
4.623503657996727270e+03 -3.109157066997958376e-03 2.084458721745901489e+10
4.630146623022584208e+03 -3.104275668254674776e-03 2.081186106704107666e+10
4.636789588048442056e+03 -3.099395549499382643e-03 2.077914349799125290e+10
4.643432553074299904e+03 -3.094516747062942170e-03 2.074643475388096619e+10
4.650075518100156842e+03 -3.089639297046861861e-03 2.071373507674398804e+10
4.656718483126014689e+03 -3.084763235323188801e-03 2.068104470707573700e+10
4.663361448151871627e+03 -3.079888597536337928e-03 2.064836388384552383e+10
4.670004413177729475e+03 -3.075015419104703586e-03 2.061569284450735092e+10
4.676647378203586413e+03 -3.070143735220712006e-03 2.058303182500028610e+10
4.683290343229443351e+03 -3.065273580852711285e-03 2.055038105976110840e+10
4.689933308255301199e+03 -3.060404990744691658e-03 2.051774078172245026e+10
4.696576273281158137e+03 -3.055537999419059327e-03 2.048511122233138657e+10
4.703219238307015985e+03 -3.050672641176361936e-03 2.045249261154759216e+10
4.709862203332873833e+03 -3.045808950097116542e-03 2.041988517785560608e+10
4.716505168358730771e+03 -3.040946960041589729e-03 2.038728914826334381e+10
4.723148133384587709e+03 -3.036086704652459119e-03 2.035470474831996155e+10
4.729791098410445557e+03 -3.031228217354926986e-03 2.032213220211659241e+10
4.736434063436302495e+03 -3.026371531356994785e-03 2.028957173228820419e+10
4.743077028462160342e+03 -3.021516679652906136e-03 2.025702356003667450e+10
4.749719993488017280e+03 -3.016663695020868705e-03 2.022448790511552811e+10
4.756362958513875128e+03 -3.011812610026164995e-03 2.019196498585077667e+10
4.763005923539732066e+03 -3.006963457021814574e-03 2.015945501914536667e+10
4.769648888565589914e+03 -3.002116268150131426e-03 2.012695822048963165e+10
4.776291853591446852e+03 -2.997271075341610691e-03 2.009447480395380020e+10
4.782934818617304700e+03 -2.992427910317761470e-03 2.006200498220701599e+10
4.789577783643161638e+03 -2.987586804592436487e-03 2.002954896652624130e+10
4.796220748669018576e+03 -2.982747789470445617e-03 1.999710696678695679e+10
4.802863713694876424e+03 -2.977910896050996268e-03 1.996467919148623657e+10
4.809506678720733362e+03 -2.973076155227693390e-03 1.993226584774273300e+10
4.816149643746591209e+03 -2.968243597689204302e-03 1.989986714130115509e+10
4.822792608772449057e+03 -2.963413253920259196e-03 1.986748327653895950e+10
4.829435573798305995e+03 -2.958585154203037179e-03 1.983511445647565079e+10
4.836078538824162933e+03 -2.953759328618276066e-03 1.980276088278021622e+10
4.842721503850020781e+03 -2.948935807044939742e-03 1.977042275576890182e+10
4.849364468875877719e+03 -2.944114619162880534e-03 1.973810027442305756e+10
4.856007433901735567e+03 -2.939295794452397720e-03 1.970579363638618088e+10
4.862650398927592505e+03 -2.934479362196121439e-03 1.967350303797653580e+10
4.869293363953449443e+03 -2.929665351478736874e-03 1.964122867418532562e+10
4.875936328979307291e+03 -2.924853791189869091e-03 1.960897073869601059e+10
4.882579294005165139e+03 -2.920044710022694830e-03 1.957672942387501526e+10
4.889222259031022077e+03 -2.915238136476719800e-03 1.954450492079034424e+10
4.895865224056879924e+03 -2.910434098857164146e-03 1.951229741920745468e+10
4.902508189082736862e+03 -2.905632625277241015e-03 1.948010710760455322e+10
4.909151154108593801e+03 -2.900833743658654852e-03 1.944793417317590714e+10
4.915794119134451648e+03 -2.896037481731377622e-03 1.941577880183037567e+10
4.922437084160308586e+03 -2.891243867036371023e-03 1.938364117820963287e+10
4.929080049186166434e+03 -2.886452926925139363e-03 1.935152148568518448e+10
4.935723014212024282e+03 -2.881664688561395762e-03 1.931941990636953735e+10
4.942365979237881220e+03 -2.876879178920840972e-03 1.928733662111471558e+10
4.949008944263738158e+03 -2.872096424793547324e-03 1.925527180952824402e+10
4.955651909289596006e+03 -2.867316452783737982e-03 1.922322564997166443e+10
4.962294874315452944e+03 -2.862539289311396336e-03 1.919119831957133102e+10
4.968937839341310791e+03 -2.857764960612043086e-03 1.915918999421690369e+10
4.975580804367167730e+03 -2.852993492738734212e-03 1.912720084857476044e+10
4.982223769393024668e+03 -2.848224911562893640e-03 1.909523105609357452e+10
4.988866734418883425e+03 -2.843459242773869154e-03 1.906328078900132370e+10
4.995509699444740363e+03 -2.838696511881317643e-03 1.903135021832129669e+10
5.002152664470597301e+03 -2.833936744215150450e-03 1.899943951387172699e+10
5.008795629496455149e+03 -2.829179964927197415e-03 1.896754884427693939e+10
5.015438594522312087e+03 -2.824426198990375499e-03 1.893567837696177292e+10
5.022081559548169025e+03 -2.819675471202183394e-03 1.890382827817503357e+10
5.028724524574026873e+03 -2.814927806182870515e-03 1.887199871297719193e+10
5.035367489599883811e+03 -2.810183228377324382e-03 1.884018984525304413e+10
5.042010454625741659e+03 -2.805441762057233387e-03 1.880840183772623062e+10
5.048653419651599506e+03 -2.800703431319312604e-03 1.877663485194731140e+10
5.055296384677456444e+03 -2.795968260088521704e-03 1.874488904831535339e+10
5.061939349703314292e+03 -2.791236272116675438e-03 1.871316458606863022e+10
5.068582314729171230e+03 -2.786507490986221431e-03 1.868146162330991745e+10
5.075225279755028168e+03 -2.781781940107349704e-03 1.864978031698714066e+10
5.081868244780886016e+03 -2.777059642721991205e-03 1.861812082292017746e+10
5.088511209806742954e+03 -2.772340621903151246e-03 1.858648329579637146e+10
5.095154174832599892e+03 -2.767624900555352725e-03 1.855486788917353058e+10
5.101797139858457740e+03 -2.762912501416577710e-03 1.852327475549292374e+10
5.108440104884315588e+03 -2.758203447058435280e-03 1.849170404608041000e+10
5.115083069910172526e+03 -2.753497759886938245e-03 1.846015591115165329e+10
5.121726034936030374e+03 -2.748795462143056520e-03 1.842863049981582642e+10
5.128368999961887312e+03 -2.744096575904326953e-03 1.839712796008640671e+10
5.135011964987744250e+03 -2.739401123084910569e-03 1.836564843888154984e+10
5.141654930013602097e+03 -2.734709125436754831e-03 1.833419208203190231e+10
5.148297895039459036e+03 -2.730020604549595383e-03 1.830275903428059006e+10
5.154940860065316883e+03 -2.725335581853064165e-03 1.827134943929737091e+10
5.161583825091174731e+03 -2.720654078616467370e-03 1.823996343967713165e+10
5.168226790117031669e+03 -2.715976115950006695e-03 1.820860117694808960e+10
5.174869755142889517e+03 -2.711301714804778898e-03 1.817726279157176590e+10
5.181512720168746455e+03 -2.706630895974716962e-03 1.814594842295603943e+10
5.188155685194603393e+03 -2.701963680096813435e-03 1.811465820945659256e+10
5.194798650220461241e+03 -2.697300087651175945e-03 1.808339228837733841e+10
5.201441615246318179e+03 -2.692640138962911541e-03 1.805215079598300171e+10
5.208084580272175117e+03 -2.687983854202352207e-03 1.802093386750067139e+10
5.214727545298032965e+03 -2.683331253385939572e-03 1.798974163712571335e+10
5.221370510323890812e+03 -2.678682356376225777e-03 1.795857423802177048e+10
5.228013475349747750e+03 -2.674037182884204510e-03 1.792743180233641052e+10
5.234656440375605598e+03 -2.669395752468478340e-03 1.789631446119552612e+10
5.241299405401462536e+03 -2.664758084536424012e-03 1.786522234471115112e+10
5.247942370427320384e+03 -2.660124198345634444e-03 1.783415558199113083e+10
5.254585335453177322e+03 -2.655494113003753487e-03 1.780311430113802338e+10
5.261228300479034260e+03 -2.650867847470083586e-03 1.777209862925984955e+10
5.267871265504892108e+03 -2.646245420554754844e-03 1.774110869246456146e+10
5.274514230530749046e+03 -2.641626850921775533e-03 1.771014461588045120e+10
5.281157195556606894e+03 -2.637012157087424442e-03 1.767920652364541245e+10
5.287800160582464741e+03 -2.632401357422579306e-03 1.764829453892252731e+10
5.294443125608321679e+03 -2.627794470152275321e-03 1.761740878389710617e+10
5.301086090634178618e+03 -2.623191513357700077e-03 1.758654937979007721e+10
5.307729055660036465e+03 -2.618592504975807145e-03 1.755571644685537720e+10
5.314372020685893403e+03 -2.613997462799870324e-03 1.752491010438368607e+10
5.321014985711751251e+03 -2.609406404481868884e-03 1.749413047071840668e+10
5.327657950737608189e+03 -2.604819347530713380e-03 1.746337766324376297e+10
5.334300915763466037e+03 -2.600236309315350804e-03 1.743265179840563965e+10
5.340943880789322975e+03 -2.595657307063269255e-03 1.740195299170154190e+10
5.347586845815180823e+03 -2.591082357863324671e-03 1.737128135769954300e+10
5.354229810841037761e+03 -2.586511478664522187e-03 1.734063701003012466e+10
5.360872775866895608e+03 -2.581944686277958152e-03 1.731002006139919662e+10
5.367515740892752547e+03 -2.577381997377040882e-03 1.727943062358956909e+10
5.374158705918609485e+03 -2.572823428497823719e-03 1.724886880746318436e+10
5.380801670944467332e+03 -2.568268996040338169e-03 1.721833472297006989e+10
5.387444635970324271e+03 -2.563718716268925234e-03 1.718782847915053940e+10
5.394087600996182118e+03 -2.559172605313345637e-03 1.715735018414265060e+10
5.400730566022039966e+03 -2.554630679168169629e-03 1.712689994517811012e+10
5.407373531047896904e+03 -2.550092953694774525e-03 1.709647786859566307e+10
5.414016496073753842e+03 -2.545559444621954027e-03 1.706608405984518051e+10
5.420659461099611690e+03 -2.541030167545531813e-03 1.703571862348506737e+10
5.427302426125468628e+03 -2.536505137929747147e-03 1.700538166319155502e+10
5.433945391151326476e+03 -2.531984371108142624e-03 1.697507328176465034e+10
5.440588356177183414e+03 -2.527467882283564605e-03 1.694479358112813759e+10
5.447231321203040352e+03 -2.522955686528995881e-03 1.691454266233516502e+10
5.453874286228898200e+03 -2.518447798788942590e-03 1.688432062557753563e+10
5.460517251254756047e+03 -2.513944233878711697e-03 1.685412757018087196e+10
5.467160216280612985e+03 -2.509445006486188661e-03 1.682396359461652946e+10
5.473803181306470833e+03 -2.504950131171724236e-03 1.679382879650083923e+10
5.480446146332327771e+03 -2.500459622369912132e-03 1.676372327260702133e+10
5.487089111358184709e+03 -2.495973494388421983e-03 1.673364711885736656e+10
5.493732076384042557e+03 -2.491491761410108766e-03 1.670360043033737755e+10
5.500375041409899495e+03 -2.487014437493013236e-03 1.667358330129576683e+10
5.507018006435757343e+03 -2.482541536571414471e-03 1.664359582515151978e+10
5.513660971461615190e+03 -2.478073072455721018e-03 1.661363809449316025e+10
5.520303936487472129e+03 -2.473609058833745478e-03 1.658371020108729935e+10
5.526946901513329067e+03 -2.469149509271037577e-03 1.655381223588086510e+10
5.533589866539186914e+03 -2.464694437211606241e-03 1.652394428900594330e+10
5.540232831565043853e+03 -2.460243855978473844e-03 1.649410644978349876e+10
5.546875796590901700e+03 -2.455797778773954627e-03 1.646429880672523308e+10
5.553518761616758638e+03 -2.451356218680983932e-03 1.643452144754250717e+10
5.560161726642615577e+03 -2.446919188663287774e-03 1.640477445914746475e+10
5.566804691668474334e+03 -2.442486701565547199e-03 1.637505792765414619e+10
5.573447656694331272e+03 -2.438058770114896225e-03 1.634537193838852882e+10
5.580090621720188210e+03 -2.433635406920979082e-03 1.631571657588890076e+10
5.586733586746046058e+03 -2.429216624476670128e-03 1.628609192391069984e+10
5.593376551771902996e+03 -2.424802435158240812e-03 1.625649806542762947e+10
5.600019516797759934e+03 -2.420392851226912685e-03 1.622693508264206696e+10
5.606662481823617782e+03 -2.415987884828414180e-03 1.619740305698209000e+10
5.613305446849474720e+03 -2.411587547994089968e-03 1.616790206910892677e+10
5.619948411875332567e+03 -2.407191852641733625e-03 1.613843219892252350e+10
5.626591376901190415e+03 -2.402800810574976572e-03 1.610899352555745316e+10
5.633234341927047353e+03 -2.398414433485785650e-03 1.607958612739966774e+10
5.639877306952905201e+03 -2.394032732952964745e-03 1.605021008207643700e+10
5.646520271978762139e+03 -2.389655720444539607e-03 1.602086546647235298e+10
5.653163237004619077e+03 -2.385283407316872700e-03 1.599155235672338486e+10
5.659806202030476925e+03 -2.380915804816103026e-03 1.596227082822653389e+10
5.666449167056333863e+03 -2.376552924078424549e-03 1.593302095564170456e+10
5.673092132082190801e+03 -2.372194776130697683e-03 1.590380281289579964e+10
5.679735097108049558e+03 -2.367841371891057315e-03 1.587461647318680000e+10
5.686378062133906496e+03 -2.363492722168915403e-03 1.584546200898377800e+10
5.693021027159763435e+03 -2.359148837666790247e-03 1.581633949203916359e+10
5.699663992185621282e+03 -2.354809728979528893e-03 1.578724899338353157e+10
5.706306957211478220e+03 -2.350475406595142411e-03 1.575819058333120155e+10
5.712949922237335159e+03 -2.346145880896135117e-03 1.572916433148914528e+10
5.719592887263193006e+03 -2.341821162159393125e-03 1.570017030675625038e+10
5.726235852289049944e+03 -2.337501260556353912e-03 1.567120857732444000e+10
5.732878817314907792e+03 -2.333186186154777905e-03 1.564227921069056892e+10
5.739521782340765640e+03 -2.328875948917697239e-03 1.561338227364936066e+10
5.746164747366622578e+03 -2.324570558705634036e-03 1.558451783230828857e+10
5.752807712392480425e+03 -2.320270025275268135e-03 1.555568595207863617e+10
5.759450677418337364e+03 -2.315974358282046983e-03 1.552688669769300461e+10
5.766093642444194302e+03 -2.311683567278850337e-03 1.549812013319635201e+10
5.772736607470052149e+03 -2.307397661717603115e-03 1.546938632195680809e+10
5.779379572495909088e+03 -2.303116650949495713e-03 1.544068532666715622e+10
5.786022537521766026e+03 -2.298840544225372144e-03 1.541201720934742928e+10
5.792665502547623873e+03 -2.294569350696617788e-03 1.538338203135086441e+10
5.799308467573481721e+03 -2.290303079415104311e-03 1.535477985336353111e+10
5.805951432599338659e+03 -2.286041739334466420e-03 1.532621073541289902e+10
5.812594397625196507e+03 -2.281785339309655609e-03 1.529767473686483192e+10
5.819237362651053445e+03 -2.277533888098553019e-03 1.526917191643441582e+10
5.825880327676911293e+03 -2.273287394361243885e-03 1.524070233218108749e+10
5.832523292702768231e+03 -2.269045866661685042e-03 1.521226604151980782e+10
5.839166257728625169e+03 -2.264809313467704924e-03 1.518386310122107697e+10
5.845809222754483017e+03 -2.260577743150945888e-03 1.515549356741053200e+10
5.852452187780340864e+03 -2.256351163988640999e-03 1.512715749558086777e+10
5.859095152806197802e+03 -2.252129584162837744e-03 1.509885494058663368e+10
5.865738117832055650e+03 -2.247913011761784943e-03 1.507058595665352631e+10
5.872381082857912588e+03 -2.243701454779543306e-03 1.504235059737577820e+10
5.879024047883769526e+03 -2.239494921117873242e-03 1.501414891572882271e+10
5.885667012909627374e+03 -2.235293418585123770e-03 1.498598096406183434e+10
5.892309977935484312e+03 -2.231096954897399121e-03 1.495784679410555840e+10
5.898952942961342160e+03 -2.226905537679945649e-03 1.492974645698160553e+10
5.905595907987199098e+03 -2.222719174465762754e-03 1.490168000319313240e+10
5.912238873013056946e+03 -2.218537872697769978e-03 1.487364748263938904e+10
5.918881838038913884e+03 -2.214361639728082767e-03 1.484564894461083984e+10
5.925524803064771731e+03 -2.210190482819789689e-03 1.481768443780109787e+10
5.932167768090628670e+03 -2.206024409145787134e-03 1.478975401029910088e+10
5.938810733116486517e+03 -2.201863425790720041e-03 1.476185770960212898e+10
5.945453698142343455e+03 -2.197707539750595046e-03 1.473399558261320686e+10
5.952096663168200394e+03 -2.193556757933611857e-03 1.470616767564667511e+10
5.958739628194058241e+03 -2.189411087160274272e-03 1.467837403442894745e+10
5.965382593219915179e+03 -2.185270534164333433e-03 1.465061470410481644e+10
5.972025558245773027e+03 -2.181135105593121765e-03 1.462288972923970795e+10
5.978668523271630875e+03 -2.177004808007439347e-03 1.459519915381890869e+10
5.985311488297487813e+03 -2.172879647882889221e-03 1.456754302125652504e+10
5.991954453323344751e+03 -2.168759631609874349e-03 1.453992137439545822e+10
5.998597418349202599e+03 -2.164644765493931120e-03 1.451233425550964355e+10
6.005240383375059537e+03 -2.160535055756174737e-03 1.448478170630703354e+10
6.011883348400917384e+03 -2.156430508534628882e-03 1.445726376793851471e+10
6.018526313426774323e+03 -2.152331129883284632e-03 1.442978048099160004e+10
6.025169278452632170e+03 -2.148236925773096186e-03 1.440233188549709702e+10
6.031812243478490018e+03 -2.144147902093204716e-03 1.437491802093732071e+10
6.038455208504346956e+03 -2.140064064650270062e-03 1.434753892624160957e+10
6.045098173530203894e+03 -2.135985419169581824e-03 1.432019463979377556e+10
6.051741138556061742e+03 -2.131911971294948339e-03 1.429288519943135643e+10
6.058384103581918680e+03 -2.127843726589861116e-03 1.426561064245343208e+10
6.065027068607775618e+03 -2.123780690537272354e-03 1.423837100561911774e+10
6.071670033633633466e+03 -2.119722868540596748e-03 1.421116632515429306e+10
6.078312998659490404e+03 -2.115670265923207550e-03 1.418399663674822044e+10
6.084955963685348252e+03 -2.111622887930049430e-03 1.415686197556435585e+10
6.091598928711206099e+03 -2.107580739727414696e-03 1.412976237623884773e+10
6.098241893737063037e+03 -2.103543826403387381e-03 1.410269787288352013e+10
6.104884858762919976e+03 -2.099512152968120802e-03 1.407566849908772469e+10
6.111527823788777823e+03 -2.095485724354725736e-03 1.404867428792430305e+10
6.118170788814634761e+03 -2.091464545419602621e-03 1.402171527195181084e+10
6.124813753840492609e+03 -2.087448620941997901e-03 1.399479148321154594e+10
6.131456718866349547e+03 -2.083437955626223168e-03 1.396790295324241638e+10
6.138099683892206485e+03 -2.079432554099825033e-03 1.394104971306868553e+10
6.144742648918065242e+03 -2.075432420915636865e-03 1.391423179321371651e+10
6.151385613943922181e+03 -2.071437560551695964e-03 1.388744922369942093e+10
6.158028578969779119e+03 -2.067447977411910991e-03 1.386070203405073166e+10
6.164671543995636966e+03 -2.063463675825669922e-03 1.383399025329298210e+10
6.171314509021493905e+03 -2.059484660048787209e-03 1.380731390995823860e+10
6.177957474047350843e+03 -2.055510934264499941e-03 1.378067303209200096e+10
6.184600439073208690e+03 -2.051542502582497270e-03 1.375406764724667931e+10
6.191243404099065629e+03 -2.047579369040613499e-03 1.372749778249295235e+10
6.197886369124923476e+03 -2.043621537604439937e-03 1.370096346441716003e+10
6.204529334150781324e+03 -2.039669012168238236e-03 1.367446471912743378e+10
6.211172299176638262e+03 -2.035721796554609917e-03 1.364800157225147438e+10
6.217815264202496110e+03 -2.031779894515770967e-03 1.362157404894510269e+10
6.224458229228353048e+03 -2.027843309733441679e-03 1.359518217389151764e+10
6.231101194254209986e+03 -2.023912045819067831e-03 1.356882597130277634e+10
6.237744159280067834e+03 -2.019986106314737052e-03 1.354250546492594528e+10
6.244387124305924772e+03 -2.016065494693150637e-03 1.351622067804290390e+10
6.251030089331781710e+03 -2.012150214358288374e-03 1.348997163347480774e+10
6.257673054357640467e+03 -2.008240268645383395e-03 1.346375835358191681e+10
6.264316019383497405e+03 -2.004335660821696292e-03 1.343758086026878357e+10
6.270958984409354343e+03 -2.000436394086876381e-03 1.341143917498668098e+10
6.277601949435212191e+03 -1.996542471573128658e-03 1.338533331873471069e+10
6.284244914461069129e+03 -1.992653896345519988e-03 1.335926331206187248e+10
6.290887879486926977e+03 -1.988770671402725464e-03 1.333322917507205200e+10
6.297530844512783915e+03 -1.984892799677279943e-03 1.330723092742571640e+10
6.304173809538640853e+03 -1.981020284035356436e-03 1.328126858833842659e+10
6.310816774564498701e+03 -1.977153127278428839e-03 1.325534217659197998e+10
6.317459739590356548e+03 -1.973291332142136124e-03 1.322945171052680397e+10
6.324102704616213487e+03 -1.969434901297779841e-03 1.320359720805198860e+10
6.330745669642071334e+03 -1.965583837351935533e-03 1.317777868664268875e+10
6.337388634667928272e+03 -1.961738142847617612e-03 1.315199616334792519e+10
6.344031599693785211e+03 -1.957897820263670464e-03 1.312624965478650475e+10
6.350674564719643058e+03 -1.954062872016070363e-03 1.310053917715575409e+10
6.357317529745499996e+03 -1.950233300457400063e-03 1.307486474622799110e+10
6.363960494771356935e+03 -1.946409107877984396e-03 1.304922637735814285e+10
6.370603459797215692e+03 -1.942590296505975920e-03 1.302362408548431587e+10
6.377246424823072630e+03 -1.938776868507157813e-03 1.299805788512647438e+10
6.383889389848929568e+03 -1.934968825986333818e-03 1.297252779039576721e+10
6.390532354874787416e+03 -1.931166170986743213e-03 1.294703381499059105e+10
6.397175319900644354e+03 -1.927368905491117033e-03 1.292157597220368767e+10
6.403818284926502201e+03 -1.923577031421149202e-03 1.289615427491858292e+10
6.410461249952359140e+03 -1.919790550639245566e-03 1.287076873562132454e+10
6.417104214978216078e+03 -1.916009464947191409e-03 1.284541936639154625e+10
6.423747180004073925e+03 -1.912233776087566986e-03 1.282010617891194916e+10
6.430390145029931773e+03 -1.908463485744246258e-03 1.279482918447166061e+10
6.437033110055788711e+03 -1.904698595541675895e-03 1.276958839396138573e+10
6.443676075081646559e+03 -1.900939107046401184e-03 1.274438381788364792e+10
6.450319040107503497e+03 -1.897185021766316631e-03 1.271921546634775734e+10
6.456962005133360435e+03 -1.893436341152330421e-03 1.269408334908097649e+10
6.463604970159218283e+03 -1.889693066597061431e-03 1.266898747541977882e+10
6.470247935185075221e+03 -1.885955199436585442e-03 1.264392785432156181e+10
6.476890900210933069e+03 -1.882222740950159536e-03 1.261890449436278915e+10
6.483533865236790007e+03 -1.878495692360220145e-03 1.259391740373899078e+10
6.490176830262647854e+03 -1.874774054833494141e-03 1.256896659027220345e+10
6.496819795288504793e+03 -1.871057829480776355e-03 1.254405206140948105e+10
6.503462760314362640e+03 -1.867347017357428966e-03 1.251917382422624207e+10
6.510105725340218669e+03 -1.863641619463353525e-03 1.249433188542608452e+10
6.516748690366077426e+03 -1.859941636744350977e-03 1.246952625134989738e+10
6.523391655391935274e+03 -1.856247070090983687e-03 1.244475692796824265e+10
6.530034620417791302e+03 -1.852557920340100689e-03 1.242002392089156914e+10
6.536677585443650059e+03 -1.848874188274311856e-03 1.239532723536669731e+10
6.543320550469506088e+03 -1.845195874622930282e-03 1.237066687628312492e+10
6.549963515495363936e+03 -1.841522980062138817e-03 1.234604284817416000e+10
6.556606480521220874e+03 -1.837855505214879047e-03 1.232145515521615791e+10
6.563249445547078722e+03 -1.834193450651850493e-03 1.229690380123523903e+10
6.569892410572935660e+03 -1.830536816891010360e-03 1.227238878970392036e+10
6.576535375598793507e+03 -1.826885604398794999e-03 1.224791012374930954e+10
6.583178340624651355e+03 -1.823239813589536823e-03 1.222346780614920044e+10
6.589821305650508293e+03 -1.819599444826490615e-03 1.219906183933894157e+10
6.596464270676366141e+03 -1.815964498421723588e-03 1.217469222541071510e+10
6.603107235702222169e+03 -1.812334974636585277e-03 1.215035896611667633e+10
6.609750200728080927e+03 -1.808710873681736598e-03 1.212606206286914825e+10
6.616393165753936955e+03 -1.805092195718287175e-03 1.210180151674824905e+10
6.623036130779794803e+03 -1.801478940856657144e-03 1.207757732849426842e+10
6.629679095805652651e+03 -1.797871109158214083e-03 1.205338949851862717e+10
6.636322060831509589e+03 -1.794268700634941028e-03 1.202923802690166473e+10
