0.000000000000000000e+00 -1.167294738114017782e+01 1.000000000000000000e+00
6.642965025857367145e+00 -1.163790370645527616e+01 9.969978726417013659e-01
1.328593005171473429e+01 -1.159807546711200388e+01 9.935858604015346263e-01
1.992889507757210055e+01 -1.155838137744984451e+01 9.901853405185877532e-01
2.657186010342946858e+01 -1.151882313832260785e+01 9.867964587018882572e-01
3.321482512928683661e+01 -1.147940028598092610e+01 9.834191752228779171e-01
3.985779015514420109e+01 -1.144011235718247832e+01 9.800534503964364319e-01
4.650075518100156557e+01 -1.140095889020253850e+01 9.766992446674532813e-01
5.314372020685893716e+01 -1.136193942486836939e+01 9.733565186137735914e-01
5.978668523271630164e+01 -1.132305350257074394e+01 9.700252329471857893e-01
6.642965025857367323e+01 -1.128430066626539841e+01 9.667053485135458368e-01
7.307261528443103771e+01 -1.124568046047044945e+01 9.633968262925559634e-01
7.971558031028840219e+01 -1.120719243126213094e+01 9.600996273973991801e-01
8.635854533614576667e+01 -1.116883612626991784e+01 9.568137130743220586e-01
9.300151036200313115e+01 -1.113061109467139076e+01 9.535390447021947491e-01
9.964447538786050984e+01 -1.109251688718700457e+01 9.502755837920621174e-01
1.062874404137178743e+02 -1.105455305607484817e+01 9.470232919866955479e-01
1.129304054395752530e+02 -1.101671915512537581e+01 9.437821310601416380e-01
1.195733704654326033e+02 -1.097901473965619523e+01 9.405520629172748892e-01
1.262163354912899678e+02 -1.094143936650680615e+01 9.373330495933478446e-01
1.328593005171473465e+02 -1.090399259403342747e+01 9.341250532535475548e-01
1.395022655430047109e+02 -1.086667398210378543e+01 9.309280361925491576e-01
1.461452305688620754e+02 -1.082948309209194626e+01 9.277419608340730095e-01
1.527881955947194399e+02 -1.079241948687316821e+01 9.245667897304440386e-01
1.594311606205768044e+02 -1.075548273081874662e+01 9.214024855621497645e-01
1.660741256464341689e+02 -1.071867238979091042e+01 9.182490111374033148e-01
1.727170906722915333e+02 -1.068198803113771334e+01 9.151063293917057750e-01
1.793600556981489262e+02 -1.064542922368794819e+01 9.119744033874104261e-01
1.860030207240062623e+02 -1.060899553774607362e+01 9.088531963132878699e-01
1.926459857498636552e+02 -1.057268654508717631e+01 9.057426714840951520e-01
1.992889507757210197e+02 -1.053650181895193150e+01 9.026427923401431075e-01
2.059319158015783842e+02 -1.050044093404158296e+01 8.995535224468673707e-01
2.125748808274357486e+02 -1.046450346651294971e+01 8.964748254943996075e-01
2.192178458532931131e+02 -1.042868899397343618e+01 8.934066652971405231e-01
2.258608108791505060e+02 -1.039299709547608508e+01 8.903490057933362012e-01
2.325037759050078705e+02 -1.035742735151460714e+01 8.873018110446520001e-01
2.391467409308652066e+02 -1.032197934401847128e+01 8.842650452357518898e-01
2.457897059567225710e+02 -1.028665265634797876e+01 8.812386726738770104e-01
2.524326709825799355e+02 -1.025144687328936222e+01 8.782226577884250096e-01
2.590756360084373000e+02 -1.021636158104992198e+01 8.752169651305340414e-01
2.657186010342946929e+02 -1.018139636725314290e+01 8.722215593726642124e-01
2.723615660601520858e+02 -1.014655082093386795e+01 8.692364053081839126e-01
2.790045310860094219e+02 -1.011182453253344704e+01 8.662614678509545918e-01
2.856474961118667579e+02 -1.007721709389493547e+01 8.632967120349190893e-01
2.922904611377241508e+02 -1.004272809825829960e+01 8.603421030136911840e-01
2.989334261635815437e+02 -1.000835714025562950e+01 8.573976060601451454e-01
3.055763911894388798e+02 -9.974103815906369519e+00 8.544631865660076153e-01
3.122193562152962727e+02 -9.939967722612580658e+00 8.515388100414511552e-01
3.188623212411536088e+02 -9.905948459154210184e+00 8.486244421146895700e-01
3.255052862670109448e+02 -9.872045625684357617e+00 8.457200485315720107e-01
3.321482512928683377e+02 -9.838258823724597590e+00 8.428255951551824054e-01
3.387912163187257306e+02 -9.804587656160281384e+00 8.399410479654367823e-01
3.454341813445830667e+02 -9.771031727235875763e+00 8.370663730586842544e-01
3.520771463704404596e+02 -9.737590642550310704e+00 8.342015366473084503e-01
3.587201113962978525e+02 -9.704264009052343098e+00 8.313465050593297212e-01
3.653630764221551885e+02 -9.671051435035932897e+00 8.285012447380101230e-01
3.720060414480125246e+02 -9.637952530135645901e+00 8.256657222414583996e-01
3.786490064738699175e+02 -9.604966905322065429e+00 8.228399042422378518e-01
3.852919714997273104e+02 -9.572094172897214648e+00 8.200237575269736512e-01
3.919349365255846465e+02 -9.539333946490005545e+00 8.172172489959629305e-01
3.985779015514420394e+02 -9.506685841051686126e+00 8.144203456627850946e-01
4.052208665772993754e+02 -9.474149472851332021e+00 8.116330146539155743e-01
4.118638316031567683e+02 -9.441724459471325659e+00 8.088552232083382476e-01
4.185067966290141044e+02 -9.409410419802860304e+00 8.060869386771601919e-01
4.251497616548714973e+02 -9.377206974041463639e+00 8.033281285232287683e-01
4.317927266807288902e+02 -9.345113743682539109e+00 8.005787603207491498e-01
4.384356917065862262e+02 -9.313130351516903715e+00 7.978388017549022937e-01
4.450786567324436191e+02 -9.281256421626370212e+00 7.951082206214661330e-01
4.517216217583010121e+02 -9.249491579379316875e+00 7.923869848264367688e-01
4.583645867841583481e+02 -9.217835451426291016e+00 7.896750623856509943e-01
4.650075518100157410e+02 -9.186287665695608951e+00 7.869724214244098182e-01
4.716505168358730202e+02 -9.154847851389009250e+00 7.842790301771060957e-01
4.782934818617304131e+02 -9.123515638977261588e+00 7.815948569868481632e-01
4.849364468875877492e+02 -9.092290660195848417e+00 7.789198703050901340e-01
4.915794119134451421e+02 -9.061172548040618224e+00 7.762540386912589740e-01
4.982223769393025350e+02 -9.030160936763493851e+00 7.735973308123877956e-01
5.048653419651598711e+02 -8.999255461868154171e+00 7.709497154427449317e-01
5.115083069910172640e+02 -8.968455760105753072e+00 7.683111614634676734e-01
5.181512720168746000e+02 -8.937761469470659748e+00 7.656816378621974506e-01
5.247942370427319929e+02 -8.907172229196191893e+00 7.630611137327140137e-01
5.314372020685893858e+02 -8.876687679750389748e+00 7.604495582745737225e-01
5.380801670944467787e+02 -8.846307462831774160e+00 7.578469407927455048e-01
5.447231321203041716e+02 -8.816031221365145498e+00 7.552532306972519205e-01
5.513660971461615645e+02 -8.785858599497384347e+00 7.526683975028086726e-01
5.580090621720188437e+02 -8.755789242593271737e+00 7.500924108284665603e-01
5.646520271978761230e+02 -8.725822797231307604e+00 7.475252403972539872e-01
5.712949922237335159e+02 -8.695958911199580754e+00 7.449668560358220226e-01
5.779379572495909088e+02 -8.666197233491608642e+00 7.424172276740890197e-01
5.845809222754483017e+02 -8.636537414302219773e+00 7.398763253448872312e-01
5.912238873013056946e+02 -8.606979105023439658e+00 7.373441191836106468e-01
5.978668523271630875e+02 -8.577521958240396316e+00 7.348205794278642733e-01
6.045098173530203667e+02 -8.548165627727236426e+00 7.323056764171139710e-01
6.111527823788777596e+02 -8.518909768443053920e+00 7.297993805923378430e-01
6.177957474047351525e+02 -8.489754036527839887e+00 7.273016624956795129e-01
6.244387124305925454e+02 -8.460698089298427149e+00 7.248124927701004028e-01
6.310816774564499383e+02 -8.431741585244484583e+00 7.223318421590364524e-01
6.377246424823072175e+02 -8.402884184024477676e+00 7.198596815060525067e-01
6.443676075081646104e+02 -8.374125546461694825e+00 7.173959817545014772e-01
6.510105725340218896e+02 -8.345465334540238089e+00 7.149407139471811723e-01
6.576535375598792825e+02 -8.316903211401063700e+00 7.124938492259950129e-01
6.642965025857366754e+02 -8.288438841338017227e+00 7.100553588316121933e-01
6.709394676115940683e+02 -8.260071889793888289e+00 7.076252141031299514e-01
6.775824326374514612e+02 -8.231802023356481257e+00 7.052033864777367267e-01
6.842253976633088541e+02 -8.203628909754696608e+00 7.027898474903766513e-01
6.908683626891661334e+02 -8.175552217854617609e+00 7.003845687734141512e-01
6.975113277150235263e+02 -8.147571617655628984e+00 6.979875220563016569e-01
7.041542927408809192e+02 -8.119686780286533789e+00 6.955986791652467582e-01
7.107972577667383121e+02 -8.091897378001682739e+00 6.932180120228804698e-01
7.174402227925957050e+02 -8.064203084177131942e+00 6.908454926479283831e-01
7.240831878184529842e+02 -8.036603573306800641e+00 6.884810931548814850e-01
7.307261528443103771e+02 -8.009098520998634285e+00 6.861247857536670880e-01
7.373691178701677700e+02 -7.981687603970812006e+00 6.837765427493244230e-01
7.440120828960250492e+02 -7.954370500047930115e+00 6.814363365416774565e-01
7.506550479218824421e+02 -7.927146888157223792e+00 6.791041396250108164e-01
7.572980129477398350e+02 -7.900016448324788776e+00 6.767799245877470504e-01
7.639409779735972279e+02 -7.872978861671822592e+00 6.744636641121236620e-01
7.705839429994546208e+02 -7.846033810410880882e+00 6.721553309738730331e-01
7.772269080253120137e+02 -7.819180977842134617e+00 6.698548980419014587e-01
7.838698730511692929e+02 -7.792420048349650408e+00 6.675623382779706239e-01
7.905128380770266858e+02 -7.765750707397683250e+00 6.652776247363798579e-01
7.971558031028840787e+02 -7.739172641526979923e+00 6.630007305636497206e-01
8.037987681287414716e+02 -7.712685538351088610e+00 6.607316289982057000e-01
8.104417331545987508e+02 -7.686289086552695160e+00 6.584702933700641303e-01
8.170846981804562574e+02 -7.659982975879958467e+00 6.562166971005187754e-01
8.237276632063135366e+02 -7.633766897142866270e+00 6.539708137018281908e-01
8.303706282321709296e+02 -7.607640542209601620e+00 6.517326167769044165e-01
8.370135932580282088e+02 -7.581603604002919994e+00 6.495020800190031141e-01
8.436565582838857154e+02 -7.555655776496537079e+00 6.472791772114133702e-01
8.502995233097429946e+02 -7.529796754711541418e+00 6.450638822271512751e-01
8.569424883356002738e+02 -7.504026234712796395e+00 6.428561690286507257e-01
8.635854533614577804e+02 -7.478343913605380422e+00 6.406560116674593353e-01
8.702284183873150596e+02 -7.452749489531020011e+00 6.384633842839321227e-01
8.768713834131724525e+02 -7.427242661664542389e+00 6.362782611069280891e-01
8.835143484390297317e+02 -7.401823130210338775e+00 6.341006164535071266e-01
8.901573134648872383e+02 -7.376490596398848076e+00 6.319304247286288145e-01
8.968002784907445175e+02 -7.351244762483037043e+00 6.297676604248506615e-01
9.034432435166020241e+02 -7.326085331734899064e+00 6.276122981220283448e-01
9.100862085424593033e+02 -7.301012008441979617e+00 6.254643124870180593e-01
9.167291735683166962e+02 -7.276024497903884836e+00 6.233236782733775350e-01
9.233721385941739754e+02 -7.251122506428829162e+00 6.211903703210698291e-01
9.300151036200314820e+02 -7.226305741330175003e+00 6.190643635561673408e-01
9.366580686458887612e+02 -7.201573910923000810e+00 6.169456329905578240e-01
9.433010336717460405e+02 -7.176926724520667378e+00 6.148341537216496233e-01
9.499439986976035470e+02 -7.152363892431401027e+00 6.127299009320797962e-01
9.565869637234608263e+02 -7.127885125954892764e+00 6.106328498894221246e-01
9.632299287493182192e+02 -7.103490137378897451e+00 6.085429759458960142e-01
9.698728937751754984e+02 -7.079178639975864051e+00 6.064602545380780585e-01
9.765158588010330050e+02 -7.054950347999554339e+00 6.043846611866118268e-01
9.831588238268902842e+02 -7.030804976681690022e+00 6.023161714959210933e-01
9.898017888527477908e+02 -7.006742242228604312e+00 6.002547611539226224e-01
9.964447538786050700e+02 -6.982761861817905036e+00 5.982004059317408418e-01
1.003087718904462463e+03 -6.958863553595154627e+00 5.961530816834226254e-01
1.009730683930319742e+03 -6.935047036670552778e+00 5.941127643456539653e-01
1.016373648956177249e+03 -6.911312031115637744e+00 5.920794299374766423e-01
1.023016613982034528e+03 -6.887658257959992980e+00 5.900530545600066734e-01
1.029659579007891807e+03 -6.864085439187972426e+00 5.880336143961534257e-01
1.036302544033749200e+03 -6.840593297735433786e+00 5.860210857103397286e-01
1.042945509059606593e+03 -6.817181557486472698e+00 5.840154448482223204e-01
1.049588474085463986e+03 -6.793849943270187985e+00 5.820166682364146249e-01
1.056231439111321379e+03 -6.770598180857444248e+00 5.800247323822094181e-01
1.062874404137178772e+03 -6.747425996957644223e+00 5.780396138733023825e-01
1.069517369163036165e+03 -6.724333119215521570e+00 5.760612893775169940e-01
1.076160334188893557e+03 -6.701319276207941655e+00 5.740897356425311848e-01
1.082803299214750723e+03 -6.678384197440704106e+00 5.721249294956026743e-01
1.089446264240608343e+03 -6.655527613345368465e+00 5.701668478432974085e-01
1.096089229266465509e+03 -6.632749255276084277e+00 5.682154676712178887e-01
1.102732194292323129e+03 -6.610048855506436283e+00 5.662707660437330537e-01
1.109375159318180295e+03 -6.587426147226294937e+00 5.643327201037082741e-01
1.116018124344037687e+03 -6.564880864538677585e+00 5.624013070722366781e-01
1.122661089369895080e+03 -6.542412742456631847e+00 5.604765042483716986e-01
1.129304054395752246e+03 -6.520021516900112779e+00 5.585582890088601760e-01
1.135947019421609866e+03 -6.497706924692883135e+00 5.566466388078763483e-01
1.142589984447467032e+03 -6.475468703559417172e+00 5.547415311767569523e-01
1.149232949473324652e+03 -6.453306592121823115e+00 5.528429437237371014e-01
1.155875914499181818e+03 -6.431220329896767396e+00 5.509508541336871623e-01
1.162518879525039210e+03 -6.409209657292410434e+00 5.490652401678502992e-01
1.169161844550896603e+03 -6.387274315605360187e+00 5.471860796635811264e-01
1.175804809576753996e+03 -6.365414047017631916e+00 5.453133505340856946e-01
1.182447774602611389e+03 -6.343628594593613279e+00 5.434470307681612544e-01
1.189090739628468782e+03 -6.321917702277047191e+00 5.415870984299375746e-01
1.195733704654326175e+03 -6.300281114888025336e+00 5.397335316586198140e-01
1.202376669680183340e+03 -6.278718578119979021e+00 5.378863086682305061e-01
1.209019634706040733e+03 -6.257229838536704669e+00 5.360454077473548740e-01
1.215662599731898126e+03 -6.235814643569370652e+00 5.342108072588840351e-01
1.222305564757755519e+03 -6.214472741513558773e+00 5.323824856397620930e-01
1.228948529783612912e+03 -6.193203881526302190e+00 5.305604214007318964e-01
1.235591494809470305e+03 -6.172007813623134886e+00 5.287445931260825738e-01
1.242234459835327698e+03 -6.150884288675158906e+00 5.269349794733984016e-01
1.248877424861185091e+03 -6.129833058406109814e+00 5.251315591733067834e-01
1.255520389887042256e+03 -6.108853875389444354e+00 5.233343110292295597e-01
1.262163354912899877e+03 -6.087946493045428120e+00 5.215432139171328751e-01
1.268806319938757042e+03 -6.067110665638241862e+00 5.197582467852798205e-01
1.275449284964614435e+03 -6.046346148273087806e+00 5.179793886539818537e-01
1.282092249990471828e+03 -6.025652696893314619e+00 5.162066186153533298e-01
1.288735215016329221e+03 -6.005030068277547706e+00 5.144399158330648092e-01
1.295378180042186614e+03 -5.984478020036830159e+00 5.126792595420990306e-01
1.302021145068043779e+03 -5.963996310611777929e+00 5.109246290485062181e-01
1.308664110093901400e+03 -5.943584699269734095e+00 5.091760037291612750e-01
1.315307075119758565e+03 -5.923242946101945350e+00 5.074333630315209787e-01
1.321950040145616185e+03 -5.902970812020736702e+00 5.056966864733826172e-01
1.328593005171473351e+03 -5.882768058756704832e+00 5.039659536426432940e-01
1.335235970197330744e+03 -5.862634448855917668e+00 5.022411441970600077e-01
1.341878935223188137e+03 -5.842569745677122839e+00 5.005222378640105108e-01
1.348521900249045530e+03 -5.822573713388965899e+00 4.988092144402551664e-01
1.355164865274902922e+03 -5.802646116967219214e+00 4.971020537916991944e-01
1.361807830300760088e+03 -5.782786722192017059e+00 4.954007358531562488e-01
1.368450795326617708e+03 -5.762995295645105820e+00 4.937052406281123851e-01
1.375093760352474874e+03 -5.743271604707102185e+00 4.920155481884916360e-01
1.381736725378332267e+03 -5.723615417554751339e+00 4.903316386744207001e-01
1.388379690404189660e+03 -5.704026503158211803e+00 4.886534922939967940e-01
1.395022655430047053e+03 -5.684504631278333164e+00 4.869810893230538951e-01
1.401665620455904445e+03 -5.665049572463949801e+00 4.853144101049314263e-01
1.408308585481761838e+03 -5.645661098049191473e+00 4.836534350502435520e-01
1.414951550507619231e+03 -5.626338980150787705e+00 4.819981446366482514e-01
1.421594515533476624e+03 -5.607082991665391702e+00 4.803485194086182242e-01
1.428237480559333790e+03 -5.587892906266913151e+00 4.787045399772122400e-01
1.434880445585191410e+03 -5.568768498403855460e+00 4.770661870198472099e-01
1.441523410611048575e+03 -5.549709543296667213e+00 4.754334412800709786e-01
1.448166375636905968e+03 -5.530715816935098061e+00 4.738062835673362283e-01
1.454809340662763361e+03 -5.511787096075565273e+00 4.721846947567744923e-01
1.461452305688620754e+03 -5.492923158238531833e+00 4.705686557889717792e-01
1.468095270714478147e+03 -5.474123781705892533e+00 4.689581476697444740e-01
1.474738235740335540e+03 -5.455388745518366278e+00 4.673531514699161282e-01
1.481381200766192933e+03 -5.436717829472893726e+00 4.657536483250943604e-01
1.488024165792050098e+03 -5.418110814120063345e+00 4.641596194354504767e-01
1.494667130817907719e+03 -5.399567480761515270e+00 4.625710460654969824e-01
1.501310095843764884e+03 -5.381087611447382457e+00 4.609879095438682572e-01
1.507953060869622504e+03 -5.362670988973724739e+00 4.594101912631011198e-01
1.514596025895479670e+03 -5.344317396879977089e+00 4.578378726794158360e-01
1.521238990921337063e+03 -5.326026619446403210e+00 4.562709353124980161e-01
1.527881955947194456e+03 -5.307798441691564229e+00 4.547093607452820097e-01
1.534524920973051621e+03 -5.289632649369784723e+00 4.531531306237336354e-01
1.541167885998909242e+03 -5.271529028968644504e+00 4.516022266566353527e-01
1.547810851024766407e+03 -5.253487367706460631e+00 4.500566306153704343e-01
1.554453816050624027e+03 -5.235507453529790745e+00 4.485163243337093042e-01
1.561096781076481193e+03 -5.217589075110939945e+00 4.469812897075958191e-01
1.567739746102338586e+03 -5.199732021845474783e+00 4.454515086949343283e-01
1.574382711128195979e+03 -5.181936083849750574e+00 4.439269633153777317e-01
1.581025676154053372e+03 -5.164201051958443145e+00 4.424076356501163154e-01
1.587668641179910765e+03 -5.146526717722093913e+00 4.408935078416670317e-01
1.594311606205768157e+03 -5.128912873404653183e+00 4.393845620936634999e-01
1.600954571231625550e+03 -5.111359311981042985e+00 4.378807806706467853e-01
1.607597536257482943e+03 -5.093865827134724356e+00 4.363821458978572876e-01
1.614240501283340109e+03 -5.076432213255269943e+00 4.348886401610267405e-01
1.620883466309197502e+03 -5.059058265435948165e+00 4.334002459061710444e-01
1.627526431335054667e+03 -5.041743779471316245e+00 4.319169456393843753e-01
1.634169396360912515e+03 -5.024488551854815910e+00 4.304387219266330167e-01
1.640812361386769680e+03 -5.007292379776390412e+00 4.289655573935512445e-01
1.647455326412627073e+03 -4.990155061120089997e+00 4.274974347252362139e-01
1.654098291438484239e+03 -4.973076394461702243e+00 4.260343366660449549e-01
1.660741256464341859e+03 -4.956056179066380629e+00 4.245762460193912013e-01
1.667384221490199252e+03 -4.939094214886296186e+00 4.231231456475442743e-01
1.674027186516056418e+03 -4.922190302558270503e+00 4.216750184714261884e-01
1.680670151541913810e+03 -4.905344243401444260e+00 4.202318474704119788e-01
1.687313116567771431e+03 -4.888555839414934212e+00 4.187936156821290279e-01
1.693956081593628596e+03 -4.871824893275513269e+00 4.173603062022582799e-01
1.700599046619485989e+03 -4.855151208335287016e+00 4.159319021843351227e-01
1.707242011645343155e+03 -4.838534588619381793e+00 4.145083868395514348e-01
1.713884976671200548e+03 -4.821974838823643417e+00 4.130897434365584653e-01
1.720527941697058168e+03 -4.805471764312338578e+00 4.116759553012698247e-01
1.727170906722915561e+03 -4.789025171115874890e+00 4.102670058166661415e-01
1.733813871748772726e+03 -4.772634865928510273e+00 4.088628784225988855e-01
1.740456836774630119e+03 -4.756300656106086322e+00 4.074635566155961897e-01
1.747099801800487739e+03 -4.740022349663767898e+00 4.060690239486693387e-01
1.753742766826344905e+03 -4.723799755273780043e+00 4.046792640311185907e-01
1.760385731852202298e+03 -4.707632682263161783e+00 4.032942605283409421e-01
1.767028696878059463e+03 -4.691520940611525248e+00 4.019139971616381701e-01
1.773671661903917084e+03 -4.675464340948821906e+00 4.005384577080254860e-01
1.780314626929774477e+03 -4.659462694553119455e+00 3.991676260000409093e-01
1.786957591955631642e+03 -4.643515813348378707e+00 3.978014859255550317e-01
1.793600556981489035e+03 -4.627623509902245580e+00 3.964400214275816681e-01
1.800243522007346201e+03 -4.611785597423846639e+00 3.950832165040892852e-01
1.806886487033204048e+03 -4.596001889761599735e+00 3.937310552078130410e-01
1.813529452059061214e+03 -4.580272201401018428e+00 3.923835216460670461e-01
1.820172417084918607e+03 -4.564596347462533288e+00 3.910405999805575683e-01
1.826815382110775772e+03 -4.548974143699324735e+00 3.897022744271974037e-01
1.833458347136633392e+03 -4.533405406495144341e+00 3.883685292559191926e-01
1.840101312162490785e+03 -4.517889952862176095e+00 3.870393487904922325e-01
1.846744277188347951e+03 -4.502427600438866584e+00 3.857147174083366270e-01
1.853387242214205344e+03 -4.487018167487792475e+00 3.843946195403404875e-01
1.860030207240062964e+03 -4.471661472893520894e+00 3.830790396706768020e-01
1.866673172265920130e+03 -4.456357336160484905e+00 3.817679623366212471e-01
1.873316137291777522e+03 -4.441105577410856320e+00 3.804613721283701122e-01
1.879959102317634688e+03 -4.425906017382430946e+00 3.791592536888589993e-01
1.886602067343492081e+03 -4.410758477426528046e+00 3.778615917135830227e-01
1.893245032369349701e+03 -4.395662779505887130e+00 3.765683709504165089e-01
1.899887997395207094e+03 -4.380618746192575408e+00 3.752795761994336954e-01
1.906530962421064260e+03 -4.365626200665900569e+00 3.739951923127301514e-01
1.913173927446921653e+03 -4.350684966710335111e+00 3.727152041942446981e-01
1.919816892472779273e+03 -4.335794868713444217e+00 3.714395967995819947e-01
1.926459857498636438e+03 -4.320955731663822519e+00 3.701683551358358470e-01
1.933102822524493831e+03 -4.306167381149034412e+00 3.689014642614127371e-01
1.939745787550350997e+03 -4.291429643353570356e+00 3.676389092858565188e-01
1.946388752576208617e+03 -4.276742345056794292e+00 3.663806753696730034e-01
1.953031717602066010e+03 -4.262105313630915049e+00 3.651267477241558201e-01
1.959674682627923403e+03 -4.247518377038956849e+00 3.638771116112126669e-01
1.966317647653780568e+03 -4.232981363832735155e+00 3.626317523431918932e-01
1.972960612679637961e+03 -4.218494103150840502e+00 3.613906552827098051e-01
1.979603577705495582e+03 -4.204056424716633877e+00 3.601538058424790245e-01
1.986246542731352747e+03 -4.189668158836242107e+00 3.589211894851365159e-01
1.992889507757210140e+03 -4.175329136396564778e+00 3.576927917230730558e-01
1.999532472783067305e+03 -4.161039188863285609e+00 3.564685981182627583e-01
2.006175437808924926e+03 -4.146798148278893592e+00 3.552485942820935438e-01
2.012818402834782319e+03 -4.132605847260709453e+00 3.540327658751982742e-01
2.019461367860639484e+03 -4.118462118998912125e+00 3.528210986072853883e-01
2.026104332886496877e+03 -4.104366797254588306e+00 3.516135782369719243e-01
2.032747297912354497e+03 -4.090319716357764257e+00 3.504101905716150434e-01
2.039390262938211890e+03 -4.076320711205477565e+00 3.492109214671466066e-01
2.046033227964069056e+03 -4.062369617259816934e+00 3.480157568279055313e-01
2.052676192989926221e+03 -4.048466270546005497e+00 3.468246826064732558e-01
2.059319158015783614e+03 -4.034610507650459255e+00 3.456376848035077054e-01
2.065962123041641462e+03 -4.020802165718873944e+00 3.444547494675791466e-01
2.072605088067498400e+03 -4.007041082454311898e+00 3.432758626950065395e-01
2.079248053093355793e+03 -3.993327096115292907e+00 3.421010106296938358e-01
2.085891018119213186e+03 -3.979660045513888189e+00 3.409301794629667204e-01
2.092533983145070579e+03 -3.966039770013834342e+00 3.397633554334110184e-01
2.099176948170927972e+03 -3.952466109528638860e+00 3.386005248267103807e-01
2.105819913196785365e+03 -3.938938904519702522e+00 3.374416739754856343e-01
2.112462878222642757e+03 -3.925457995994440896e+00 3.362867892591334673e-01
2.119105843248500150e+03 -3.912023225504417390e+00 3.351358571036668899e-01
2.125748808274357543e+03 -3.898634435143483401e+00 3.339888639815556948e-01
2.132391773300214936e+03 -3.885291467545915367e+00 3.328457964115668077e-01
2.139034738326072329e+03 -3.871994165884574013e+00 3.317066409586067466e-01
2.145677703351929267e+03 -3.858742373869054720e+00 3.305713842335631925e-01
2.152320668377787115e+03 -3.845535935743850331e+00 3.294400128931473382e-01
2.158963633403644508e+03 -3.832374696286527271e+00 3.283125136397379018e-01
2.165606598429501446e+03 -3.819258500805892798e+00 3.271888732212240303e-01
2.172249563455358839e+03 -3.806187195140180890e+00 3.260690784308499235e-01
2.178892528481216686e+03 -3.793160625655241702e+00 3.249531161070596252e-01
2.185535493507073625e+03 -3.780178639242732341e+00 3.238409731333420916e-01
2.192178458532931018e+03 -3.767241083318320971e+00 3.227326364380774248e-01
2.198821423558788410e+03 -3.754347805819889139e+00 3.216280929943827194e-01
2.205464388584646258e+03 -3.741498655205746982e+00 3.205273298199592391e-01
2.212107353610503196e+03 -3.728693480452853759e+00 3.194303339769399841e-01
2.218750318636360589e+03 -3.715932131055041499e+00 3.183370925717374789e-01
2.225393283662217982e+03 -3.703214457021240413e+00 3.172475927548918384e-01
2.232036248688075375e+03 -3.690540308873728303e+00 3.161618217209206105e-01
2.238679213713932768e+03 -3.677909537646356863e+00 3.150797667081670639e-01
2.245322178739790161e+03 -3.665321994882822398e+00 3.140014149986517511e-01
2.251965143765647554e+03 -3.652777532634898350e+00 3.129267539179214630e-01
2.258608108791504492e+03 -3.640276003460712229e+00 3.118557708349012914e-01
2.265251073817362339e+03 -3.627817260423005230e+00 3.107884531617456370e-01
2.271894038843219732e+03 -3.615401157087409167e+00 3.097247883536906610e-01
2.278537003869076671e+03 -3.603027547520721630e+00 3.086647639089065143e-01
2.285179968894934063e+03 -3.590696286289194017e+00 3.076083673683506214e-01
2.291822933920791911e+03 -3.578407228456818245e+00 3.065555863156208538e-01
2.298465898946649304e+03 -3.566160229583628549e+00 3.055064083768102012e-01
2.305108863972506242e+03 -3.553955145724001952e+00 3.044608212203611108e-01
2.311751828998363635e+03 -3.541791833424959623e+00 3.034188125569198258e-01
2.318394794024221028e+03 -3.529670149724490891e+00 3.023803701391930554e-01
2.325037759050078421e+03 -3.517589952149870136e+00 3.013454817618035908e-01
2.331680724075935814e+03 -3.505551098715978142e+00 3.003141352611465864e-01
2.338323689101793207e+03 -3.493553447923635424e+00 2.992863185152468408e-01
2.344966654127650600e+03 -3.481596858757940893e+00 2.982620194436162442e-01
2.351609619153507992e+03 -3.469681190686611849e+00 2.972412260071118362e-01
2.358252584179365385e+03 -3.457806303658335967e+00 2.962239262077944746e-01
2.364895549205222778e+03 -3.445972058101118840e+00 2.952101080887873374e-01
2.371538514231080171e+03 -3.434178314920651953e+00 2.941997597341359794e-01
2.378181479256937564e+03 -3.422424935498667775e+00 2.931928692686675553e-01
2.384824444282794957e+03 -3.410711781691321942e+00 2.921894248578523201e-01
2.391467409308652350e+03 -3.399038715827558566e+00 2.911894147076632411e-01
2.398110374334509288e+03 -3.387405600707500852e+00 2.901928270644383856e-01
2.404753339360366681e+03 -3.375812299600831512e+00 2.891996502147423098e-01
2.411396304386224529e+03 -3.364258676245191371e+00 2.882098724852283911e-01
2.418039269412081467e+03 -3.352744594844574433e+00 2.872234822425018819e-01
2.424682234437938860e+03 -3.341269920067734489e+00 2.862404678929829638e-01
2.431325199463796253e+03 -3.329834517046589504e+00 2.852608178827703567e-01
2.437968164489653645e+03 -3.318438251374641990e+00 2.842845206975058714e-01
2.444611129515511038e+03 -3.307080989105397606e+00 2.833115648622389626e-01
2.451254094541368431e+03 -3.295762596750788642e+00 2.823419389412915037e-01
2.457897059567225824e+03 -3.284482941279606383e+00 2.813756315381238382e-01
2.464540024593083217e+03 -3.273241890115940134e+00 2.804126312952007760e-01
2.471182989618940610e+03 -3.262039311137614028e+00 2.794529268938577005e-01
2.477825954644798003e+03 -3.250875072674638044e+00 2.784965070541680632e-01
2.484468919670655396e+03 -3.239749043507658577e+00 2.775433605348103239e-01
2.491111884696512334e+03 -3.228661092866416116e+00 2.765934761329362224e-01
2.497754849722370182e+03 -3.217611090428210474e+00 2.756468426840388841e-01
2.504397814748227574e+03 -3.206598906316365571e+00 2.747034490618217029e-01
2.511040779774084513e+03 -3.195624411098707096e+00 2.737632841780675008e-01
2.517683744799941906e+03 -3.184687475786034838e+00 2.728263369825080220e-01
2.524326709825799753e+03 -3.173787971830613674e+00 2.718925964626945357e-01
2.530969674851657146e+03 -3.162925771124658336e+00 2.709620516438679960e-01
2.537612639877514084e+03 -3.152100745998830611e+00 2.700346915888301447e-01
2.544255604903371477e+03 -3.141312769220734324e+00 2.691105053978150030e-01
2.550898569929228870e+03 -3.130561713993425865e+00 2.681894822083608076e-01
2.557541534955086263e+03 -3.119847453953915828e+00 2.672716111951820017e-01
2.564184499980943656e+03 -3.109169863171695081e+00 2.663568815700427805e-01
2.570827465006801049e+03 -3.098528816147243070e+00 2.654452825816291939e-01
2.577470430032658442e+03 -3.087924187810560106e+00 2.645368035154238018e-01
2.584113395058515835e+03 -3.077355853519693429e+00 2.636314336935789981e-01
2.590756360084373227e+03 -3.066823689059277935e+00 2.627291624747922216e-01
2.597399325110230620e+03 -3.056327570639067126e+00 2.618299792541799453e-01
2.604042290136087558e+03 -3.045867374892487600e+00 2.609338734631541090e-01
2.610685255161945406e+03 -3.035442978875180220e+00 2.600408345692968859e-01
2.617328220187802799e+03 -3.025054260063562594e+00 2.591508520762375589e-01
2.623971185213660192e+03 -3.014701096353385790e+00 2.582639155235290085e-01
2.630614150239517130e+03 -3.004383366058299032e+00 2.573800144865246442e-01
2.637257115265374523e+03 -2.994100947908418853e+00 2.564991385762560028e-01
2.643900080291232371e+03 -2.983853721048904450e+00 2.556212774393103460e-01
2.650543045317089309e+03 -2.973641565038540158e+00 2.547464207577095907e-01
2.657186010342946702e+03 -2.963464359848313467e+00 2.538745582487883512e-01
2.663828975368804095e+03 -2.953321985860009491e+00 2.530056796650734241e-01
2.670471940394661488e+03 -2.943214323864802306e+00 2.521397747941632739e-01
2.677114905420518880e+03 -2.933141255061859187e+00 2.512768334586083507e-01
2.683757870446376273e+03 -2.923102661056933282e+00 2.504168455157906870e-01
2.690400835472233666e+03 -2.913098423860984720e+00 2.495598008578054638e-01
2.697043800498091059e+03 -2.903128425888782171e+00 2.487056894113415795e-01
2.703686765523948452e+03 -2.893192549957534165e+00 2.478545011375641038e-01
2.710329730549805845e+03 -2.883290679285496427e+00 2.470062260319951242e-01
2.716972695575663238e+03 -2.873422697490610744e+00 2.461608541243971160e-01
2.723615660601520176e+03 -2.863588488589133174e+00 2.453183754786553705e-01
2.730258625627378024e+03 -2.853787936994270247e+00 2.444787801926612547e-01
2.736901590653235417e+03 -2.844020927514821828e+00 2.436420583981958043e-01
2.743544555679092355e+03 -2.834287345353825760e+00 2.428082002608137613e-01
2.750187520704949748e+03 -2.824587076107209160e+00 2.419771959797279715e-01
2.756830485730807595e+03 -2.814920005762445054e+00 2.411490357876942825e-01
2.763473450756664533e+03 -2.805286020697209448e+00 2.403237099508965524e-01
2.770116415782521926e+03 -2.795685007678050837e+00 2.395012087688325464e-01
2.776759380808379319e+03 -2.786116853859051723e+00 2.386815225741994451e-01
2.783402345834237167e+03 -2.776581446780510110e+00 2.378646417327807960e-01
2.790045310860094105e+03 -2.767078674367612567e+00 2.370505566433327715e-01
2.796688275885951498e+03 -2.757608424929119284e+00 2.362392577374716474e-01
2.803331240911808891e+03 -2.748170587156050004e+00 2.354307354795612262e-01
2.809974205937666284e+03 -2.738765050120377520e+00 2.346249803666007328e-01
2.816617170963523677e+03 -2.729391703273720715e+00 2.338219829281130702e-01
2.823260135989381070e+03 -2.720050436446050046e+00 2.330217337260337973e-01
2.829903101015238462e+03 -2.710741139844387249e+00 2.322242233545997736e-01
2.836546066041095401e+03 -2.701463704051518810e+00 2.314294424402389416e-01
2.843189031066953248e+03 -2.692218020024709002e+00 2.306373816414600542e-01
2.849831996092810641e+03 -2.683003979094416458e+00 2.298480316487427622e-01
2.856474961118667579e+03 -2.673821472963020529e+00 2.290613831844284243e-01
2.863117926144524972e+03 -2.664670393703542750e+00 2.282774270026106944e-01
2.869760891170382820e+03 -2.655550633758385182e+00 2.274961538890273860e-01
2.876403856196240213e+03 -2.646462085938062092e+00 2.267175546609517811e-01
2.883046821222097151e+03 -2.637404643419938743e+00 2.259416201670845781e-01
2.889689786247954544e+03 -2.628378199746979504e+00 2.251683412874467549e-01
2.896332751273811937e+03 -2.619382648826495075e+00 2.243977089332721553e-01
2.902975716299669330e+03 -2.610417884928895038e+00 2.236297140469005740e-01
2.909618681325526723e+03 -2.601483802686446634e+00 2.228643476016715919e-01
2.916261646351384115e+03 -2.592580297092033081e+00 2.221016006018179945e-01
2.922904611377241508e+03 -2.583707263497923901e+00 2.213414640823606061e-01
2.929547576403098901e+03 -2.574864597614540340e+00 2.205839291090024024e-01
2.936190541428956294e+03 -2.566052195509235023e+00 2.198289867780240936e-01
2.942833506454813687e+03 -2.557269953605063595e+00 2.190766282161787093e-01
2.949476471480671080e+03 -2.548517768679573692e+00 2.183268445805880420e-01
2.956119436506528473e+03 -2.539795537863586805e+00 2.175796270586381476e-01
2.962762401532385866e+03 -2.531103158639992134e+00 2.168349668678761499e-01
2.969405366558243259e+03 -2.522440528842543106e+00 2.160928552559069904e-01
2.976048331584100197e+03 -2.513807546654650338e+00 2.153532835002901769e-01
2.982691296609957590e+03 -2.505204110608191481e+00 2.146162429084376433e-01
2.989334261635815437e+03 -2.496630119582314844e+00 2.138817248175114705e-01
2.995977226661672375e+03 -2.488085472802255005e+00 2.131497205943223006e-01
3.002620191687529768e+03 -2.479570069838140434e+00 2.124202216352271133e-01
3.009263156713387161e+03 -2.471083810603821984e+00 2.116932193660290562e-01
3.015906121739245009e+03 -2.462626595355690284e+00 2.109687052418759701e-01
3.022549086765101947e+03 -2.454198324691508670e+00 2.102466707471605245e-01
3.029192051790959340e+03 -2.445798899549238126e+00 2.095271073954194374e-01
3.035835016816816733e+03 -2.437428221205879098e+00 2.088100067292343598e-01
3.042477981842674126e+03 -2.429086191276308870e+00 2.080953603201322055e-01
3.049120946868531519e+03 -2.420772711712123826e+00 2.073831597684860084e-01
3.055763911894388912e+03 -2.412487684800488807e+00 2.066733967034163344e-01
3.062406876920246305e+03 -2.404231013162989150e+00 2.059660627826929435e-01
3.069049841946103243e+03 -2.396002599754482709e+00 2.052611496926364520e-01
3.075692806971961090e+03 -2.387802347861964769e+00 2.045586491480210489e-01
3.082335771997818483e+03 -2.379630161103426289e+00 2.038585528919767409e-01
3.088978737023675421e+03 -2.371485943426723253e+00 2.031608526958924577e-01
3.095621702049532814e+03 -2.363369599108447350e+00 2.024655403593193237e-01
3.102264667075390662e+03 -2.355281032752801096e+00 2.017726077098742632e-01
3.108907632101248055e+03 -2.347220149290476510e+00 2.010820466031439657e-01
3.115550597127104993e+03 -2.339186853977539560e+00 2.003938489225893238e-01
3.122193562152962386e+03 -2.331181052394310171e+00 1.997080065794494819e-01
3.128836527178820234e+03 -2.323202650444261774e+00 1.990245115126474951e-01
3.135479492204677172e+03 -2.315251554352907970e+00 1.983433556886950722e-01
3.142122457230534565e+03 -2.307327670666703412e+00 1.976645311015983175e-01
3.148765422256391957e+03 -2.299430906251945128e+00 1.969880297727636675e-01
3.155408387282249350e+03 -2.291561168293678286e+00 1.963138437509041045e-01
3.162051352308106743e+03 -2.283718364294603287e+00 1.956419651119455927e-01
3.168694317333964136e+03 -2.275902402073990860e+00 1.949723859589340136e-01
3.175337282359821529e+03 -2.268113189766597593e+00 1.943050984219424349e-01
3.181980247385678467e+03 -2.260350635821586796e+00 1.936400946579785454e-01
3.188623212411536315e+03 -2.252614649001451141e+00 1.929773668508923401e-01
3.195266177437393708e+03 -2.244905138380941523e+00 1.923169072112844713e-01
3.201909142463251101e+03 -2.237222013345998572e+00 1.916587079764145718e-01
3.208552107489108039e+03 -2.229565183592685962e+00 1.910027614101100224e-01
3.215195072514965887e+03 -2.221934559126130804e+00 1.903490598026750524e-01
3.221838037540823279e+03 -2.214330050259464500e+00 1.896975954708000622e-01
3.228481002566680218e+03 -2.206751567612771581e+00 1.890483607574715841e-01
3.235123967592537610e+03 -2.199199022112032331e+00 1.884013480318816602e-01
3.241766932618395003e+03 -2.191672324988085840e+00 1.877565496893390529e-01
3.248409897644252396e+03 -2.184171387775577067e+00 1.871139581511789551e-01
3.255052862670109334e+03 -2.176696122311922998e+00 1.864735658646745342e-01
3.261695827695967637e+03 -2.169246440736273929e+00 1.858353653029478914e-01
3.268338792721825030e+03 -2.161822255488481836e+00 1.851993489648817159e-01
3.274981757747681968e+03 -2.154423479308071876e+00 1.845655093750310782e-01
3.281624722773539361e+03 -2.147050025233213866e+00 1.839338390835354442e-01
3.288267687799396754e+03 -2.139701806599704437e+00 1.833043306660314120e-01
3.294910652825254147e+03 -2.132378737039942518e+00 1.826769767235649211e-01
3.301553617851111085e+03 -2.125080730481921254e+00 1.820517698825050157e-01
3.308196582876968478e+03 -2.117807701148211486e+00 1.814287027944565811e-01
3.314839547902826325e+03 -2.110559563554953666e+00 1.808077681361740796e-01
3.321482512928683718e+03 -2.103336232510857329e+00 1.801889586094758688e-01
3.328125477954541111e+03 -2.096137623116195670e+00 1.795722669411580485e-01
3.334768442980398504e+03 -2.088963650761806790e+00 1.789576858829088069e-01
3.341411408006255442e+03 -2.081814231128103376e+00 1.783452082112236825e-01
3.348054373032112835e+03 -2.074689280184079276e+00 1.777348267273205218e-01
3.354697338057970228e+03 -2.067588714186322729e+00 1.771265342570547130e-01
3.361340303083827621e+03 -2.060512449678029157e+00 1.765203236508348372e-01
3.367983268109685014e+03 -2.053460403488025943e+00 1.759161877835390408e-01
3.374626233135542861e+03 -2.046432492729787000e+00 1.753141195544306308e-01
3.381269198161400254e+03 -2.039428634800469542e+00 1.747141118870754739e-01
3.387912163187257192e+03 -2.032448747379930865e+00 1.741161577292578699e-01
3.394555128213114585e+03 -2.025492748429769563e+00 1.735202500528984226e-01
3.401198093238971978e+03 -2.018560556192356970e+00 1.729263818539709952e-01
3.407841058264829371e+03 -2.011652089189879256e+00 1.723345461524206090e-01
3.414484023290686309e+03 -2.004767266223376421e+00 1.717447359920812877e-01
3.421126988316543702e+03 -1.997906006371791499e+00 1.711569444405944274e-01
3.427769953342401095e+03 -1.991068228991015321e+00 1.705711645893270290e-01
3.434412918368258943e+03 -1.984253853712942828e+00 1.699873895532909573e-01
3.441055883394116336e+03 -1.977462800444526936e+00 1.694056124710616451e-01
3.447698848419973729e+03 -1.970694989366834404e+00 1.688258265046974627e-01
3.454341813445831121e+03 -1.963950340934113026e+00 1.682480248396596711e-01
3.460984778471688060e+03 -1.957228775872851045e+00 1.676722006847318480e-01
3.467627743497545453e+03 -1.950530215180850124e+00 1.670983472719405338e-01
3.474270708523402845e+03 -1.943854580126293641e+00 1.665264578564752962e-01
3.480913673549260238e+03 -1.937201792246822984e+00 1.659565257166097929e-01
3.487556638575117177e+03 -1.930571773348614517e+00 1.653885441536225021e-01
3.494199603600975479e+03 -1.923964445505460086e+00 1.648225064917180349e-01
3.500842568626832417e+03 -1.917379731057853753e+00 1.642584060779489208e-01
3.507485533652689810e+03 -1.910817552612076753e+00 1.636962362821371697e-01
3.514128498678547203e+03 -1.904277833039285328e+00 1.631359904967961405e-01
3.520771463704404596e+03 -1.897760495474610565e+00 1.625776621370534358e-01
3.527414428730261989e+03 -1.891265463316249562e+00 1.620212446405730755e-01
3.534057393756118927e+03 -1.884792660224568150e+00 1.614667314674785581e-01
3.540700358781976320e+03 -1.878342010121200056e+00 1.609141161002757281e-01
3.547343323807834167e+03 -1.871913437188157836e+00 1.603633920437766147e-01
3.553986288833691560e+03 -1.865506865866938702e+00 1.598145528250228264e-01
3.560629253859548953e+03 -1.859122220857635233e+00 1.592675919932093342e-01
3.567272218885406346e+03 -1.852759427118052749e+00 1.587225031196089209e-01
3.573915183911263284e+03 -1.846418409862826682e+00 1.581792797974965470e-01
3.580558148937120677e+03 -1.840099094562542170e+00 1.576379156420738559e-01
3.587201113962978070e+03 -1.833801406942860979e+00 1.570984042903944555e-01
3.593844078988835463e+03 -1.827525272983644866e+00 1.565607394012888676e-01
3.600487044014692401e+03 -1.821270618918089390e+00 1.560249146552901978e-01
3.607130009040550704e+03 -1.815037371231852159e+00 1.554909237545594736e-01
3.613772974066408096e+03 -1.808825456662195519e+00 1.549587604228123416e-01
3.620415939092265035e+03 -1.802634802197118580e+00 1.544284184052445164e-01
3.627058904118122427e+03 -1.796465335074501901e+00 1.538998914684586439e-01
3.633701869143979820e+03 -1.790316982781255062e+00 1.533731734003912217e-01
3.640344834169837213e+03 -1.784189673052457792e+00 1.528482580102390187e-01
3.646987799195694151e+03 -1.778083333870518645e+00 1.523251391283870215e-01
3.653630764221551544e+03 -1.771997893464321017e+00 1.518038106063352988e-01
3.660273729247408937e+03 -1.765933280308384701e+00 1.512842663166270307e-01
3.666916694273266785e+03 -1.759889423122022567e+00 1.507665001527764836e-01
3.673559659299124178e+03 -1.753866250868506116e+00 1.502505060291973726e-01
3.680202624324981571e+03 -1.747863692754224152e+00 1.497362778811308359e-01
3.686845589350838964e+03 -1.741881678227858110e+00 1.492238096645747414e-01
3.693488554376695902e+03 -1.735920136979546724e+00 1.487130953562121882e-01
3.700131519402553295e+03 -1.729978998940064239e+00 1.482041289533410910e-01
3.706774484428410688e+03 -1.724058194279993961e+00 1.476969044738033476e-01
3.713417449454268080e+03 -1.718157653408909136e+00 1.471914159559147006e-01
3.720060414480125928e+03 -1.712277306974552271e+00 1.466876574583943771e-01
3.726703379505983321e+03 -1.706417085862025562e+00 1.461856230602958384e-01
3.733346344531840259e+03 -1.700576921192972213e+00 1.456853068609365309e-01
3.739989309557697652e+03 -1.694756744324770859e+00 1.451867029798289133e-01
3.746632274583555045e+03 -1.688956486849726657e+00 1.446898055566112340e-01
3.753275239609412438e+03 -1.683176080594269930e+00 1.441946087509787533e-01
3.759918204635269376e+03 -1.677415457618151029e+00 1.437011067426148259e-01
3.766561169661126769e+03 -1.671674550213646082e+00 1.432092937311229552e-01
3.773204134686984162e+03 -1.665953290904756967e+00 1.427191639359580155e-01
3.779847099712842009e+03 -1.660251612446421721e+00 1.422307115963589164e-01
3.786490064738699402e+03 -1.654569447823723172e+00 1.417439309712805184e-01
3.793133029764556795e+03 -1.648906730251098685e+00 1.412588163393261598e-01
3.799775994790414188e+03 -1.643263393171559450e+00 1.407753619986806259e-01
3.806418959816271126e+03 -1.637639370255905114e+00 1.402935622670429261e-01
3.813061924842128519e+03 -1.632034595401945953e+00 1.398134114815596518e-01
3.819704889867985912e+03 -1.626449002733723725e+00 1.393349039987583082e-01
3.826347854893843305e+03 -1.620882526600740503e+00 1.388580341944810337e-01
3.832990819919700243e+03 -1.615335101577184629e+00 1.383827964638185137e-01
3.839633784945558546e+03 -1.609806662461161331e+00 1.379091852210440061e-01
3.846276749971415938e+03 -1.604297144273929998e+00 1.374371948995479209e-01
3.852919714997272877e+03 -1.598806482259136574e+00 1.369668199517721230e-01
3.859562680023130270e+03 -1.593334611882053276e+00 1.364980548491448176e-01
3.866205645048987662e+03 -1.587881468828821641e+00 1.360308940820156576e-01
3.872848610074845055e+03 -1.582446989005694915e+00 1.355653321595909067e-01
3.879491575100701994e+03 -1.577031108538286208e+00 1.351013636098689075e-01
3.886134540126559386e+03 -1.571633763770815984e+00 1.346389829795757720e-01
3.892777505152417234e+03 -1.566254891265365545e+00 1.341781848341012939e-01
3.899420470178274627e+03 -1.560894427801130080e+00 1.337189637574350831e-01
3.906063435204132020e+03 -1.555552310373677916e+00 1.332613143521029220e-01
3.912706400229989413e+03 -1.550228476194206007e+00 1.328052312391032608e-01
3.919349365255846806e+03 -1.544922862688805631e+00 1.323507090578439904e-01
3.925992330281703744e+03 -1.539635407497725872e+00 1.318977424660796316e-01
3.932635295307561137e+03 -1.534366048474638422e+00 1.314463261398481631e-01
3.939278260333418530e+03 -1.529114723685911059e+00 1.309964547734089046e-01
3.945921225359275923e+03 -1.523881371409876895e+00 1.305481230791797620e-01
3.952564190385133770e+03 -1.518665930136109843e+00 1.301013257876753315e-01
3.959207155410991163e+03 -1.513468338564701421e+00 1.296560576474448667e-01
3.965850120436848101e+03 -1.508288535605540881e+00 1.292123134250105498e-01
3.972493085462705494e+03 -1.503126460377596452e+00 1.287700879048060687e-01
3.979136050488562887e+03 -1.497982052208199466e+00 1.283293758891150826e-01
3.985779015514420280e+03 -1.492855250632331598e+00 1.278901721980103823e-01
3.992421980540277218e+03 -1.487745995391916098e+00 1.274524716692929660e-01
3.999064945566134611e+03 -1.482654226435106803e+00 1.270162691584313108e-01
4.005707910591992004e+03 -1.477579883915581815e+00 1.265815595385007541e-01
4.012350875617849852e+03 -1.472522908191843616e+00 1.261483377001235140e-01
4.018993840643707244e+03 -1.467483239826516073e+00 1.257165985514085982e-01
4.025636805669564637e+03 -1.462460819585645888e+00 1.252863370178917968e-01
4.032279770695422030e+03 -1.457455588438004268e+00 1.248575480424760076e-01
4.038922735721278968e+03 -1.452467487554396808e+00 1.244302265853719780e-01
4.045565700747136361e+03 -1.447496458306970712e+00 1.240043676240390746e-01
4.052208665772993754e+03 -1.442542442268524905e+00 1.235799661531260807e-01
4.058851630798851147e+03 -1.437605381211823019e+00 1.231570171844124373e-01
4.065494595824708995e+03 -1.432685217108910392e+00 1.227355157467496516e-01
4.072137560850566388e+03 -1.427781892130433494e+00 1.223154568860030378e-01
4.078780525876423781e+03 -1.422895348644954039e+00 1.218968356649929446e-01
4.085423490902280719e+03 -1.418025529218279068e+00 1.214796471634373709e-01
4.092066455928138112e+03 -1.413172376612780612e+00 1.210638864778936646e-01
4.098709420953995505e+03 -1.408335833786726665e+00 1.206495487217012358e-01
4.105352385979852443e+03 -1.403515843893607951e+00 1.202366290249238523e-01
4.111995351005710290e+03 -1.398712350281470229e+00 1.198251225342924775e-01
4.118638316031567228e+03 -1.393925296492249943e+00 1.194150244131483019e-01
4.125281281057425076e+03 -1.389154626261109193e+00 1.190063298413858578e-01
4.131924246083282924e+03 -1.384400283515775820e+00 1.185990340153963568e-01
4.138567211109139862e+03 -1.379662212375881936e+00 1.181931321480111652e-01
4.145210176134996800e+03 -1.374940357152310000e+00 1.177886194684456822e-01
4.151853141160854648e+03 -1.370234662346537124e+00 1.173854912222432045e-01
4.158496106186711586e+03 -1.365545072649980707e+00 1.169837426712188599e-01
4.165139071212568524e+03 -1.360871532943351836e+00 1.165833690934042488e-01
4.171782036238426372e+03 -1.356213988296005812e+00 1.161843657829917248e-01
4.178425001264283310e+03 -1.351572383965296442e+00 1.157867280502791890e-01
4.185067966290141158e+03 -1.346946665395930776e+00 1.153904512216147038e-01
4.191710931315999005e+03 -1.342336778219333615e+00 1.149955306393421195e-01
4.198353896341855943e+03 -1.337742668253001588e+00 1.146019616617457021e-01
4.204996861367713791e+03 -1.333164281499871651e+00 1.142097396629960793e-01
4.211639826393570729e+03 -1.328601564147681602e+00 1.138188600330954231e-01
4.218282791419427667e+03 -1.324054462568342139e+00 1.134293181778236181e-01
4.224925756445285515e+03 -1.319522923317304475e+00 1.130411095186841797e-01
4.231568721471142453e+03 -1.315006893132932175e+00 1.126542294928503524e-01
4.238211686497000301e+03 -1.310506318935873882e+00 1.122686735531114588e-01
4.244854651522858148e+03 -1.306021147828443585e+00 1.118844371678196919e-01
4.251497616548715087e+03 -1.301551327093994237e+00 1.115015158208365609e-01
4.258140581574572025e+03 -1.297096804196299802e+00 1.111199050114799192e-01
4.264783546600429872e+03 -1.292657526778939081e+00 1.107396002544711461e-01
4.271426511626286810e+03 -1.288233442664679096e+00 1.103605970798823555e-01
4.278069476652144658e+03 -1.283824499854861578e+00 1.099828910330838405e-01
4.284712441678001596e+03 -1.279430646528792792e+00 1.096064776746917824e-01
4.291355406703858534e+03 -1.275051831043132688e+00 1.092313525805159169e-01
4.297998371729716382e+03 -1.270688001931290056e+00 1.088575113415077428e-01
4.304641336755574230e+03 -1.266339107902818117e+00 1.084849495637087297e-01
4.311284301781431168e+03 -1.262005097842807011e+00 1.081136628681982625e-01
4.317927266807289016e+03 -1.257685920811288494e+00 1.077436468910426548e-01
4.324570231833145954e+03 -1.253381526042634642e+00 1.073748972832436616e-01
4.331213196859002892e+03 -1.249091862944961440e+00 1.070074097106873123e-01
4.337856161884860740e+03 -1.244816881099533035e+00 1.066411798540929518e-01
4.344499126910717678e+03 -1.240556530260171986e+00 1.062762034089626967e-01
4.351142091936575525e+03 -1.236310760352665961e+00 1.059124760855305880e-01
4.357785056962433373e+03 -1.232079521474180872e+00 1.055499936087123114e-01
4.364428021988290311e+03 -1.227862763892673348e+00 1.051887517180549042e-01
4.371070987014147249e+03 -1.223660438046306087e+00 1.048287461676866289e-01
4.377713952040005097e+03 -1.219472494542867214e+00 1.044699727262672628e-01
4.384356917065862035e+03 -1.215298884159187409e+00 1.041124271769381243e-01
4.390999882091719883e+03 -1.211139557840561265e+00 1.037561053172725706e-01
4.397642847117576821e+03 -1.206994466700173518e+00 1.034010029592267316e-01
4.404285812143433759e+03 -1.202863562018521959e+00 1.030471159290902161e-01
4.410928777169292516e+03 -1.198746795242845220e+00 1.026944400674369567e-01
4.417571742195149454e+03 -1.194644117986553011e+00 1.023429712290764987e-01
4.424214707221006393e+03 -1.190555482028656575e+00 1.019927052830051223e-01
4.430857672246864240e+03 -1.186480839313202473e+00 1.016436381123574234e-01
4.437500637272721178e+03 -1.182420141948706371e+00 1.012957656143577273e-01
4.444143602298578116e+03 -1.178373342207591712e+00 1.009490837002720853e-01
4.450786567324435964e+03 -1.174340392525629273e+00 1.006035882953601746e-01
4.457429532350292902e+03 -1.170321245501375840e+00 1.002592753388272806e-01
4.464072497376150750e+03 -1.166315853895619314e+00 9.991614078377668295e-02
4.470715462402008598e+03 -1.162324170630820497e+00 9.957418059716192926e-02
4.477358427427865536e+03 -1.158346148790564634e+00 9.923339075973980350e-02
4.484001392453722474e+03 -1.154381741619005641e+00 9.889376726602266965e-02
4.490644357479580322e+03 -1.150430902520317433e+00 9.855530612423156478e-02
4.497287322505437260e+03 -1.146493585058147469e+00 9.821800335624930600e-02
4.503930287531295107e+03 -1.142569742955070522e+00 9.788185499757369457e-02
4.510573252557152045e+03 -1.138659330092045119e+00 9.754685709727103915e-02
4.517216217583008984e+03 -1.134762300507868860e+00 9.721300571792937384e-02
4.523859182608866831e+03 -1.130878608398642626e+00 9.688029693561266142e-02
4.530502147634724679e+03 -1.127008208117228127e+00 9.654872683981424730e-02
4.537145112660581617e+03 -1.123151054172715213e+00 9.621829153341127094e-02
4.543788077686439465e+03 -1.119307101229882528e+00 9.588898713261842510e-02
4.550431042712296403e+03 -1.115476304108669048e+00 9.556080976694274198e-02
4.557074007738153341e+03 -1.111658617783640945e+00 9.523375557913785205e-02
4.563716972764011189e+03 -1.107853997383462463e+00 9.490782072515867307e-02
4.570359937789868127e+03 -1.104062398190368111e+00 9.458300137411625175e-02
4.577002902815725975e+03 -1.100283775639639083e+00 9.425929370823281361e-02
4.583645867841583822e+03 -1.096518085319077018e+00 9.393669392279677122e-02
4.590288832867440760e+03 -1.092765282968483742e+00 9.361519822611809316e-02
4.596931797893298608e+03 -1.089025324479139911e+00 9.329480283948364538e-02
4.603574762919155546e+03 -1.085298165893287425e+00 9.297550399711292102e-02
4.610217727945012484e+03 -1.081583763403612508e+00 9.265729794611364534e-02
4.616860692970870332e+03 -1.077882073352729453e+00 9.234018094643764440e-02
4.623503657996727270e+03 -1.074193052232670587e+00 9.202414927083708840e-02
4.630146623022584208e+03 -1.070516656684371570e+00 9.170919920482042964e-02
4.636789588048442056e+03 -1.066852843497164249e+00 9.139532704660896512e-02
4.643432553074299904e+03 -1.063201569608267283e+00 9.108252910709317696e-02
4.650075518100156842e+03 -1.059562792102280548e+00 9.077080170978940599e-02
4.656718483126014689e+03 -1.055936468210680879e+00 9.046014119079667792e-02
4.663361448151871627e+03 -1.052322555311319574e+00 9.015054389875369611e-02
4.670004413177729475e+03 -1.048721010927919473e+00 8.984200619479563998e-02
4.676647378203586413e+03 -1.045131792729579123e+00 8.953452445251182390e-02
4.683290343229443351e+03 -1.041554858530272520e+00 8.922809505790273155e-02
4.689933308255301199e+03 -1.037990166288354388e+00 8.892271440933768867e-02
4.696576273281158137e+03 -1.034437674106065685e+00 8.861837891751252194e-02
4.703219238307015985e+03 -1.030897340229040671e+00 8.831508500540724560e-02
4.709862203332873833e+03 -1.027369123045818844e+00 8.801282910824434480e-02
4.716505168358730771e+03 -1.023852981087352010e+00 8.771160767344649001e-02
4.723148133384587709e+03 -1.020348873026518444e+00 8.741141716059494526e-02
4.729791098410445557e+03 -1.016856757677638168e+00 8.711225404138801809e-02
4.736434063436302495e+03 -1.013376593995987562e+00 8.681411479959948163e-02
4.743077028462160342e+03 -1.009908341077318861e+00 8.651699593103744090e-02
4.749719993488017280e+03 -1.006451958157375426e+00 8.622089394350275493e-02
4.756362958513875128e+03 -1.003007404611416353e+00 8.592580535674834707e-02
4.763005923539732066e+03 -9.995746399537395188e-01 8.563172670243837659e-02
4.769648888565589914e+03 -9.961536238372012964e-01 8.533865452410700769e-02
4.776291853591446852e+03 -9.927443160527463784e-01 8.504658537711819177e-02
4.782934818617304700e+03 -9.893466765289338216e-01 8.475551582862506095e-02
4.789577783643161638e+03 -9.859606653314660907e-01 8.446544245752955760e-02
4.796220748669018576e+03 -9.825862426627187673e-01 8.417636185444217489e-02
4.802863713694876424e+03 -9.792233688612747011e-01 8.388827062164201653e-02
4.809506678720733362e+03 -9.758720044014569384e-01 8.360116537303681483e-02
4.816149643746591209e+03 -9.725321098928633168e-01 8.331504273412301820e-02
4.822792608772449057e+03 -9.692036460799047237e-01 8.302989934194630883e-02
4.829435573798305995e+03 -9.658865738413430213e-01 8.274573184506192614e-02
4.836078538824162933e+03 -9.625808541898317472e-01 8.246253690349539256e-02
4.842721503850020781e+03 -9.592864482714575924e-01 8.218031118870317009e-02
4.849364468875877719e+03 -9.560033173652823235e-01 8.189905138353351099e-02
4.856007433901735567e+03 -9.527314228828908105e-01 8.161875418218761391e-02
4.862650398927592505e+03 -9.494707263679351694e-01 8.133941629018066888e-02
4.869293363953449443e+03 -9.462211894956833458e-01 8.106103442430315220e-02
4.875936328979307291e+03 -9.429827740725670315e-01 8.078360531258210742e-02
4.882579294005165139e+03 -9.397554420357373539e-01 8.050712569424303688e-02
4.889222259031022077e+03 -9.365391554526122375e-01 8.023159231967119664e-02
4.895865224056879924e+03 -9.333338765204340914e-01 7.995700195037364066e-02
4.902508189082736862e+03 -9.301395675658223894e-01 7.968335135894094590e-02
4.909151154108593801e+03 -9.269561910443345765e-01 7.941063732900956185e-02
4.915794119134451648e+03 -9.237837095400223131e-01 7.913885665522377155e-02
4.922437084160308586e+03 -9.206220857649924927e-01 7.886800614319816605e-02
4.929080049186166434e+03 -9.174712825589674825e-01 7.859808260947988290e-02
4.935723014212024282e+03 -9.143312628888516924e-01 7.832908288151151088e-02
4.942365979237881220e+03 -9.112019898482937030e-01 7.806100379759360608e-02
4.949008944263738158e+03 -9.080834266572512803e-01 7.779384220684737450e-02
4.955651909289596006e+03 -9.049755366615631624e-01 7.752759496917803472e-02
4.962294874315452944e+03 -9.018782833325148518e-01 7.726225895523758380e-02
4.968937839341310791e+03 -8.987916302664110679e-01 7.699783104638820153e-02
4.975580804367167730e+03 -8.957155411841455361e-01 7.673430813466536327e-02
4.982223769393024668e+03 -8.926499799307778815e-01 7.647168712274161895e-02
4.988866734418883425e+03 -8.895949104751063041e-01 7.620996492388996957e-02
4.995509699444740363e+03 -8.865502969092460273e-01 7.594913846194777107e-02
5.002152664470597301e+03 -8.835161034482033049e-01 7.568920467128022189e-02
5.008795629496455149e+03 -8.804922944294601983e-01 7.543016049674478030e-02
5.015438594522312087e+03 -8.774788343125514700e-01 7.517200289365495725e-02
5.022081559548169025e+03 -8.744756876786488053e-01 7.491472882774467823e-02
5.028724524574026873e+03 -8.714828192301427023e-01 7.465833527513245083e-02
5.035367489599883811e+03 -8.685001937902298019e-01 7.440281922228603184e-02
5.042010454625741659e+03 -8.655277763024979976e-01 7.414817766598685855e-02
5.048653419651599506e+03 -8.625655318305149866e-01 7.389440761329485463e-02
5.055296384677456444e+03 -8.596134255574172656e-01 7.364150608151313893e-02
5.061939349703314292e+03 -8.566714227855011243e-01 7.338947009815305345e-02
5.068582314729171230e+03 -8.537394889358146388e-01 7.313829670089920520e-02
5.075225279755028168e+03 -8.508175895477523287e-01 7.288798293757467461e-02
5.081868244780886016e+03 -8.479056902786473726e-01 7.263852586610619610e-02
5.088511209806742954e+03 -8.450037569033709284e-01 7.238992255448971347e-02
5.095154174832599892e+03 -8.421117553139290113e-01 7.214217008075590742e-02
5.101797139858457740e+03 -8.392296515190609263e-01 7.189526553293582034e-02
5.108440104884315588e+03 -8.363574116438389217e-01 7.164920600902649483e-02
5.115083069910172526e+03 -8.334950019292737267e-01 7.140398861695720911e-02
5.121726034936030374e+03 -8.306423887319138721e-01 7.115961047455517108e-02
5.128368999961887312e+03 -8.277995385234510062e-01 7.091606870951165653e-02
5.135011964987744250e+03 -8.249664178903275413e-01 7.067336045934846656e-02
5.141654930013602097e+03 -8.221429935333424144e-01 7.043148287138410735e-02
5.148297895039459036e+03 -8.193292322672608430e-01 7.019043310270034475e-02
5.154940860065316883e+03 -8.165251010204220838e-01 6.995020832010864775e-02
5.161583825091174731e+03 -8.137305668343535192e-01 6.971080570011708999e-02
5.168226790117031669e+03 -8.109455968633820788e-01 6.947222242889708466e-02
5.174869755142889517e+03 -8.081701583742477712e-01 6.923445570225025825e-02
5.181512720168746455e+03 -8.054042187457185475e-01 6.899750272557547692e-02
5.188155685194603393e+03 -8.026477454682084955e-01 6.876136071383612269e-02
5.194798650220461241e+03 -7.999007061433944799e-01 6.852602689152725857e-02
5.201441615246318179e+03 -7.971630684838366676e-01 6.829149849264309902e-02
5.208084580272175117e+03 -7.944348003125961677e-01 6.805777276064430004e-02
5.214727545298032965e+03 -7.917158695628605525e-01 6.782484694842581818e-02
5.221370510323890812e+03 -7.890062442775642726e-01 6.759271831828445043e-02
5.228013475349747750e+03 -7.863058926090145118e-01 6.736138414188676260e-02
5.234656440375605598e+03 -7.836147828185155984e-01 6.713084170023685127e-02
5.241299405401462536e+03 -7.809328832759973027e-01 6.690108828364461913e-02
5.247942370427320384e+03 -7.782601624596421352e-01 6.667212119169375895e-02
5.254585335453177322e+03 -7.755965889555157533e-01 6.644393773321008445e-02
5.261228300479034260e+03 -7.729421314571954804e-01 6.621653522622980570e-02
5.267871265504892108e+03 -7.702967587654058201e-01 6.598991099796815141e-02
5.274514230530749046e+03 -7.676604397876489738e-01 6.576406238478788024e-02
5.281157195556606894e+03 -7.650331435378407985e-01 6.553898673216795867e-02
5.287800160582464741e+03 -7.624148391359459875e-01 6.531468139467237755e-02
5.294443125608321679e+03 -7.598054958076150278e-01 6.509114373591903813e-02
5.301086090634178618e+03 -7.572050828838237102e-01 6.486837112854887399e-02
5.307729055660036465e+03 -7.546135698005099757e-01 6.464636095419472317e-02
5.314372020685893403e+03 -7.520309260982180888e-01 6.442511060345086638e-02
5.321014985711751251e+03 -7.494571214217382593e-01 6.420461747584212120e-02
5.327657950737608189e+03 -7.468921255197510378e-01 6.398487897979343586e-02
5.334300915763466037e+03 -7.443359082444698238e-01 6.376589253259919154e-02
5.340943880789322975e+03 -7.417884395512899243e-01 6.354765556039319863e-02
5.347586845815180823e+03 -7.392496894984323941e-01 6.333016549811815166e-02
5.354229810841037761e+03 -7.367196282465938717e-01 6.311341978949563947e-02
5.360872775866895608e+03 -7.341982260585935283e-01 6.289741588699590547e-02
5.367515740892752547e+03 -7.316854532990272331e-01 6.268215125180821856e-02
5.374158705918609485e+03 -7.291812804339161680e-01 6.246762335381074449e-02
5.380801670944467332e+03 -7.266856780303613261e-01 6.225382967154100694e-02
5.387444635970324271e+03 -7.241986167561956789e-01 6.204076769216603643e-02
5.394087600996182118e+03 -7.217200673796421162e-01 6.182843491145307430e-02
5.400730566022039966e+03 -7.192500007689685004e-01 6.161682883374004771e-02
5.407373531047896904e+03 -7.167883878921440521e-01 6.140594697190610712e-02
5.414016496073753842e+03 -7.143351998165001771e-01 6.119578684734258700e-02
5.420659461099611690e+03 -7.118904077083892945e-01 6.098634598992375838e-02
5.427302426125468628e+03 -7.094539828328465525e-01 6.077762193797786594e-02
5.433945391151326476e+03 -7.070258965532513207e-01 6.056961223825813034e-02
5.440588356177183414e+03 -7.046061203309909038e-01 6.036231444591392409e-02
5.447231321203040352e+03 -7.021946257251253654e-01 6.015572612446207224e-02
5.453874286228898200e+03 -6.997913843920532395e-01 5.994984484575820866e-02
5.460517251254756047e+03 -6.973963680851782421e-01 5.974466818996820167e-02
5.467160216280612985e+03 -6.950095486545772028e-01 5.954019374553976701e-02
5.473803181306470833e+03 -6.926308980466692189e-01 5.933641910917404616e-02
5.480446146332327771e+03 -6.902603883038862520e-01 5.913334188579746215e-02
5.487089111358184709e+03 -6.878979915643437248e-01 5.893095968853342970e-02
5.493732076384042557e+03 -6.855436800615140047e-01 5.872927013867445395e-02
5.500375041409899495e+03 -6.831974261238996649e-01 5.852827086565406955e-02
5.507018006435757343e+03 -6.808592021747080780e-01 5.832795950701902266e-02
5.513660971461615190e+03 -6.785289807315273425e-01 5.812833370840147368e-02
5.520303936487472129e+03 -6.762067344060037621e-01 5.792939112349138053e-02
5.526946901513329067e+03 -6.738924359035187717e-01 5.773112941400880549e-02
5.533589866539186914e+03 -6.715860580228700805e-01 5.753354624967662451e-02
5.540232831565043853e+03 -6.692875736559490418e-01 5.733663930819287574e-02
5.546875796590901700e+03 -6.669969557874252386e-01 5.714040627520373949e-02
5.553518761616758638e+03 -6.647141774944268500e-01 5.694484484427613652e-02
5.560161726642615577e+03 -6.624392119462252371e-01 5.674995271687074266e-02
5.566804691668474334e+03 -6.601720324039180854e-01 5.655572760231482310e-02
5.573447656694331272e+03 -6.579126122201178761e-01 5.636216721777555227e-02
5.580090621720188210e+03 -6.556609248386361388e-01 5.616926928823294529e-02
5.586733586746046058e+03 -6.534169437941718117e-01 5.597703154645318480e-02
5.593376551771902996e+03 -6.511806427120013785e-01 5.578545173296206583e-02
5.600019516797759934e+03 -6.489519953076676728e-01 5.559452759601834354e-02
5.606662481823617782e+03 -6.467309753866714583e-01 5.540425689158728906e-02
5.613305446849474720e+03 -6.445175568441636749e-01 5.521463738331434251e-02
5.619948411875332567e+03 -6.423117136646377956e-01 5.502566684249875911e-02
5.626591376901190415e+03 -6.401134199216247378e-01 5.483734304806747034e-02
5.633234341927047353e+03 -6.379226497773893279e-01 5.464966378654908391e-02
5.639877306952905201e+03 -6.357393774826233246e-01 5.446262685204756454e-02
5.646520271978762139e+03 -6.335635773761459921e-01 5.427623004621660863e-02
5.653163237004619077e+03 -6.313952238846012310e-01 5.409047117823369277e-02
5.659806202030476925e+03 -6.292342915221571520e-01 5.390534806477431662e-02
5.666449167056333863e+03 -6.270807548902052053e-01 5.372085852998626648e-02
5.673092132082190801e+03 -6.249345886770645286e-01 5.353700040546424677e-02
5.679735097108049558e+03 -6.227957676576812984e-01 5.335377153022414359e-02
5.686378062133906496e+03 -6.206642666933356312e-01 5.317116975067791990e-02
5.693021027159763435e+03 -6.185400607313421562e-01 5.298919292060794151e-02
5.699663992185621282e+03 -6.164231248047586931e-01 5.280783890114206652e-02
5.706306957211478220e+03 -6.143134340320917097e-01 5.262710556072835305e-02
5.712949922237335159e+03 -6.122109636170040003e-01 5.244699077511005836e-02
5.719592887263193006e+03 -6.101156888480222529e-01 5.226749242730056866e-02
5.726235852289049944e+03 -6.080275850982486130e-01 5.208860840755870358e-02
5.732878817314907792e+03 -6.059466278250693616e-01 5.191033661336374311e-02
5.739521782340765640e+03 -6.038727925698675891e-01 5.173267494939081529e-02
5.746164747366622578e+03 -6.018060549577352036e-01 5.155562132748624238e-02
5.752807712392480425e+03 -5.997463906971863823e-01 5.137917366664296326e-02
5.759450677418337364e+03 -5.976937755798727991e-01 5.120332989297617099e-02
5.766093642444194302e+03 -5.956481854802975207e-01 5.102808793969877688e-02
5.772736607470052149e+03 -5.936095963555334531e-01 5.085344574709729087e-02
5.779379572495909088e+03 -5.915779842449392367e-01 5.067940126250750771e-02
5.786022537521766026e+03 -5.895533252698784699e-01 5.050595244029042197e-02
5.792665502547623873e+03 -5.875355956334381569e-01 5.033309724180813627e-02
5.799308467573481721e+03 -5.855247716201499308e-01 5.016083363539994289e-02
5.805951432599338659e+03 -5.835208295957113878e-01 4.998915959635850254e-02
5.812594397625196507e+03 -5.815237460067075315e-01 4.981807310690593293e-02
5.819237362651053445e+03 -5.795334973803335510e-01 4.964757215617007780e-02
5.825880327676911293e+03 -5.775500603241207065e-01 4.947765474016103948e-02
5.832523292702768231e+03 -5.755734115256597727e-01 4.930831886174745493e-02
5.839166257728625169e+03 -5.736035277523281461e-01 4.913956253063313934e-02
5.845809222754483017e+03 -5.716403858510152869e-01 4.897138376333357718e-02
5.852452187780340864e+03 -5.696839627478520462e-01 4.880378058315269080e-02
5.859095152806197802e+03 -5.677342354479395503e-01 4.863675102015965757e-02
5.865738117832055650e+03 -5.657911810350777504e-01 4.847029311116563682e-02
5.872381082857912588e+03 -5.638547766714961940e-01 4.830440489970071194e-02
5.879024047883769526e+03 -5.619249995975866829e-01 4.813908443599097114e-02
5.885667012909627374e+03 -5.600018271316351548e-01 4.797432977693555367e-02
5.892309977935484312e+03 -5.580852366695551181e-01 4.781013898608382773e-02
5.898952942961342160e+03 -5.561752056846211989e-01 4.764651013361251991e-02
5.905595907987199098e+03 -5.542717117272060179e-01 4.748344129630321930e-02
5.912238873013056946e+03 -5.523747324245152912e-01 4.732093055751965954e-02
5.918881838038913884e+03 -5.504842454803243745e-01 4.715897600718514660e-02
5.925524803064771731e+03 -5.486002286747173606e-01 4.699757574176024327e-02
5.932167768090628670e+03 -5.467226598638255108e-01 4.683672786422029416e-02
5.938810733116486517e+03 -5.448515169795666857e-01 4.667643048403317951e-02
5.945453698142343455e+03 -5.429867780293856638e-01 4.651668171713701366e-02
5.952096663168200394e+03 -5.411284210959969032e-01 4.635747968591812096e-02
5.958739628194058241e+03 -5.392764243371255262e-01 4.619882251918886601e-02
5.965382593219915179e+03 -5.374307659852520791e-01 4.604070835216576840e-02
5.972025558245773027e+03 -5.355914243473545167e-01 4.588313532644739540e-02
5.978668523271630875e+03 -5.337583778046559591e-01 4.572610158999278196e-02
5.985311488297487813e+03 -5.319316048123684526e-01 4.556960529709943447e-02
5.991954453323344751e+03 -5.301110838994406160e-01 4.541364460838175771e-02
5.998597418349202599e+03 -5.282967936683048427e-01 4.525821769074936385e-02
6.005240383375059537e+03 -5.264887127946266121e-01 4.510332271738561050e-02
6.011883348400917384e+03 -5.246868200270531357e-01 4.494895786772606233e-02
6.018526313426774323e+03 -5.228910941869640006e-01 4.479512132743714709e-02
6.025169278452632170e+03 -5.211015141682210361e-01 4.464181128839470741e-02
6.031812243478490018e+03 -5.193180589369227329e-01 4.448902594866296217e-02
6.038455208504346956e+03 -5.175407075311546645e-01 4.433676351247313463e-02
6.045098173530203894e+03 -5.157694390607443502e-01 4.418502219020244842e-02
6.051741138556061742e+03 -5.140042327070146744e-01 4.403380019835301251e-02
6.058384103581918680e+03 -5.122450677225404148e-01 4.388309575953094899e-02
6.065027068607775618e+03 -5.104919234309038822e-01 4.373290710242545148e-02
6.071670033633633466e+03 -5.087447792264520041e-01 4.358323246178801708e-02
6.078312998659490404e+03 -5.070036145740530742e-01 4.343407007841155326e-02
6.084955963685348252e+03 -5.052684090088568336e-01 4.328541819910985966e-02
6.091598928711206099e+03 -5.035391421360545516e-01 4.313727507669707500e-02
6.098241893737063037e+03 -5.018157936306358868e-01 4.298963896996681883e-02
6.104884858762919976e+03 -5.000983432371541859e-01 4.284250814367211724e-02
6.111527823788777823e+03 -4.983867707694855098e-01 4.269588086850474584e-02
6.118170788814634761e+03 -4.966810561105930999e-01 4.254975542107505143e-02
6.124813753840492609e+03 -4.949811792122892351e-01 4.240413008389154470e-02
6.131456718866349547e+03 -4.932871200950013635e-01 4.225900314534088154e-02
6.138099683892206485e+03 -4.915988588475360688e-01 4.211437289966762226e-02
6.144742648918065242e+03 -4.899163756268456460e-01 4.197023764695426151e-02
6.151385613943922181e+03 -4.882396506577946216e-01 4.182659569310119563e-02
6.158028578969779119e+03 -4.865686642329273282e-01 4.168344534980682886e-02
6.164671543995636966e+03 -4.849033967122363675e-01 4.154078493454773507e-02
6.171314509021493905e+03 -4.832438285229317954e-01 4.139861277055889577e-02
6.177957474047350843e+03 -4.815899401592105833e-01 4.125692718681392424e-02
6.184600439073208690e+03 -4.799417121820281906e-01 4.111572651800551176e-02
6.191243404099065629e+03 -4.782991252188696363e-01 4.097500910452582523e-02
6.197886369124923476e+03 -4.766621599635217921e-01 4.083477329244697418e-02
6.204529334150781324e+03 -4.750307971758463421e-01 4.069501743350159573e-02
6.211172299176638262e+03 -4.734050176815540745e-01 4.055573988506348815e-02
6.217815264202496110e+03 -4.717848023719790063e-01 4.041693901012826523e-02
6.224458229228353048e+03 -4.701701322038544517e-01 4.027861317729419105e-02
6.231101194254209986e+03 -4.685609881990879799e-01 4.014076076074287597e-02
6.237744159280067834e+03 -4.669573514445398144e-01 4.000338014022031957e-02
6.244387124305924772e+03 -4.653592030917998446e-01 3.986646970101778709e-02
6.251030089331781710e+03 -4.637665243569660256e-01 3.973002783395282456e-02
6.257673054357640467e+03 -4.621792965204231107e-01 3.959405293535032261e-02
6.264316019383497405e+03 -4.605975009266244369e-01 3.945854340702379531e-02
6.270958984409354343e+03 -4.590211189838705463e-01 3.932349765625644394e-02
6.277601949435212191e+03 -4.574501321640916385e-01 3.918891409578249135e-02
6.284244914461069129e+03 -4.558845220026297995e-01 3.905479114376855798e-02
6.290887879486926977e+03 -4.543242700980220095e-01 3.892112722379504480e-02
6.297530844512783915e+03 -4.527693581117838706e-01 3.878792076483760648e-02
6.304173809538640853e+03 -4.512197677681933361e-01 3.865517020124865227e-02
6.310816774564498701e+03 -4.496754808540771586e-01 3.852287397273902736e-02
6.317459739590356548e+03 -4.481364792185957291e-01 3.839103052435957619e-02
6.324102704616213487e+03 -4.466027447730308575e-01 3.825963830648297648e-02
6.330745669642071334e+03 -4.450742594905715555e-01 3.812869577478537886e-02
6.337388634667928272e+03 -4.435510054061036489e-01 3.799820139022840049e-02
6.344031599693785211e+03 -4.420329646159980586e-01 3.786815361904095206e-02
6.350674564719643058e+03 -4.405201192779003572e-01 3.773855093270125916e-02
6.357317529745499996e+03 -4.390124516105206598e-01 3.760939180791880720e-02
6.363960494771356935e+03 -4.375099438934256790e-01 3.748067472661656407e-02
6.370603459797215692e+03 -4.360125784668295590e-01 3.735239817591306383e-02
6.377246424823072630e+03 -4.345203377313864856e-01 3.722456064810461540e-02
6.383889389848929568e+03 -4.330332041479839078e-01 3.709716064064760149e-02
6.390532354874787416e+03 -4.315511602375366462e-01 3.697019665614084682e-02
6.397175319900644354e+03 -4.300741885807809473e-01 3.684366720230795866e-02
6.403818284926502201e+03 -4.286022718180703128e-01 3.671757079197985468e-02
6.410461249952359140e+03 -4.271353926491704978e-01 3.659190594307717981e-02
6.417104214978216078e+03 -4.256735338330574492e-01 3.646667117859302143e-02
6.423747180004073925e+03 -4.242166781877140247e-01 3.634186502657547890e-02
6.430390145029931773e+03 -4.227648085899277097e-01 3.621748602011031631e-02
6.437033110055788711e+03 -4.213179079750900557e-01 3.609353269730382341e-02
6.443676075081646559e+03 -4.198759593369952858e-01 3.597000360126553775e-02
6.450319040107503497e+03 -4.184389457276417867e-01 3.584689728009122361e-02
6.456962005133360435e+03 -4.170068502570308255e-01 3.572421228684566352e-02
6.463604970159218283e+03 -4.155796560929699845e-01 3.560194717954578980e-02
6.470247935185075221e+03 -4.141573464608744870e-01 3.548010052114369123e-02
6.476890900210933069e+03 -4.127399046435701879e-01 3.535867087950969601e-02
6.483533865236790007e+03 -4.113273139810964540e-01 3.523765682741553107e-02
6.490176830262647854e+03 -4.099195578705111531e-01 3.511705694251758547e-02
6.496819795288504793e+03 -4.085166197656961429e-01 3.499686980734025010e-02
6.503462760314362640e+03 -4.071184831771604840e-01 3.487709400925907005e-02
6.510105725340218669e+03 -4.057251316718490930e-01 3.475772814048435494e-02
6.516748690366077426e+03 -4.043365488729477875e-01 3.463877079804444925e-02
6.523391655391935274e+03 -4.029527184596923828e-01 3.452022058376941205e-02
6.530034620417791302e+03 -4.015736241671757911e-01 3.440207610427447465e-02
6.536677585443650059e+03 -4.001992497861563414e-01 3.428433597094362323e-02
6.543320550469506088e+03 -3.988295791628694853e-01 3.416699879991346583e-02
6.549963515495363936e+03 -3.974645961988351739e-01 3.405006321205673175e-02
6.556606480521220874e+03 -3.961042848506707292e-01 3.393352783296624958e-02
6.563249445547078722e+03 -3.947486291299008854e-01 3.381739129293865470e-02
6.569892410572935660e+03 -3.933976131027713263e-01 3.370165222695842289e-02
6.576535375598793507e+03 -3.920512208900598372e-01 3.358630927468170269e-02
6.583178340624651355e+03 -3.907094366668905083e-01 3.347136108042039065e-02
6.589821305650508293e+03 -3.893722446625482170e-01 3.335680629312624823e-02
6.596464270676366141e+03 -3.880396291602918324e-01 3.324264356637486595e-02
6.603107235702222169e+03 -3.867115744971712510e-01 3.312887155835002317e-02
6.609750200728080927e+03 -3.853880650638412675e-01 3.301548893182774946e-02
6.616393165753936955e+03 -3.840690853043803310e-01 3.290249435416076063e-02
6.623036130779794803e+03 -3.827546197161054709e-01 3.278988649726263110e-02
6.629679095805652651e+03 -3.814446528493924959e-01 3.267766403759237576e-02
6.636322060831509589e+03 -3.801391693074923084e-01 3.256582565613874020e-02
