0.000000000000000000e+00 1.648914066292190395e-14 1.000000000000000000e+00
6.642965025857367145e+00 9.702471695608558220e-07 5.884158485848748684e+07
1.328593005171473429e+01 2.745879042083458408e-06 1.665265096717832088e+08
1.992889507757210055e+01 4.946552255360816892e-06 2.999884806904351711e+08
2.657186010342946858e+01 7.311154998405733020e-06 4.433921177497059107e+08
3.321482512928683661e+01 9.732386668688232595e-06 5.902300712718667984e+08
3.985779015514420109e+01 1.216698765489937454e-05 7.378788199835371971e+08
4.650075518100156557e+01 1.459755722201908518e-05 8.852830793568093777e+08
5.314372020685893716e+01 1.701712343997651897e-05 1.032020029900154591e+09
5.978668523271630164e+01 1.942291995995944277e-05 1.177921903694747686e+09
6.642965025857367323e+01 2.181387628130836181e-05 1.322923779185161352e+09
7.307261528443103771e+01 2.418960561753460820e-05 1.467002199327964783e+09
7.971558031028840219e+01 2.654999671986190809e-05 1.610150417332736969e+09
8.635854533614576667e+01 2.889504926709242019e-05 1.752368413720122099e+09
9.300151036200313115e+01 3.122480748177684860e-05 1.893658870409791231e+09
9.964447538786050984e+01 3.353933335946305221e-05 2.034025547182143211e+09
1.062874404137178743e+02 3.583869587325703233e-05 2.173472626978388309e+09
1.129304054395752530e+02 3.812296662097307520e-05 2.312004451917727947e+09
1.195733704654326033e+02 4.039221807044700367e-05 2.449625416882667065e+09
1.262163354912899678e+02 4.264652285268147037e-05 2.586339926651122093e+09
1.328593005171473465e+02 4.488595347751605217e-05 2.722152378652956486e+09
1.395022655430047109e+02 4.711058221973577604e-05 2.857067156062922478e+09
1.461452305688620754e+02 4.932048107389055784e-05 2.991088625060639381e+09
1.527881955947194399e+02 5.151572173680507653e-05 3.124221133769890785e+09
1.594311606205768044e+02 5.369637560129809255e-05 3.256469011877724171e+09
1.660741256464341689e+02 5.586251375437111200e-05 3.387836570524602413e+09
1.727170906722915333e+02 5.801420697723057204e-05 3.518328102305748463e+09
1.793600556981489262e+02 6.015152574602491547e-05 3.647947881315845490e+09
1.860030207240062623e+02 6.227454023289201131e-05 3.776700163212559700e+09
1.926459857498636552e+02 6.438332030708507846e-05 3.904589185284822941e+09
1.992889507757210197e+02 6.647793553619010917e-05 4.031619166526662827e+09
2.059319158015783842e+02 6.855845518731571320e-05 4.157794307709364891e+09
2.125748808274357486e+02 7.062494822830741746e-05 4.283118791455112457e+09
2.192178458532931131e+02 7.267748332895890956e-05 4.407596782310445786e+09
2.258608108791505060e+02 7.471612886221340162e-05 4.531232426819116592e+09
2.325037759050078705e+02 7.674095290536540057e-05 4.654029853594976425e+09
2.391467409308652066e+02 7.875202324125753185e-05 4.775993173394552231e+09
2.457897059567225710e+02 8.074940735946535553e-05 4.897126479188905716e+09
2.524326709825799355e+02 8.273317245750116955e-05 5.017433846236636162e+09
2.590756360084373000e+02 8.470338544197802272e-05 5.136919332154477119e+09
2.657186010342946929e+02 8.666011292979280967e-05 5.255586976989041328e+09
2.723615660601520858e+02 8.860342124930673663e-05 5.373440803288414955e+09
2.790045310860094219e+02 9.053337644151192298e-05 5.490484816172904015e+09
2.856474961118667579e+02 9.245004426118412499e-05 5.606723003404946327e+09
2.922904611377241508e+02 9.435349017805714361e-05 5.722159335460331917e+09
2.989334261635815437e+02 9.624377937797034405e-05 5.836797765597796440e+09
3.055763911894388798e+02 9.812097676401791008e-05 5.950642229928718567e+09
3.122193562152962727e+02 9.998514695769983307e-05 6.063696647486922264e+09
3.188623212411536088e+02 1.018363543000624927e-04 6.175964920297848701e+09
3.255052862670109448e+02 1.036746628528331660e-04 6.287450933447360992e+09
3.321482512928683377e+02 1.055001363995536692e-04 6.398158555150493622e+09
3.387912163187257306e+02 1.073128384467131324e-04 6.508091636820151329e+09
3.454341813445830667e+02 1.091128322248686305e-04 6.617254013135069847e+09
3.520771463704404596e+02 1.109001806897545392e-04 6.725649502107093811e+09
3.587201113962978525e+02 1.126749465234248501e-04 6.833281905150456429e+09
3.653630764221551885e+02 1.144371921353321692e-04 6.940155007147212982e+09
3.720060414480125246e+02 1.161869796634596233e-04 7.046272576515888214e+09
3.786490064738699175e+02 1.179243709754041955e-04 7.151638365277174950e+09
3.852919714997273104e+02 1.196494276694956213e-04 7.256256109121791840e+09
3.919349365255846465e+02 1.213622110758658459e-04 7.360129527475342751e+09
3.985779015514420394e+02 1.230627822575575125e-04 7.463262323565537453e+09
4.052208665772993754e+02 1.247512020116003581e-04 7.565658184487476349e+09
4.118638316031567683e+02 1.264275308700971504e-04 7.667320781269505501e+09
4.185067966290141044e+02 1.280918291012974816e-04 7.768253768938337326e+09
4.251497616548714973e+02 1.297441567106637564e-04 7.868460786583700180e+09
4.317927266807288902e+02 1.313845734419553934e-04 7.967945457424087524e+09
4.384356917065862262e+02 1.330131387782835378e-04 8.066711388870727539e+09
4.450786567324436191e+02 1.346299119431640379e-04 8.164762172591436386e+09
4.517216217583010121e+02 1.362349519015903718e-04 8.262101384575690269e+09
4.583645867841583481e+02 1.378283173610701448e-04 8.358732585197483063e+09
4.650075518100157410e+02 1.394100667726867401e-04 8.454659319279712677e+09
4.716505168358730202e+02 1.409802583321280098e-04 8.549885116156566620e+09
4.782934818617304131e+02 1.425389499807357824e-04 8.644413489737169266e+09
4.849364468875877492e+02 1.440861994065432278e-04 8.738247938568492889e+09
4.915794119134451421e+02 1.456220640452966092e-04 8.831391945897327423e+09
4.982223769393025350e+02 1.471466010814917805e-04 8.923848979733135223e+09
5.048653419651598711e+02 1.486598674493959382e-04 9.015622492910018921e+09
5.115083069910172640e+02 1.501619198340589656e-04 9.106715923148054123e+09
5.181512720168746000e+02 1.516528146723481948e-04 9.197132693116043091e+09
5.247942370427319929e+02 1.531326081539319955e-04 9.286876210491167068e+09
5.314372020685893858e+02 1.546013562223145371e-04 9.375949868021739960e+09
5.380801670944467787e+02 1.560591145758237139e-04 9.464357043587120056e+09
5.447231321203041716e+02 1.575059386686172846e-04 9.552101100258729935e+09
5.513660971461615645e+02 1.589418837116716651e-04 9.639185386360025406e+09
5.580090621720188437e+02 1.603670046737837307e-04 9.725613235527242661e+09
5.646520271978761230e+02 1.617813562825552720e-04 9.811387966769115448e+09
5.712949922237335159e+02 1.631849930253670422e-04 9.896512884525928497e+09
5.779379572495909088e+02 1.645779691503814271e-04 9.980991278730344772e+09
5.845809222754483017e+02 1.659603386674948083e-04 1.006482642486514854e+10
5.912238873013056946e+02 1.673321553493263558e-04 1.014802158402321625e+10
5.978668523271630875e+02 1.686934727321816666e-04 1.023058000296595764e+10
6.045098173530203667e+02 1.700443441170172709e-04 1.031250491418181229e+10
6.111527823788777596e+02 1.713848225704060063e-04 1.039379953594478798e+10
6.177957474047351525e+02 1.727149609254867782e-04 1.047446707237206650e+10
6.244387124305925454e+02 1.740348117829281990e-04 1.055451071348244095e+10
6.310816774564499383e+02 1.753444275118696757e-04 1.063393363525339317e+10
6.377246424823072175e+02 1.766438602508781097e-04 1.071273899967910767e+10
6.443676075081646104e+02 1.779331619088794433e-04 1.079092995482697105e+10
6.510105725340218896e+02 1.792123841661049516e-04 1.086850963489495850e+10
6.576535375598792825e+02 1.804815784750253907e-04 1.094548116026828384e+10
6.642965025857366754e+02 1.817407960612834120e-04 1.102184763757595634e+10
6.709394676115940683e+02 1.829900879246173021e-04 1.109761215974678612e+10
6.775824326374514612e+02 1.842295048397933968e-04 1.117277780606594849e+10
6.842253976633088541e+02 1.854590973575150764e-04 1.124734764223009682e+10
6.908683626891661334e+02 1.866789158053569139e-04 1.132132472040402222e+10
6.975113277150235263e+02 1.878890102886615274e-04 1.139471207927504349e+10
7.041542927408809192e+02 1.890894306914555137e-04 1.146751274410855484e+10
7.107972577667383121e+02 1.902802266773653828e-04 1.153972972680356789e+10
7.174402227925957050e+02 1.914614476905048684e-04 1.161136602594653130e+10
7.240831878184529842e+02 1.926331429563830563e-04 1.168242462686640358e+10
7.307261528443103771e+02 1.937953614828047053e-04 1.175290850168924713e+10
7.373691178701677700e+02 1.949481520607506194e-04 1.182282060939162827e+10
7.440120828960250492e+02 1.960915632652779697e-04 1.189216389585521317e+10
7.506550479218824421e+02 1.972256434563945948e-04 1.196094129391979408e+10
7.572980129477398350e+02 1.983504407799567201e-04 1.202915572343772316e+10
7.639409779735972279e+02 1.994660031685319829e-04 1.209681009132626724e+10
7.705839429994546208e+02 2.005723783422789369e-04 1.216390729162093163e+10
7.772269080253120137e+02 2.016696138098256902e-04 1.223045020552875137e+10
7.838698730511692929e+02 2.027577568691311949e-04 1.229644170148052979e+10
7.905128380770266858e+02 2.038368546083478387e-04 1.236188463518314171e+10
7.971558031028840787e+02 2.049069539066901077e-04 1.242678184967222214e+10
8.037987681287414716e+02 2.059681014352906722e-04 1.249113617536408234e+10
8.104417331545987508e+02 2.070203436580530035e-04 1.255495043010741425e+10
8.170846981804562574e+02 2.080637268324983524e-04 1.261822741923466110e+10
8.237276632063135366e+02 2.090982970106279072e-04 1.268096993561429977e+10
8.303706282321709296e+02 2.101241000397515574e-04 1.274318075970110703e+10
8.370135932580282088e+02 2.111411815633392093e-04 1.280486265958778191e+10
8.436565582838857154e+02 2.121495870218551884e-04 1.286601839105555344e+10
8.502995233097429946e+02 2.131493616535917734e-04 1.292665069762473297e+10
8.569424883356002738e+02 2.141405504955044663e-04 1.298676231060536003e+10
8.635854533614577804e+02 2.151231983840403220e-04 1.304635594914745140e+10
8.702284183873150596e+02 2.160973499559571721e-04 1.310543432029067039e+10
8.768713834131724525e+02 2.170630496491493533e-04 1.316400011901441383e+10
8.835143484390297317e+02 2.180203417034703994e-04 1.322205602828770065e+10
8.901573134648872383e+02 2.189692701615392548e-04 1.327960471911806297e+10
8.968002784907445175e+02 2.199098788695612317e-04 1.333664885060133934e+10
9.034432435166020241e+02 2.208422114781298864e-04 1.339319106997030640e+10
9.100862085424593033e+02 2.217663114430345334e-04 1.344923401264363861e+10
9.167291735683166962e+02 2.226822220260673245e-04 1.350478030227486992e+10
9.233721385941739754e+02 2.235899862958199216e-04 1.355983255080070305e+10
9.300151036200314820e+02 2.244896471284740964e-04 1.361439335848895264e+10
9.366580686458887612e+02 2.253812472086062085e-04 1.366846531398733711e+10
9.433010336717460405e+02 2.262648290299660962e-04 1.372205099437071419e+10
9.499439986976035470e+02 2.271404348962728810e-04 1.377515296518934631e+10
9.565869637234608263e+02 2.280081069219921236e-04 1.382777378051602364e+10
9.632299287493182192e+02 2.288678870331212201e-04 1.387991598299370956e+10
9.698728937751754984e+02 2.297198169679626548e-04 1.393158210388241768e+10
9.765158588010330050e+02 2.305639382779046259e-04 1.398277466310656738e+10
9.831588238268902842e+02 2.314002923281860587e-04 1.403349616930137444e+10
9.898017888527477908e+02 2.322289202986707254e-04 1.408374911985979462e+10
9.964447538786050700e+02 2.330498631846092232e-04 1.413353600097874260e+10
1.003087718904462463e+03 2.338631617974022518e-04 1.418285928770537186e+10
1.009730683930319742e+03 2.346688567653630250e-04 1.423172144398332214e+10
1.016373648956177249e+03 2.354669885344649362e-04 1.428012492269805145e+10
1.023016613982034528e+03 2.362575973691091735e-04 1.432807216572339630e+10
1.029659579007891807e+03 2.370407233528632786e-04 1.437556560396636581e+10
1.036302544033749200e+03 2.378164063892131488e-04 1.442260765741273499e+10
1.042945509059606593e+03 2.385846862023081015e-04 1.446920073517224121e+10
1.049588474085463986e+03 2.393456023377016004e-04 1.451534723552350044e+10
1.056231439111321379e+03 2.400991941630919828e-04 1.456104954595893478e+10
1.062874404137178772e+03 2.408455008690562477e-04 1.460631004322926331e+10
1.069517369163036165e+03 2.415845614697825425e-04 1.465113109338793945e+10
1.076160334188893557e+03 2.423164148038030839e-04 1.469551505183558846e+10
1.082803299214750723e+03 2.430410995347184050e-04 1.473946426336392784e+10
1.089446264240608343e+03 2.437586541519272398e-04 1.478298106220004654e+10
1.096089229266465509e+03 2.444691169713377604e-04 1.482606777204952431e+10
1.102732194292323129e+03 2.451725261360965941e-04 1.486872670614064598e+10
1.109375159318180295e+03 2.458689196172991927e-04 1.491096016726749229e+10
1.116018124344037687e+03 2.465583352147067073e-04 1.495277044783340073e+10
1.122661089369895080e+03 2.472408105574472499e-04 1.499415982989350891e+10
1.129304054395752246e+03 2.479163831047397071e-04 1.503513058519864082e+10
1.135947019421609866e+03 2.485850901465785218e-04 1.507568497523683739e+10
1.142589984447467032e+03 2.492469688044527364e-04 1.511582525127696609e+10
1.149232949473324652e+03 2.499020560320312084e-04 1.515555365441028023e+10
1.155875914499181818e+03 2.505503886158729800e-04 1.519487241559348869e+10
1.162518879525039210e+03 2.511920031761081563e-04 1.523378375569006157e+10
1.169161844550896603e+03 2.518269361671343978e-04 1.527228988551245880e+10
1.175804809576753996e+03 2.524552238783064721e-04 1.531039300586395645e+10
1.182447774602611389e+03 2.530769024346201691e-04 1.534809530758011627e+10
1.189090739628468782e+03 2.536920077973910115e-04 1.538539897156995583e+10
1.195733704654326175e+03 2.543005757649390366e-04 1.542230616885746956e+10
1.202376669680183340e+03 2.549026419732683749e-04 1.545881906062284660e+10
1.209019634706040733e+03 2.554982418967342503e-04 1.549493979824291992e+10
1.215662599731898126e+03 2.560874108487216916e-04 1.553067052333232689e+10
1.222305564757755519e+03 2.566701839823090636e-04 1.556601336778375626e+10
1.228948529783612912e+03 2.572465962909398392e-04 1.560097045380867577e+10
1.235591494809470305e+03 2.578166826090856970e-04 1.563554389397756195e+10
1.242234459835327698e+03 2.583804776129035481e-04 1.566973579125972939e+10
1.248877424861185091e+03 2.589380158209025375e-04 1.570354823906379890e+10
1.255520389887042256e+03 2.594893315945897942e-04 1.573698332127684402e+10
1.262163354912899877e+03 2.600344591391343975e-04 1.577004311230466843e+10
1.268806319938757042e+03 2.605734325040061881e-04 1.580272967711054230e+10
1.275449284964614435e+03 2.611062855836410353e-04 1.583504507125555420e+10
1.282092249990471828e+03 2.616330521180727092e-04 1.586699134093692017e+10
1.288735215016329221e+03 2.621537656935768977e-04 1.589857052302705002e+10
1.295378180042186614e+03 2.626684597433217271e-04 1.592978464511299896e+10
1.302021145068043779e+03 2.631771675479961659e-04 1.596063572553457260e+10
1.308664110093901400e+03 2.636799222364514389e-04 1.599112577342322922e+10
1.315307075119758565e+03 2.641767567863311655e-04 1.602125678874029350e+10
1.321950040145616185e+03 2.646677040247023653e-04 1.605103076231522560e+10
1.328593005171473351e+03 2.651527966286855963e-04 1.608044967588384056e+10
1.335235970197330744e+03 2.656320671260811901e-04 1.610951550212627792e+10
1.341878935223188137e+03 2.661055478959889822e-04 1.613823020470459366e+10
1.348521900249045530e+03 2.665732711694284753e-04 1.616659573830036354e+10
1.355164865274902922e+03 2.670352690299629059e-04 1.619461404865253830e+10
1.361807830300760088e+03 2.674915734143098675e-04 1.622228707259447289e+10
1.368450795326617708e+03 2.679422161129571371e-04 1.624961673809126854e+10
1.375093760352474874e+03 2.683872287707728642e-04 1.627660496427678490e+10
1.381736725378332267e+03 2.688266428876144587e-04 1.630325366149056244e+10
1.388379690404189660e+03 2.692604898189318412e-04 1.632956473131441116e+10
1.395022655430047053e+03 2.696888007763780654e-04 1.635554006660943604e+10
1.401665620455904445e+03 2.701116068284051958e-04 1.638118155155218124e+10
1.408308585481761838e+03 2.705289389008610525e-04 1.640649106167081833e+10
1.414951550507619231e+03 2.709408277775924613e-04 1.643147046388172913e+10
1.421594515533476624e+03 2.713473041010354934e-04 1.645612161652530289e+10
1.428237480559333790e+03 2.717483983728074398e-04 1.648044636940183449e+10
1.434880445585191410e+03 2.721441409542987855e-04 1.650444656380743027e+10
1.441523410611048575e+03 2.725345620672543420e-04 1.652812403256924820e+10
1.448166375636905968e+03 2.729196917943652219e-04 1.655148060008139801e+10
1.454809340662763361e+03 2.732995600798486698e-04 1.657451808234010887e+10
1.461452305688620754e+03 2.736741967300261591e-04 1.659723828697878456e+10
1.468095270714478147e+03 2.740436314139040909e-04 1.661964301330322266e+10
1.474738235740335540e+03 2.744078936637484208e-04 1.664173405232646370e+10
1.481381200766192933e+03 2.747670128756558167e-04 1.666351318680343056e+10
1.488024165792050098e+03 2.751210183101308882e-04 1.668498219126593208e+10
1.494667130817907719e+03 2.754699390926447673e-04 1.670614283205653954e+10
1.501310095843764884e+03 2.758138042142123381e-04 1.672699686736359406e+10
1.507953060869622504e+03 2.761526425319516843e-04 1.674754604725513649e+10
1.514596025895479670e+03 2.764864827696431049e-04 1.676779211371280861e+10
1.521238990921337063e+03 2.768153535182950667e-04 1.678773680066617393e+10
1.527881955947194456e+03 2.771392832366980155e-04 1.680738183402630234e+10
1.534524920973051621e+03 2.774583002519777526e-04 1.682672893171933556e+10
1.541167885998909242e+03 2.777724327601557505e-04 1.684577980372046852e+10
1.547810851024766407e+03 2.780817088266908203e-04 1.686453615208679199e+10
1.554453816050624027e+03 2.783861563870355244e-04 1.688299967099104309e+10
1.561096781076481193e+03 2.786858032471787108e-04 1.690117204675450325e+10
1.567739746102338586e+03 2.789806770841923855e-04 1.691905495788017273e+10
1.574382711128195979e+03 2.792708054467703434e-04 1.693665007508542252e+10
1.581025676154053372e+03 2.795562157557707032e-04 1.695395906133490753e+10
1.587668641179910765e+03 2.798369353047554069e-04 1.697098357187328529e+10
1.594311606205768157e+03 2.801129912605201770e-04 1.698772525425734711e+10
1.600954571231625550e+03 2.803844106636361848e-04 1.700418574838887787e+10
1.607597536257482943e+03 2.806512204289765382e-04 1.702036668654657936e+10
1.614240501283340109e+03 2.809134473462440718e-04 1.703626969341807556e+10
1.620883466309197502e+03 2.811711180805030394e-04 1.705189638613217163e+10
1.627526431335054667e+03 2.814242591727008323e-04 1.706724837429047585e+10
1.634169396360912515e+03 2.816728970401949014e-04 1.708232725999936867e+10
1.640812361386769680e+03 2.819170579772697048e-04 1.709713463790135002e+10
1.647455326412627073e+03 2.821567681556584259e-04 1.711167209520667458e+10
1.654098291438484239e+03 2.823920536250564516e-04 1.712594121172449875e+10
1.660741256464341859e+03 2.826229403136404882e-04 1.713994355989435959e+10
1.667384221490199252e+03 2.828494540285790039e-04 1.715368070481712914e+10
1.674027186516056418e+03 2.830716204565435386e-04 1.716715420428603172e+10
1.680670151541913810e+03 2.832894651642156765e-04 1.718036560881737900e+10
1.687313116567771431e+03 2.835030135987961879e-04 1.719331646168145370e+10
1.693956081593628596e+03 2.837122910885076649e-04 1.720600829893298721e+10
1.700599046619485989e+03 2.839173228430984589e-04 1.721844264944173431e+10
1.707242011645343155e+03 2.841181339543435817e-04 1.723062103492283249e+10
1.713884976671200548e+03 2.843147493965408369e-04 1.724254496996690369e+10
1.720527941697058168e+03 2.845071940270112870e-04 1.725421596207040405e+10
1.727170906722915561e+03 2.846954925865880122e-04 1.726563551166525650e+10
1.733813871748772726e+03 2.848796697001157105e-04 1.727680511214915848e+10
1.740456836774630119e+03 2.850597498769385889e-04 1.728772624991516876e+10
1.747099801800487739e+03 2.852357575113830500e-04 1.729840040438097382e+10
1.753742766826344905e+03 2.854077168832577262e-04 1.730882904801922989e+10
1.760385731852202298e+03 2.855756521583253243e-04 1.731901364638615799e+10
1.767028696878059463e+03 2.857395873887922516e-04 1.732895565815124130e+10
1.773671661903917084e+03 2.858995465137882663e-04 1.733865653512633514e+10
1.780314626929774477e+03 2.860555533598439608e-04 1.734811772229459763e+10
1.786957591955631642e+03 2.862076316413725806e-04 1.735734065783972168e+10
1.793600556981489035e+03 2.863558049611379663e-04 1.736632677317431641e+10
1.800243522007346201e+03 2.865000968107346384e-04 1.737507749296902084e+10
1.806886487033204048e+03 2.866405305710540037e-04 1.738359423518076706e+10
1.813529452059061214e+03 2.867771295127592365e-04 1.739187841108160019e+10
1.820172417084918607e+03 2.869099167967462810e-04 1.739993142528662109e+10
1.826815382110775772e+03 2.870389154746165634e-04 1.740775467578264618e+10
1.833458347136633392e+03 2.871641484891379950e-04 1.741534955395619965e+10
1.840101312162490785e+03 2.872856386747025051e-04 1.742271744462121582e+10
1.846744277188347951e+03 2.874034087577952840e-04 1.742985972604753876e+10
1.853387242214205344e+03 2.875174813574440762e-04 1.743677776998813629e+10
1.860030207240062964e+03 2.876278789856845201e-04 1.744347294170734406e+10
1.866673172265920130e+03 2.877346240480068394e-04 1.744994660000794601e+10
1.873316137291777522e+03 2.878377388438133760e-04 1.745620009725892258e+10
1.879959102317634688e+03 2.879372455668696186e-04 1.746223477942280197e+10
1.886602067343492081e+03 2.880331663057487251e-04 1.746805198608262253e+10
1.893245032369349701e+03 2.881255230442868881e-04 1.747365305046955490e+10
1.899887997395207094e+03 2.882143376620252551e-04 1.747903929948967743e+10
1.906530962421064260e+03 2.882996319346470791e-04 1.748421205375052643e+10
1.913173927446921653e+03 2.883814275344313491e-04 1.748917262758856583e+10
1.919816892472779273e+03 2.884597460306882050e-04 1.749392232909563065e+10
1.926459857498636438e+03 2.885346088901952211e-04 1.749846246014535522e+10
1.933102822524493831e+03 2.886060374776341225e-04 1.750279431641967773e+10
1.939745787550350997e+03 2.886740530560340072e-04 1.750691918743571854e+10
1.946388752576208617e+03 2.887386767871898477e-04 1.751083835657114410e+10
1.953031717602066010e+03 2.887999297321117848e-04 1.751455310109143829e+10
1.959674682627923403e+03 2.888578328514401598e-04 1.751806469217505264e+10
1.966317647653780568e+03 2.889124070058822318e-04 1.752137439493990326e+10
1.972960612679637961e+03 2.889636729566332808e-04 1.752448346846890259e+10
1.979603577705495582e+03 2.890116513658042181e-04 1.752739316583589935e+10
1.986246542731352747e+03 2.890563627968465929e-04 1.753010473413144684e+10
1.992889507757210140e+03 2.890978277149693597e-04 1.753261941448807526e+10
1.999532472783067305e+03 2.891360664875617173e-04 1.753493844210595322e+10
2.006175437808924926e+03 2.891710993846077077e-04 1.753706304627800369e+10
2.012818402834782319e+03 2.892029465791081874e-04 1.753899445041551971e+10
2.019461367860639484e+03 2.892316281474863193e-04 1.754073387207274628e+10
2.026104332886496877e+03 2.892571640700099776e-04 1.754228252297249222e+10
2.032747297912354497e+03 2.892795742311998416e-04 1.754364160903088760e+10
2.039390262938211890e+03 2.892988784202335864e-04 1.754481233038188553e+10
2.046033227964069056e+03 2.893150963313648183e-04 1.754579588140269470e+10
2.052676192989926221e+03 2.893282475643133879e-04 1.754659345073740768e+10
2.059319158015783614e+03 2.893383516246899635e-04 1.754720622132279968e+10
2.065962123041641462e+03 2.893454279243807062e-04 1.754763537041160583e+10
2.072605088067498400e+03 2.893494957819601338e-04 1.754788206959761047e+10
2.079248053093355793e+03 2.893505744230870716e-04 1.754794748483961487e+10
2.085891018119213186e+03 2.893486829809023379e-04 1.754783277648559189e+10
2.092533983145070579e+03 2.893438404964251282e-04 1.754753909929669571e+10
2.099176948170927972e+03 2.893360659189524349e-04 1.754706760247150421e+10
2.105819913196785365e+03 2.893253781064445904e-04 1.754641942966939545e+10
2.112462878222642757e+03 2.893117958259259874e-04 1.754559571903484726e+10
2.119105843248500150e+03 2.892953377538654176e-04 1.754459760322050476e+10
2.125748808274357543e+03 2.892760224765737569e-04 1.754342620941130066e+10
2.132391773300214936e+03 2.892538684905879894e-04 1.754208265934773636e+10
2.139034738326072329e+03 2.892288942030545821e-04 1.754056806934914780e+10
2.145677703351929267e+03 2.892011179321137253e-04 1.753888355033698654e+10
2.152320668377787115e+03 2.891705579072846588e-04 1.753703020785821533e+10
2.158963633403644508e+03 2.891372322698464430e-04 1.753500914210836792e+10
2.165606598429501446e+03 2.891011590732128766e-04 1.753282144795431900e+10
2.172249563455358839e+03 2.890623562833143523e-04 1.753046821495742035e+10
2.178892528481216686e+03 2.890208417789745087e-04 1.752795052739634705e+10
2.185535493507073625e+03 2.889766333522814611e-04 1.752526946428961563e+10
2.192178458532931018e+03 2.889297487089640196e-04 1.752242609941840363e+10
2.198821423558788410e+03 2.888802054687635706e-04 1.751942150134909058e+10
2.205464388584646258e+03 2.888280211658027057e-04 1.751625673345562363e+10
2.212107353610503196e+03 2.887732132489534160e-04 1.751293285394184494e+10
2.218750318636360589e+03 2.887157990822083239e-04 1.750945091586400604e+10
2.225393283662217982e+03 2.886557959450417217e-04 1.750581196715265274e+10
2.232036248688075375e+03 2.885932210327747313e-04 1.750201705063479614e+10
2.238679213713932768e+03 2.885280914569452338e-04 1.749806720405632019e+10
2.245322178739790161e+03 2.884604242456563321e-04 1.749396346010311890e+10
2.251965143765647554e+03 2.883902363439477985e-04 1.748970684642364883e+10
2.258608108791504492e+03 2.883175446141486575e-04 1.748529838565027237e+10
2.265251073817362339e+03 2.882423658362358396e-04 1.748073909542104721e+10
2.271894038843219732e+03 2.881647167081897998e-04 1.747602998840125656e+10
2.278537003869076671e+03 2.880846138463475335e-04 1.747117207230485535e+10
2.285179968894934063e+03 2.880020737857579786e-04 1.746616634991598892e+10
2.291822933920791911e+03 2.879171129805306942e-04 1.746101381911016464e+10
2.298465898946649304e+03 2.878297478041845405e-04 1.745571547287538528e+10
2.305108863972506242e+03 2.877399945500028634e-04 1.745027229933369064e+10
2.311751828998363635e+03 2.876478694313704641e-04 1.744468528176160049e+10
2.318394794024221028e+03 2.875533885821281339e-04 1.743895539861160660e+10
2.325037759050078421e+03 2.874565680569115753e-04 1.743308362353273773e+10
2.331680724075935814e+03 2.873574238314970455e-04 1.742707092539150238e+10
2.338323689101793207e+03 2.872559718031409293e-04 1.742091826829250336e+10
2.344966654127650600e+03 2.871522277909212620e-04 1.741462661159914017e+10
2.351609619153507992e+03 2.870462075360766512e-04 1.740819690995416260e+10
2.358252584179365385e+03 2.869379267023386935e-04 1.740163011329983902e+10
2.364895549205222778e+03 2.868274008762784853e-04 1.739492716689895630e+10
2.371538514231080171e+03 2.867146455676286305e-04 1.738808901135435486e+10
2.378181479256937564e+03 2.865996762096260659e-04 1.738111658262973022e+10
2.384824444282794957e+03 2.864825081593384056e-04 1.737401081206940460e+10
2.391467409308652350e+03 2.863631566979987428e-04 1.736677262641864777e+10
2.398110374334509288e+03 2.862416370313311271e-04 1.735940294784341049e+10
2.404753339360366681e+03 2.861179642898790780e-04 1.735190269395024109e+10
2.411396304386224529e+03 2.859921535293353991e-04 1.734427277780630493e+10
2.418039269412081467e+03 2.858642197308622346e-04 1.733651410795877075e+10
2.424682234437938860e+03 2.857341778014200161e-04 1.732862758845477676e+10
2.431325199463796253e+03 2.856020425740866519e-04 1.732061411886078644e+10
2.437968164489653645e+03 2.854678288083771498e-04 1.731247459428196716e+10
2.444611129515511038e+03 2.853315511905736481e-04 1.730420990538220215e+10
2.451254094541368431e+03 2.851932243340268239e-04 1.729582093840238190e+10
2.457897059567225824e+03 2.850528627794919959e-04 1.728730857518078613e+10
2.464540024593083217e+03 2.849104809954300984e-04 1.727867369317131424e+10
2.471182989618940610e+03 2.847660933783327259e-04 1.726991716546323013e+10
2.477825954644798003e+03 2.846197142530293954e-04 1.726103986079977417e+10
2.484468919670655396e+03 2.844713578730030494e-04 1.725204264359730530e+10
2.491111884696512334e+03 2.843210384206988368e-04 1.724292637396403122e+10
2.497754849722370182e+03 2.841687700078357123e-04 1.723369190771889114e+10
2.504397814748227574e+03 2.840145666757156514e-04 1.722434009641032410e+10
2.511040779774084513e+03 2.838584423955257084e-04 1.721487178733457947e+10
2.517683744799941906e+03 2.837004110686511347e-04 1.720528782355471420e+10
2.524326709825799753e+03 2.835404865269754854e-04 1.719558904391877747e+10
2.530969674851657146e+03 2.833786825331839794e-04 1.718577628307822418e+10
2.537612639877514084e+03 2.832150127810688107e-04 1.717585037150642014e+10
2.544255604903371477e+03 2.830494908958266533e-04 1.716581213551669693e+10
2.550898569929228870e+03 2.828821304343594190e-04 1.715566239728057671e+10
2.557541534955086263e+03 2.827129448855771835e-04 1.714540197484615135e+10
2.564184499980943656e+03 2.825419476706861506e-04 1.713503168215554810e+10
2.570827465006801049e+03 2.823691521434963485e-04 1.712455232906358528e+10
2.577470430032658442e+03 2.821945715907048235e-04 1.711396472135494995e+10
2.584113395058515835e+03 2.820182192321994338e-04 1.710326966076261902e+10
2.590756360084373227e+03 2.818401082213437773e-04 1.709246794498514748e+10
2.597399325110230620e+03 2.816602516452764316e-04 1.708156036770479965e+10
2.604042290136087558e+03 2.814786625251895942e-04 1.707054771860446358e+10
2.610685255161945406e+03 2.812953538166315746e-04 1.705943078338598824e+10
2.617328220187802799e+03 2.811103384097845669e-04 1.704821034378703308e+10
2.623971185213660192e+03 2.809236291297539153e-04 1.703688717759860229e+10
2.630614150239517130e+03 2.807352387368562945e-04 1.702546205868253708e+10
2.637257115265374523e+03 2.805451799268994344e-04 1.701393575698846245e+10
2.643900080291232371e+03 2.803534653314718184e-04 1.700230903857137108e+10
2.650543045317089309e+03 2.801601075182148185e-04 1.699058266560811615e+10
2.657186010342946702e+03 2.799651189911145626e-04 1.697875739641511917e+10
2.663828975368804095e+03 2.797685121907727678e-04 1.696683398546479034e+10
2.670471940394661488e+03 2.795702994946899344e-04 1.695481318340270615e+10
2.677114905420518880e+03 2.793704932175418171e-04 1.694269573706437683e+10
2.683757870446376273e+03 2.791691056114545960e-04 1.693048238949193001e+10
2.690400835472233666e+03 2.789661488662802634e-04 1.691817387995081711e+10
2.697043800498091059e+03 2.787616351098741799e-04 1.690577094394664192e+10
2.703686765523948452e+03 2.785555764083607038e-04 1.689327431324126816e+10
2.710329730549805845e+03 2.783479847664126986e-04 1.688068471586978149e+10
2.716972695575663238e+03 2.781388721275141265e-04 1.686800287615640068e+10
2.723615660601520176e+03 2.779282503742399896e-04 1.685522951473146248e+10
2.730258625627378024e+03 2.777161313285143700e-04 1.684236534854707146e+10
2.736901590653235417e+03 2.775025267518827811e-04 1.682941109089361382e+10
2.743544555679092355e+03 2.772874483457812671e-04 1.681636745141608047e+10
2.750187520704949748e+03 2.770709077517933584e-04 1.680323513612964249e+10
2.756830485730807595e+03 2.768529165519222068e-04 1.679001484743616676e+10
2.763473450756664533e+03 2.766334862688481916e-04 1.677670728413983154e+10
2.770116415782521926e+03 2.764126283661958502e-04 1.676331314146331406e+10
2.776759380808379319e+03 2.761903542487888826e-04 1.674983311106325912e+10
2.783402345834237167e+03 2.759666752629144799e-04 1.673626788104630661e+10
2.790045310860094105e+03 2.757416026965798465e-04 1.672261813598465347e+10
2.796688275885951498e+03 2.755151477797711072e-04 1.670888455693174744e+10
2.803331240911808891e+03 2.752873216847083124e-04 1.669506782143775558e+10
2.809974205937666284e+03 2.750581355261019594e-04 1.668116860356512833e+10
2.816617170963523677e+03 2.748276003614086478e-04 1.666718757390409279e+10
2.823260135989381070e+03 2.745957271910813135e-04 1.665312539958783340e+10
2.829903101015238462e+03 2.743625269588250998e-04 1.663898274430801010e+10
2.836546066041095401e+03 2.741280105518473752e-04 1.662476026832992172e+10
2.843189031066953248e+03 2.738921888011057980e-04 1.661045862850754738e+10
2.849831996092810641e+03 2.736550724815637551e-04 1.659607847829903793e+10
2.856474961118667579e+03 2.734166723124299703e-04 1.658162046778125191e+10
2.863117926144524972e+03 2.731769989574143759e-04 1.656708524366526604e+10
2.869760891170382820e+03 2.729360630249681556e-04 1.655247344931093597e+10
2.876403856196240213e+03 2.726938750685320260e-04 1.653778572474195862e+10
2.883046821222097151e+03 2.724504455867801829e-04 1.652302270666065788e+10
2.889689786247954544e+03 2.722057850238625114e-04 1.650818502846267700e+10
2.896332751273811937e+03 2.719599037696480981e-04 1.649327332025175095e+10
2.902975716299669330e+03 2.717128121599646229e-04 1.647828820885421753e+10
2.909618681325526723e+03 2.714645204768412201e-04 1.646323031783375168e+10
2.916261646351384115e+03 2.712150389487452684e-04 1.644810026750572395e+10
2.922904611377241508e+03 2.709643777508215657e-04 1.643289867495170021e+10
2.929547576403098901e+03 2.707125470051317210e-04 1.641762615403397179e+10
2.936190541428956294e+03 2.704595567808850895e-04 1.640228331540954781e+10
2.942833506454813687e+03 2.702054170946820676e-04 1.638687076654491997e+10
2.949476471480671080e+03 2.699501379107391730e-04 1.637138911172970390e+10
2.956119436506528473e+03 2.696937291411310392e-04 1.635583895209132385e+10
2.962762401532385866e+03 2.694362006460167963e-04 1.634022088560873795e+10
2.969405366558243259e+03 2.691775622338736084e-04 1.632453550712659645e+10
2.976048331584100197e+03 2.689178236617317287e-04 1.630878340836950684e+10
2.982691296609957590e+03 2.686569946353924241e-04 1.629296517795524406e+10
2.989334261635815437e+03 2.683950848096723543e-04 1.627708140140956688e+10
2.995977226661672375e+03 2.681321037886156416e-04 1.626113266117909241e+10
3.002620191687529768e+03 2.678680611257326129e-04 1.624511953664575768e+10
3.009263156713387161e+03 2.676029663242190243e-04 1.622904260414013100e+10
3.015906121739245009e+03 2.673368288371837445e-04 1.621290243695520782e+10
3.022549086765101947e+03 2.670696580678721000e-04 1.619669960535996246e+10
3.029192051790959340e+03 2.668014633698864019e-04 1.618043467661271858e+10
3.035835016816816733e+03 2.665322540474131946e-04 1.616410821497493553e+10
3.042477981842674126e+03 2.662620393554411807e-04 1.614772078172441864e+10
3.049120946868531519e+03 2.659908284999817473e-04 1.613127293516869736e+10
3.055763911894388912e+03 2.657186306382873248e-04 1.611476523065826797e+10
3.062406876920246305e+03 2.654454548790716965e-04 1.609819822059995079e+10
3.069049841946103243e+03 2.651713102827305251e-04 1.608157245447027016e+10
3.075692806971961090e+03 2.648962058615486528e-04 1.606488847882801628e+10
3.082335771997818483e+03 2.646201505799269157e-04 1.604814683732801437e+10
3.088978737023675421e+03 2.643431533545885764e-04 1.603134807073363304e+10
3.095621702049532814e+03 2.640652230547978988e-04 1.601449271693004608e+10
3.102264667075390662e+03 2.637863685025743869e-04 1.599758131093721771e+10
3.108907632101248055e+03 2.635065984728983488e-04 1.598061438492238045e+10
3.115550597127104993e+03 2.632259216939296896e-04 1.596359246821329498e+10
3.122193562152962386e+03 2.629443468472152101e-04 1.594651608731082344e+10
3.128836527178820234e+03 2.626618825678965572e-04 1.592938576590154648e+10
3.135479492204677172e+03 2.623785374449225105e-04 1.591220202487062645e+10
3.142122457230534565e+03 2.620943200212551977e-04 1.589496538231432915e+10
3.148765422256391957e+03 2.618092387940760928e-04 1.587767635355249977e+10
3.155408387282249350e+03 2.615233022149933157e-04 1.586033545114114761e+10
3.162051352308106743e+03 2.612365186902480645e-04 1.584294318488496017e+10
3.168694317333964136e+03 2.609488965809156260e-04 1.582550006184949493e+10
3.175337282359821529e+03 2.606604442031139768e-04 1.580800658637382889e+10
3.181980247385678467e+03 2.603711698282015416e-04 1.579046326008255005e+10
3.188623212411536315e+03 2.600810816829821071e-04 1.577287058189818954e+10
3.195266177437393708e+03 2.597901879499058334e-04 1.575522904805340958e+10
3.201909142463251101e+03 2.594984967672683135e-04 1.573753915210307503e+10
3.208552107489108039e+03 2.592060162294113675e-04 1.571980138493643188e+10
3.215195072514965887e+03 2.589127543869190664e-04 1.570201623478899193e+10
3.221838037540823279e+03 2.586187192468198271e-04 1.568418418725479889e+10
3.228481002566680218e+03 2.583239187727778829e-04 1.566630572529802513e+10
3.235123967592537610e+03 2.580283608852960292e-04 1.564838132926527977e+10
3.241766932618395003e+03 2.577320534619047081e-04 1.563041147689707184e+10
3.248409897644252396e+03 2.574350043373599840e-04 1.561239664333981514e+10
3.255052862670109334e+03 2.571372213038365315e-04 1.559433730115753555e+10
3.261695827695967637e+03 2.568387121111206234e-04 1.557623392034357071e+10
3.268338792721825030e+03 2.565394844668020344e-04 1.555808696833221054e+10
3.274981757747681968e+03 2.562395460364650778e-04 1.553989691001028824e+10
3.281624722773539361e+03 2.559389044438805088e-04 1.552166420772880363e+10
3.288267687799396754e+03 2.556375672711915740e-04 1.550338932131422234e+10
3.294910652825254147e+03 2.553355420591098181e-04 1.548507270808034515e+10
3.301553617851111085e+03 2.550328363070957123e-04 1.546671482283925438e+10
3.308196582876968478e+03 2.547294574735490397e-04 1.544831611791287422e+10
3.314839547902826325e+03 2.544254129759981973e-04 1.542987704314444160e+10
3.321482512928683718e+03 2.541207101912829926e-04 1.541139804590958977e+10
3.328125477954541111e+03 2.538153564557387408e-04 1.539287957112752533e+10
3.334768442980398504e+03 2.535093590653820974e-04 1.537432206127228165e+10
3.341411408006255442e+03 2.532027252760964565e-04 1.535572595638398170e+10
3.348054373032112835e+03 2.528954623038123621e-04 1.533709169407975960e+10
3.354697338057970228e+03 2.525875773246864017e-04 1.531841970956462479e+10
3.361340303083827621e+03 2.522790774752909412e-04 1.529971043564296150e+10
3.367983268109685014e+03 2.519699698527865135e-04 1.528096430272898102e+10
3.374626233135542861e+03 2.516602615151056991e-04 1.526218173885788536e+10
3.381269198161400254e+03 2.513499594811294171e-04 1.524336316969654465e+10
3.387912163187257192e+03 2.510390707308677704e-04 1.522450901855447006e+10
3.394555128213114585e+03 2.507276022056376379e-04 1.520561970639458847e+10
3.401198093238971978e+03 2.504155608082348460e-04 1.518669565184367752e+10
3.407841058264829371e+03 2.501029534031171814e-04 1.516773727120346642e+10
3.414484023290686309e+03 2.497897868165743947e-04 1.514874497846094704e+10
3.421126988316543702e+03 2.494760678369021059e-04 1.512971918529892159e+10
3.427769953342401095e+03 2.491618032145826497e-04 1.511066030110696793e+10
3.434412918368258943e+03 2.488469996624470548e-04 1.509156873299126434e+10
3.441055883394116336e+03 2.485316638558606600e-04 1.507244488578584480e+10
3.447698848419973729e+03 2.482158024328814071e-04 1.505328916206219864e+10
3.454341813445831121e+03 2.478994219944413366e-04 1.503410196214028358e+10
3.460984778471688060e+03 2.475825291045098686e-04 1.501488368409841728e+10
3.467627743497545453e+03 2.472651302902679257e-04 1.499563472378384781e+10
3.474270708523402845e+03 2.469472320422733819e-04 1.497635547482278061e+10
3.480913673549260238e+03 2.466288408146297649e-04 1.495704632863060951e+10
3.487556638575117177e+03 2.463099630251570178e-04 1.493770767442228127e+10
3.494199603600975479e+03 2.459906050555529366e-04 1.491833989922207260e+10
3.500842568626832417e+03 2.456707732515633902e-04 1.489894338787392616e+10
3.507485533652689810e+03 2.453504739231437580e-04 1.487951852305123329e+10
3.514128498678547203e+03 2.450297133446282822e-04 1.486006568526710510e+10
3.520771463704404596e+03 2.447084977548895542e-04 1.484058525288405037e+10
3.527414428730261989e+03 2.443868333575040718e-04 1.482107760212401009e+10
3.534057393756118927e+03 2.440647263209131355e-04 1.480154310707811356e+10
3.540700358781976320e+03 2.437421827785888392e-04 1.478198213971675301e+10
3.547343323807834167e+03 2.434192088291878102e-04 1.476239506989890099e+10
3.553986288833691560e+03 2.430958105367196946e-04 1.474278226538232994e+10
3.560629253859548953e+03 2.427719939307004630e-04 1.472314409183291245e+10
3.567272218885406346e+03 2.424477650063175350e-04 1.470348091283462715e+10
3.573915183911263284e+03 2.421231297245817838e-04 1.468379308989878845e+10
3.580558148937120677e+03 2.417980940124920099e-04 1.466408098247401237e+10
3.587201113962978070e+03 2.414726637631846697e-04 1.464434494795529938e+10
3.593844078988835463e+03 2.411468448360988906e-04 1.462458534169404411e+10
3.600487044014692401e+03 2.408206430571248986e-04 1.460480251700703621e+10
3.607130009040550704e+03 2.404940642187632874e-04 1.458499682518611717e+10
3.613772974066408096e+03 2.401671140802786502e-04 1.456516861550749969e+10
3.620415939092265035e+03 2.398397983678525599e-04 1.454531823524104309e+10
3.627058904118122427e+03 2.395121227747385026e-04 1.452544602965965271e+10
3.633701869143979820e+03 2.391840929614110628e-04 1.450555234204832268e+10
3.640344834169837213e+03 2.388557145557245430e-04 1.448563751371376228e+10
3.646987799195694151e+03 2.385269931530558610e-04 1.446570188399305344e+10
3.653630764221551544e+03 2.381979343164613259e-04 1.444574579026316833e+10
3.660273729247408937e+03 2.378685435768247399e-04 1.442576956794994164e+10
3.666916694273266785e+03 2.375388264330056086e-04 1.440577355053706741e+10
3.673559659299124178e+03 2.372087883519908213e-04 1.438575806957528877e+10
3.680202624324981571e+03 2.368784347690397170e-04 1.436572345469120789e+10
3.686845589350838964e+03 2.365477710878327285e-04 1.434567003359628487e+10
3.693488554376695902e+03 2.362168026806202433e-04 1.432559813209588051e+10
3.700131519402553295e+03 2.358855348883653934e-04 1.430550807409790611e+10
3.706774484428410688e+03 2.355539730208924820e-04 1.428540018162182999e+10
3.713417449454268080e+03 2.352221223570307492e-04 1.426527477480739594e+10
3.720060414480125928e+03 2.348899881447588959e-04 1.424513217192338371e+10
3.726703379505983321e+03 2.345575756013489575e-04 1.422497268937633896e+10
3.733346344531840259e+03 2.342248899135109365e-04 1.420479664171934319e+10
3.739989309557697652e+03 2.338919362375334234e-04 1.418460434166054153e+10
3.746632274583555045e+03 2.335587196994256274e-04 1.416439610007175636e+10
3.753275239609412438e+03 2.332252453950613581e-04 1.414417222599721909e+10
3.759918204635269376e+03 2.328915183903150932e-04 1.412393302666182137e+10
3.766561169661126769e+03 2.325575437212086712e-04 1.410367880748001862e+10
3.773204134686984162e+03 2.322233263940463822e-04 1.408340987206400681e+10
3.779847099712842009e+03 2.318888713855532047e-04 1.406312652223212433e+10
3.786490064738699402e+03 2.315541836430164016e-04 1.404282905801742363e+10
3.793133029764556795e+03 2.312192680844236481e-04 1.402251777767606163e+10
3.799775994790414188e+03 2.308841295985959545e-04 1.400219297769535065e+10
3.806418959816271126e+03 2.305487730453296968e-04 1.398185495280237770e+10
3.813061924842128519e+03 2.302132032555287812e-04 1.396150399597201347e+10
3.819704889867985912e+03 2.298774250313423374e-04 1.394114039843527412e+10
3.826347854893843305e+03 2.295414431462980756e-04 1.392076444968739510e+10
3.832990819919700243e+03 2.292052623454395466e-04 1.390037643749616623e+10
3.839633784945558546e+03 2.288688873454566798e-04 1.387997664790984535e+10
3.846276749971415938e+03 2.285323228348216332e-04 1.385956536526539040e+10
3.852919714997272877e+03 2.281955734739179228e-04 1.383914287219630432e+10
3.859562680023130270e+03 2.278586438951785489e-04 1.381870944964099884e+10
3.866205645048987662e+03 2.275215387032116562e-04 1.379826537685041809e+10
3.872848610074845055e+03 2.271842624749342149e-04 1.377781093139615250e+10
3.879491575100701994e+03 2.268468197597039689e-04 1.375734638917843628e+10
3.886134540126559386e+03 2.265092150794444439e-04 1.373687202443372345e+10
3.892777505152417234e+03 2.261714529287805813e-04 1.371638810974292564e+10
3.899420470178274627e+03 2.258335377751634213e-04 1.369589491603896141e+10
3.906063435204132020e+03 2.254954740589996650e-04 1.367539271261462402e+10
3.912706400229989413e+03 2.251572661937780925e-04 1.365488176713023758e+10
3.919349365255846806e+03 2.248189185661992337e-04 1.363436234562153053e+10
3.925992330281703744e+03 2.244804355362998343e-04 1.361383471250717735e+10
3.932635295307561137e+03 2.241418214375805748e-04 1.359329913059655190e+10
3.939278260333418530e+03 2.238030805771294533e-04 1.357275586109720039e+10
3.945921225359275923e+03 2.234642172357502628e-04 1.355220516362264061e+10
3.952564190385133770e+03 2.231252356680827210e-04 1.353164729619964027e+10
3.959207155410991163e+03 2.227861401027305148e-04 1.351108251527599144e+10
3.965850120436848101e+03 2.224469347423827306e-04 1.349051107572786903e+10
3.972493085462705494e+03 2.221076237639366948e-04 1.346993323086728096e+10
3.979136050488562887e+03 2.217682113186207052e-04 1.344934923244950867e+10
3.985779015514420280e+03 2.214287015321165456e-04 1.342875933068054771e+10
3.992421980540277218e+03 2.210890985046796162e-04 1.340816377422437859e+10
3.999064945566134611e+03 2.207494063112601466e-04 1.338756281021032715e+10
4.005707910591992004e+03 2.204096290016254941e-04 1.336695668424048233e+10
4.012350875617849852e+03 2.200697706004761537e-04 1.334634564039672661e+10
4.018993840643707244e+03 2.197298351075695731e-04 1.332572992124824715e+10
4.025636805669564637e+03 2.193898264978330192e-04 1.330510976785837936e+10
4.032279770695422030e+03 2.190497487214902120e-04 1.328448541979228973e+10
4.038922735721278968e+03 2.187096057041698540e-04 1.326385711512355614e+10
4.045565700747136361e+03 2.183694013470302044e-04 1.324322509044172096e+10
4.052208665772993754e+03 2.180291395268719448e-04 1.322258958085914040e+10
4.058851630798851147e+03 2.176888240962561406e-04 1.320195082001813126e+10
4.065494595824708995e+03 2.173484588836185156e-04 1.318130904009790802e+10
4.072137560850566388e+03 2.170080476933865460e-04 1.316066447182168388e+10
4.078780525876423781e+03 2.166675943060943858e-04 1.314001734446363258e+10
4.085423490902280719e+03 2.163271024784929131e-04 1.311936788585557365e+10
4.092066455928138112e+03 2.159865759436707276e-04 1.309871632239430046e+10
4.098709420953995505e+03 2.156460184111609439e-04 1.307806287904806519e+10
4.105352385979852443e+03 2.153054335670579605e-04 1.305740777936364937e+10
4.111995351005710290e+03 2.149648250741280483e-04 1.303675124547308731e+10
4.118638316031567228e+03 2.146241965719231917e-04 1.301609349810054970e+10
4.125281281057425076e+03 2.142835516768882079e-04 1.299543475656886101e+10
4.131924246083282924e+03 2.139428939824772986e-04 1.297477523880654716e+10
4.138567211109139862e+03 2.136022270592606272e-04 1.295411516135431862e+10
4.145210176134996800e+03 2.132615544550363167e-04 1.293345473937184525e+10
4.151853141160854648e+03 2.129208796949363762e-04 1.291279418664419556e+10
4.158496106186711586e+03 2.125802062815430361e-04 1.289213371558887863e+10
4.165139071212568524e+03 2.122395376949881693e-04 1.287147353726188469e+10
4.171782036238426372e+03 2.118988773930688668e-04 1.285081386136468506e+10
4.178425001264283310e+03 2.115582288113515216e-04 1.283015489625055122e+10
4.185067966290141158e+03 2.112175953632794900e-04 1.280949684893108177e+10
4.191710931315999005e+03 2.108769804402796681e-04 1.278883992508266449e+10
4.198353896341855943e+03 2.105363874118701536e-04 1.276818432905300713e+10
4.204996861367713791e+03 2.101958196257646544e-04 1.274753026386746788e+10
4.211639826393570729e+03 2.098552804079771138e-04 1.272687793123540497e+10
4.218282791419427667e+03 2.095147730629293723e-04 1.270622753155669975e+10
4.224925756445285515e+03 2.091743008735538409e-04 1.268557926392798424e+10
4.231568721471142453e+03 2.088338671013957419e-04 1.266493332614884949e+10
4.238211686497000301e+03 2.084934749867209869e-04 1.264428991472837448e+10
4.244854651522858148e+03 2.081531277486158146e-04 1.262364922489118576e+10
4.251497616548715087e+03 2.078128285850897906e-04 1.260301145058368301e+10
4.258140581574572025e+03 2.074725806731801073e-04 1.258237678448038673e+10
4.264783546600429872e+03 2.071323871690516558e-04 1.256174541798999023e+10
4.271426511626286810e+03 2.067922512080989407e-04 1.254111754126154709e+10
4.278069476652144658e+03 2.064521759050453936e-04 1.252049334319049454e+10
4.284712441678001596e+03 2.061121643540470222e-04 1.249987301142493820e+10
4.291355406703858534e+03 2.057722196287892300e-04 1.247925673237152481e+10
4.297998371729716382e+03 2.054323447825901405e-04 1.245864469120170403e+10
4.304641336755574230e+03 2.050925428484949228e-04 1.243803707185746002e+10
4.311284301781431168e+03 2.047528168393794416e-04 1.241743405705757904e+10
4.317927266807289016e+03 2.044131697480441488e-04 1.239683582830336380e+10
4.324570231833145954e+03 2.040736045473159985e-04 1.237624256588480186e+10
4.331213196859002892e+03 2.037341241901437488e-04 1.235565444888634491e+10
4.337856161884860740e+03 2.033947316096936962e-04 1.233507165519272041e+10
4.344499126910717678e+03 2.030554297194512659e-04 1.231449436149509430e+10
4.351142091936575525e+03 2.027162214133112171e-04 1.229392274329652977e+10
4.357785056962433373e+03 2.023771095656764140e-04 1.227335697491799164e+10
4.364428021988290311e+03 2.020380970315545366e-04 1.225279722950419998e+10
4.371070987014147249e+03 2.016991866466508881e-04 1.223224367902926445e+10
4.377713952040005097e+03 2.013603812274639138e-04 1.221169649430248260e+10
4.384356917065862035e+03 2.010216835713774658e-04 1.219115584497391701e+10
4.390999882091719883e+03 2.006830964567584905e-04 1.217062189954034233e+10
4.397642847117576821e+03 2.003446226430471251e-04 1.215009482535069275e+10
4.404285812143433759e+03 2.000062648708497226e-04 1.212957478861171150e+10
4.410928777169292516e+03 1.996680258620339363e-04 1.210906195439371109e+10
4.417571742195149454e+03 1.993299083198183828e-04 1.208855648663602257e+10
4.424214707221006393e+03 1.989919149288657757e-04 1.206805854815262794e+10
4.430857672246864240e+03 1.986540483553723719e-04 1.204756830063759804e+10
4.437500637272721178e+03 1.983163112471609960e-04 1.202708590467072868e+10
4.444143602298578116e+03 1.979787062337722220e-04 1.200661151972307014e+10
4.450786567324435964e+03 1.976412359265514347e-04 1.198614530416220474e+10
4.457429532350292902e+03 1.973039029187408783e-04 1.196568741525783539e+10
4.464072497376150750e+03 1.969667097855693199e-04 1.194523800918722153e+10
4.470715462402008598e+03 1.966296590843390028e-04 1.192479724104044914e+10
4.477358427427865536e+03 1.962927533545166109e-04 1.190436526482594681e+10
4.484001392453722474e+03 1.959559951178190288e-04 1.188394223347569466e+10
4.490644357479580322e+03 1.956193868783052828e-04 1.186352829885079002e+10
4.497287322505437260e+03 1.952829311224583975e-04 1.184312361174641800e+10
4.503930287531295107e+03 1.949466303192761438e-04 1.182272832189735603e+10
4.510573252557152045e+03 1.946104869203583174e-04 1.180234257798326111e+10
4.517216217583008984e+03 1.942745033599906556e-04 1.178196652763376236e+10
4.523859182608866831e+03 1.939386820552310318e-04 1.176160031743368912e+10
4.530502147634724679e+03 1.936030254059974923e-04 1.174124409292841339e+10
4.537145112660581617e+03 1.932675357951515235e-04 1.172089799862888527e+10
4.543788077686439465e+03 1.929322155885816433e-04 1.170056217801672363e+10
4.550431042712296403e+03 1.925970671352910052e-04 1.168023677354951286e+10
4.557074007738153341e+03 1.922620927674797975e-04 1.165992192666580200e+10
4.563716972764011189e+03 1.919272948006281844e-04 1.163961777779014587e+10
4.570359937789868127e+03 1.915926755335810912e-04 1.161932446633823204e+10
4.577002902815725975e+03 1.912582372486306033e-04 1.159904213072188759e+10
4.583645867841583822e+03 1.909239822115992328e-04 1.157877090835412788e+10
4.590288832867440760e+03 1.905899126719202584e-04 1.155851093565402412e+10
4.596931797893298608e+03 1.902560308627220757e-04 1.153826234805182266e+10
4.603574762919155546e+03 1.899223390009089707e-04 1.151802527999384499e+10
4.610217727945012484e+03 1.895888392872407003e-04 1.149779986494731140e+10
4.616860692970870332e+03 1.892555339064159754e-04 1.147758623540540314e+10
4.623503657996727270e+03 1.889224250271514995e-04 1.145738452289205742e+10
4.630146623022584208e+03 1.885895148022620916e-04 1.143719485796682549e+10
4.636789588048442056e+03 1.882568053687398322e-04 1.141701737022967529e+10
4.643432553074299904e+03 1.879242988478348371e-04 1.139685218832588577e+10
4.650075518100156842e+03 1.875919973451359215e-04 1.137669943995094109e+10
4.656718483126014689e+03 1.872599029506445429e-04 1.135655925185501862e+10
4.663361448151871627e+03 1.869280177388566583e-04 1.133643174984794426e+10
4.670004413177729475e+03 1.865963437688406782e-04 1.131631705880393028e+10
4.676647378203586413e+03 1.862648830843144452e-04 1.129621530266623306e+10
4.683290343229443351e+03 1.859336377137234047e-04 1.127612660445190430e+10
4.689933308255301199e+03 1.856026096703146562e-04 1.125605108625627708e+10
4.696576273281158137e+03 1.852718009522191355e-04 1.123598886925794792e+10
4.703219238307015985e+03 1.849412135425230639e-04 1.121594007372311211e+10
4.709862203332873833e+03 1.846108494093463359e-04 1.119590481901031876e+10
4.716505168358730771e+03 1.842807105059162450e-04 1.117588322357493782e+10
4.723148133384587709e+03 1.839507987706470640e-04 1.115587540497399521e+10
4.729791098410445557e+03 1.836211161272104098e-04 1.113588147987042809e+10
4.736434063436302495e+03 1.832916644846110292e-04 1.111590156403768730e+10
4.743077028462160342e+03 1.829624457372645363e-04 1.109593577236445808e+10
4.749719993488017280e+03 1.826334617650671264e-04 1.107598421885887146e+10
4.756362958513875128e+03 1.823047144334710365e-04 1.105604701665310097e+10
4.763005923539732066e+03 1.819762055935577293e-04 1.103612427800778008e+10
4.769648888565589914e+03 1.816479370821137869e-04 1.101621611431662369e+10
4.776291853591446852e+03 1.813199107216982402e-04 1.099632263611050034e+10
4.782934818617304700e+03 1.809921283207178121e-04 1.097644395306199646e+10
4.789577783643161638e+03 1.806645916735021614e-04 1.095658017398998260e+10
4.796220748669018576e+03 1.803373025603692602e-04 1.093673140686357498e+10
4.802863713694876424e+03 1.800102627477018300e-04 1.091689775880677795e+10
4.809506678720733362e+03 1.796834739880168392e-04 1.089707933610268593e+10
4.816149643746591209e+03 1.793569380200363012e-04 1.087727624419779396e+10
4.822792608772449057e+03 1.790306565687581819e-04 1.085748858770628357e+10
4.829435573798305995e+03 1.787046313455253541e-04 1.083771647041420746e+10
4.836078538824162933e+03 1.783788640480982938e-04 1.081795999528390503e+10
4.842721503850020781e+03 1.780533563607214877e-04 1.079821926445802498e+10
4.849364468875877719e+03 1.777281099541947731e-04 1.077849437926385307e+10
4.856007433901735567e+03 1.774031264859421311e-04 1.075878544021747589e+10
4.862650398927592505e+03 1.770784076000797200e-04 1.073909254702792549e+10
4.869293363953449443e+03 1.767539549274832586e-04 1.071941579860124397e+10
4.875936328979307291e+03 1.764297700858605050e-04 1.069975529304489899e+10
4.882579294005165139e+03 1.761058546798133814e-04 1.068011112767153358e+10
4.889222259031022077e+03 1.757822103009088811e-04 1.066048339900327873e+10
4.895865224056879924e+03 1.754588385277446624e-04 1.064087220277573013e+10
4.902508189082736862e+03 1.751357409260180585e-04 1.062127763394212532e+10
4.909151154108593801e+03 1.748129190485910749e-04 1.060169978667729568e+10
4.915794119134451648e+03 1.744903744355556048e-04 1.058213875438161278e+10
4.922437084160308586e+03 1.741681086143015162e-04 1.056259462968512535e+10
4.929080049186166434e+03 1.738461230995827890e-04 1.054306750445156097e+10
4.935723014212024282e+03 1.735244193935800731e-04 1.052355746978213120e+10
4.942365979237881220e+03 1.732029989859675836e-04 1.050406461601957893e+10
4.949008944263738158e+03 1.728818633539789119e-04 1.048458903275217438e+10
4.955651909289596006e+03 1.725610139624698556e-04 1.046513080881752586e+10
4.962294874315452944e+03 1.722404522639836870e-04 1.044569003230653381e+10
4.968937839341310791e+03 1.719201796988137658e-04 1.042626679056719398e+10
4.975580804367167730e+03 1.716001976950699468e-04 1.040686117020861816e+10
4.982223769393024668e+03 1.712805076687392409e-04 1.038747325710471725e+10
4.988866734418883425e+03 1.709611110237498912e-04 1.036810313639809036e+10
4.995509699444740363e+03 1.706420091520343654e-04 1.034875089250383759e+10
5.002152664470597301e+03 1.703232034335928360e-04 1.032941660911341095e+10
5.008795629496455149e+03 1.700046952365540033e-04 1.031010036919831085e+10
5.015438594522312087e+03 1.696864859172367334e-04 1.029080225501381493e+10
5.022081559548169025e+03 1.693685768202145129e-04 1.027152234810289383e+10
5.028724524574026873e+03 1.690509692783738883e-04 1.025226072929975128e+10
5.035367489599883811e+03 1.687336646129764819e-04 1.023301747873358154e+10
5.042010454625741659e+03 1.684166641337222006e-04 1.021379267583241463e+10
5.048653419651599506e+03 1.680999691388058862e-04 1.019458639932654190e+10
5.055296384677456444e+03 1.677835809149814451e-04 1.017539872725240707e+10
5.061939349703314292e+03 1.674675007376187153e-04 1.015622973695605469e+10
5.068582314729171230e+03 1.671517298707668919e-04 1.013707950509698105e+10
5.075225279755028168e+03 1.668362695672099844e-04 1.011794810765149498e+10
5.081868244780886016e+03 1.665211210685297000e-04 1.009883561991652489e+10
5.088511209806742954e+03 1.662062856051629606e-04 1.007974211651311874e+10
5.095154174832599892e+03 1.658917643964599622e-04 1.006066767138995743e+10
5.101797139858457740e+03 1.655775586507434805e-04 1.004161235782695198e+10
5.108440104884315588e+03 1.652636695653681765e-04 1.002257624843884277e+10
5.115083069910172526e+03 1.649500983267769756e-04 1.000355941517861557e+10
5.121726034936030374e+03 1.646368461105584212e-04 9.984561929340986252e+09
5.128368999961887312e+03 1.643239140815061440e-04 9.965583861565996170e+09
5.135011964987744250e+03 1.640113033936750771e-04 9.946625281842432022e+09
5.141654930013602097e+03 1.636990151904381603e-04 9.927686259511259079e+09
5.148297895039459036e+03 1.633870506045415798e-04 9.908766863268974304e+09
5.154940860065316883e+03 1.630754107581657551e-04 9.889867161171302795e+09
5.161583825091174731e+03 1.627640967629766754e-04 9.870987220636312485e+09
5.168226790117031669e+03 1.624531097201843926e-04 9.852127108447956085e+09
5.174869755142889517e+03 1.621424507205972317e-04 9.833286890759370804e+09
5.181512720168746455e+03 1.618321208446796321e-04 9.814466633096372604e+09
5.188155685194603393e+03 1.615221211626052204e-04 9.795666400360685349e+09
5.194798650220461241e+03 1.612124527343119953e-04 9.776886256833282471e+09
5.201441615246318179e+03 1.609031166095563760e-04 9.758126266177661896e+09
5.208084580272175117e+03 1.605941138279715313e-04 9.739386491443391800e+09
5.214727545298032965e+03 1.602854454191164407e-04 9.720666995069080353e+09
5.221370510323890812e+03 1.599771124025320011e-04 9.701967838885776520e+09
5.228013475349747750e+03 1.596691157877967011e-04 9.683289084120351791e+09
5.234656440375605598e+03 1.593614565745769276e-04 9.664630791398550034e+09
5.241299405401462536e+03 1.590541357526811762e-04 9.645993020748270035e+09
5.247942370427320384e+03 1.587471543021140986e-04 9.627375831602848053e+09
5.254585335453177322e+03 1.584405131931285442e-04 9.608779282804214478e+09
5.261228300479034260e+03 1.581342133862787404e-04 9.590203432606117249e+09
5.267871265504892108e+03 1.578282558324698944e-04 9.571648338677125931e+09
5.274514230530749046e+03 1.575226414730149520e-04 9.553114058104085922e+09
5.281157195556606894e+03 1.572173712396812716e-04 9.534600647394931793e+09
5.287800160582464741e+03 1.569124460547467324e-04 9.516108162482105255e+09
5.294443125608321679e+03 1.566078668310471136e-04 9.497636658725423813e+09
5.301086090634178618e+03 1.563036344720308466e-04 9.479186190915395737e+09
5.307729055660036465e+03 1.559997498718073707e-04 9.460756813276159286e+09
5.314372020685893403e+03 1.556962139151976026e-04 9.442348579468542099e+09
5.321014985711751251e+03 1.553930274777876042e-04 9.423961542593311310e+09
5.327657950737608189e+03 1.550901914259739025e-04 9.405595755193931580e+09
5.334300915763466037e+03 1.547877066170181876e-04 9.387251269259870529e+09
5.340943880789322975e+03 1.544855738990933910e-04 9.368928136229404449e+09
5.347586845815180823e+03 1.541837941113358363e-04 9.350626406992771149e+09
5.354229810841037761e+03 1.538823680838923469e-04 9.332346131895034790e+09
5.360872775866895608e+03 1.535812966379711503e-04 9.314087360739166260e+09
5.367515740892752547e+03 1.532805805858902326e-04 9.295850142788984299e+09
5.374158705918609485e+03 1.529802207311243395e-04 9.277634526771995544e+09
5.380801670944467332e+03 1.526802178683551200e-04 9.259440560882444382e+09
5.387444635970324271e+03 1.523805727835201868e-04 9.241268292784282684e+09
5.394087600996182118e+03 1.520812862538585986e-04 9.223117769613927841e+09
5.400730566022039966e+03 1.517823590479595950e-04 9.204989037983226776e+09
5.407373531047896904e+03 1.514837919258106265e-04 9.186882143982355118e+09
5.414016496073753842e+03 1.511855856388450055e-04 9.168797133182722092e+09
5.420659461099611690e+03 1.508877409299872797e-04 9.150734050639707565e+09
5.427302426125468628e+03 1.505902585337014253e-04 9.132692940895597458e+09
5.433945391151326476e+03 1.502931391760377387e-04 9.114673847982418060e+09
5.440588356177183414e+03 1.499963835746785353e-04 9.096676815424711227e+09
5.447231321203040352e+03 1.496999924389841199e-04 9.078701886242324829e+09
5.453874286228898200e+03 1.494039664700401123e-04 9.060749102953281403e+09
5.460517251254756047e+03 1.491083063607026040e-04 9.042818507576511383e+09
5.467160216280612985e+03 1.488130127956430984e-04 9.024910141634584427e+09
5.473803181306470833e+03 1.485180864513939935e-04 9.007024046156467438e+09
5.480446146332327771e+03 1.482235279963957982e-04 8.989160261680389404e+09
5.487089111358184709e+03 1.479293380910395254e-04 8.971318828256401062e+09
5.493732076384042557e+03 1.476355173877124446e-04 8.953499785449169159e+09
5.500375041409899495e+03 1.473420665308431852e-04 8.935703172340694427e+09
5.507018006435757343e+03 1.470489861569459177e-04 8.917929027532995224e+09
5.513660971461615190e+03 1.467562768946635045e-04 8.900177389150735855e+09
5.520303936487472129e+03 1.464639393648128744e-04 8.882448294843959808e+09
5.526946901513329067e+03 1.461719741804277939e-04 8.864741781790699005e+09
5.533589866539186914e+03 1.458803819468029945e-04 8.847057886699642181e+09
5.540232831565043853e+03 1.455891632615377573e-04 8.829396645812778473e+09
5.546875796590901700e+03 1.452983187145776012e-04 8.811758094907930374e+09
5.553518761616758638e+03 1.450078488882593306e-04 8.794142269301479340e+09
5.560161726642615577e+03 1.447177543573525613e-04 8.776549203850889206e+09
5.566804691668474334e+03 1.444280356891020035e-04 8.758978932957267761e+09
5.573447656694331272e+03 1.441386934432707764e-04 8.741431490567996979e+09
5.580090621720188210e+03 1.438497281721825291e-04 8.723906910179279327e+09
5.586733586746046058e+03 1.435611404207630740e-04 8.706405224838672638e+09
5.593376551771902996e+03 1.432729307265807189e-04 8.688926467147531509e+09
5.600019516797759934e+03 1.429850996198919126e-04 8.671470669263774872e+09
5.606662481823617782e+03 1.426976476236778359e-04 8.654037862904104233e+09
5.613305446849474720e+03 1.424105752536886376e-04 8.636628079346691132e+09
5.619948411875332567e+03 1.421238830184849591e-04 8.619241349433692932e+09
5.626591376901190415e+03 1.418375714194753398e-04 8.601877703573514938e+09
5.633234341927047353e+03 1.415516409509607232e-04 8.584537171743522644e+09
5.639877306952905201e+03 1.412660921001722956e-04 8.567219783492325783e+09
5.646520271978762139e+03 1.409809253473140954e-04 8.549925567942364693e+09
5.653163237004619077e+03 1.406961411656001471e-04 8.532654553792165756e+09
5.659806202030476925e+03 1.404117400212966365e-04 8.515406769318895340e+09
5.666449167056333863e+03 1.401277223737615926e-04 8.498182242380769730e+09
5.673092132082190801e+03 1.398440886754831599e-04 8.480981000419372559e+09
5.679735097108049558e+03 1.395608393721197685e-04 8.463803070462093353e+09
5.686378062133906496e+03 1.392779749025385683e-04 8.446648479124458313e+09
5.693021027159763435e+03 1.389954956988566294e-04 8.429517252612628937e+09
5.699663992185621282e+03 1.387134021864769372e-04 8.412409416725582123e+09
5.706306957211478220e+03 1.384316947841278032e-04 8.395324996857505798e+09
5.712949922237335159e+03 1.381503739039030348e-04 8.378264018000228882e+09
5.719592887263193006e+03 1.378694399512985272e-04 8.361226504745446205e+09
5.726235852289049944e+03 1.375888933252498851e-04 8.344212481286995888e+09
5.732878817314907792e+03 1.373087344181726462e-04 8.327221971423300743e+09
5.739521782340765640e+03 1.370289636159973561e-04 8.310254998559494019e+09
5.746164747366622578e+03 1.367495812982096829e-04 8.293311585709854126e+09
5.752807712392480425e+03 1.364705878378847867e-04 8.276391755499886513e+09
5.759450677418337364e+03 1.361919836017283568e-04 8.259495530168817520e+09
5.766093642444194302e+03 1.359137689501102217e-04 8.242622931571624756e+09
5.772736607470052149e+03 1.356359442371026761e-04 8.225773981181366920e+09
5.779379572495909088e+03 1.353585098105177225e-04 8.208948700091443062e+09
5.786022537521766026e+03 1.350814660119425796e-04 8.192147109017742157e+09
5.792665502547623873e+03 1.348048131767768699e-04 8.175369228300902367e+09
5.799308467573481721e+03 1.345285516342677483e-04 8.158615077908435822e+09
5.805951432599338659e+03 1.342526817075470895e-04 8.141884677436991692e+09
5.812594397625196507e+03 1.339772037136665629e-04 8.125178046114477158e+09
5.819237362651053445e+03 1.337021179636343322e-04 8.108495202802284241e+09
5.825880327676911293e+03 1.334274247624487740e-04 8.091836165997337341e+09
5.832523292702768231e+03 1.331531244091357750e-04 8.075200953834353447e+09
5.839166257728625169e+03 1.328792171967827212e-04 8.058589584087901115e+09
5.845809222754483017e+03 1.326057034125736802e-04 8.042002074174538612e+09
5.852452187780340864e+03 1.323325833378250719e-04 8.025438441154974937e+09
5.859095152806197802e+03 1.320598572480192784e-04 8.008898701736106873e+09
5.865738117832055650e+03 1.317875254128399350e-04 7.992382872273160934e+09
5.872381082857912588e+03 1.315155880962054318e-04 7.975890968771725655e+09
5.879024047883769526e+03 1.312440455563049636e-04 7.959423006889935493e+09
5.885667012909627374e+03 1.309728980456303514e-04 7.942979001940403938e+09
5.892309977935484312e+03 1.307021458110104112e-04 7.926558968892304420e+09
5.898952942961342160e+03 1.304317890936472751e-04 7.910162922373575211e+09
5.905595907987199098e+03 1.301618281291461524e-04 7.893790876672723770e+09
5.912238873013056946e+03 1.298922631475511085e-04 7.877442845740996361e+09
5.918881838038913884e+03 1.296230943733772114e-04 7.861118843194329262e+09
5.925524803064771731e+03 1.293543220256457684e-04 7.844818882315481186e+09
5.932167768090628670e+03 1.290859463179135991e-04 7.828542976055814743e+09
5.938810733116486517e+03 1.288179674583091400e-04 7.812291137037482262e+09
5.945453698142343455e+03 1.285503856495638858e-04 7.796063377555331230e+09
5.952096663168200394e+03 1.282832010890446448e-04 7.779859709578864098e+09
5.958739628194058241e+03 1.280164139687852516e-04 7.763680144754160881e+09
5.965382593219915179e+03 1.277500244755209904e-04 7.747524694405964851e+09
5.972025558245773027e+03 1.274840327907185737e-04 7.731393369539500237e+09
5.978668523271630875e+03 1.272184390906084509e-04 7.715286180842435837e+09
5.985311488297487813e+03 1.269532435462168468e-04 7.699203138686822891e+09
5.991954453323344751e+03 1.266884463233976374e-04 7.683144253131031990e+09
5.998597418349202599e+03 1.264240475828630863e-04 7.667109533921613693e+09
6.005240383375059537e+03 1.261600474802148535e-04 7.651098990495182991e+09
6.011883348400917384e+03 1.258964461659773347e-04 7.635112631980439186e+09
6.018526313426774323e+03 1.256332437856250909e-04 7.619150467199827194e+09
6.025169278452632170e+03 1.253704404796169474e-04 7.603212504671610832e+09
6.031812243478490018e+03 1.251080363834244534e-04 7.587298752611592293e+09
6.038455208504346956e+03 1.248460316275642459e-04 7.571409218935082436e+09
6.045098173530203894e+03 1.245844263376267810e-04 7.555543911258636475e+09
6.051741138556061742e+03 1.243232206343076671e-04 7.539702836901955605e+09
6.058384103581918680e+03 1.240624146334372096e-04 7.523886002889681816e+09
6.065027068607775618e+03 1.238020084460110938e-04 7.508093415953258514e+09
6.071670033633633466e+03 1.235420021782194415e-04 7.492325082532687187e+09
6.078312998659490404e+03 1.232823959314763556e-04 7.476581008778325081e+09
6.084955963685348252e+03 1.230231898024511448e-04 7.460861200552778244e+09
6.091598928711206099e+03 1.227643838830953208e-04 7.445165663432533264e+09
6.098241893737063037e+03 1.225059782606738768e-04 7.429494402709862709e+09
6.104884858762919976e+03 1.222479730177922848e-04 7.413847423394454956e+09
6.111527823788777823e+03 1.219903682324285335e-04 7.398224730215360641e+09
6.118170788814634761e+03 1.217331639779590949e-04 7.382626327622568130e+09
6.124813753840492609e+03 1.214763603231886857e-04 7.367052219788806915e+09
6.131456718866349547e+03 1.212199573323800286e-04 7.351502410611351013e+09
6.138099683892206485e+03 1.209639550652799275e-04 7.335976903713604927e+09
6.144742648918065242e+03 1.207083535771489744e-04 7.320475702446900368e+09
6.151385613943922181e+03 1.204531529187902812e-04 7.304998809892241478e+09
6.158028578969779119e+03 1.201983531365766926e-04 7.289546228861955643e+09
6.164671543995636966e+03 1.199439542724782439e-04 7.274117961901355743e+09
6.171314509021493905e+03 1.196899563640902147e-04 7.258714011290443420e+09
6.177957474047350843e+03 1.194363594446625648e-04 7.243334379045696259e+09
6.184600439073208690e+03 1.191831635431240578e-04 7.227979066921525955e+09
6.191243404099065629e+03 1.189303686841124564e-04 7.212648076412115097e+09
6.197886369124923476e+03 1.186779748880004615e-04 7.197341408752985001e+09
6.204529334150781324e+03 1.184259821709234678e-04 7.182059064922682762e+09
6.211172299176638262e+03 1.181743905448055581e-04 7.166801045644354820e+09
6.217815264202496110e+03 1.179232000173874209e-04 7.151567351387445450e+09
6.224458229228353048e+03 1.176724105922524798e-04 7.136357982369272232e+09
6.231101194254209986e+03 1.174220222688537277e-04 7.121172938556662560e+09
6.237744159280067834e+03 1.171720350425396392e-04 7.106012219667519569e+09
6.244387124305924772e+03 1.169224489045816550e-04 7.090875825172492027e+09
6.251030089331781710e+03 1.166732638421991185e-04 7.075763754296484947e+09
6.257673054357640467e+03 1.164244798385859203e-04 7.060676006020274162e+09
6.264316019383497405e+03 1.161760968729366815e-04 7.045612579082097054e+09
6.270958984409354343e+03 1.159281149204724221e-04 7.030573471979209900e+09
6.277601949435212191e+03 1.156805339524658504e-04 7.015558682969416618e+09
6.284244914461069129e+03 1.154333539362672480e-04 7.000568210072644234e+09
6.290887879486926977e+03 1.151865748353302467e-04 6.985602051072502136e+09
6.297530844512783915e+03 1.149401966092368737e-04 6.970660203517802238e+09
6.304173809538640853e+03 1.146942192137219462e-04 6.955742664724040985e+09
6.310816774564498701e+03 1.144486426007005828e-04 6.940849431775062561e+09
6.317459739590356548e+03 1.142034667182897250e-04 6.925980501524369240e+09
6.324102704616213487e+03 1.139586915108360015e-04 6.911135870596808434e+09
6.330745669642071334e+03 1.137143169189387128e-04 6.896315535389965057e+09
6.337388634667928272e+03 1.134703428794753917e-04 6.881519492075716972e+09
6.344031599693785211e+03 1.132267693256252758e-04 6.866747736601654053e+09
6.350674564719643058e+03 1.129835961868950306e-04 6.852000264692638397e+09
6.357317529745499996e+03 1.127408233891414907e-04 6.837277071852186203e+09
6.363960494771356935e+03 1.124984508545969484e-04 6.822578153363999367e+09
6.370603459797215692e+03 1.122564785018927082e-04 6.807903504293393135e+09
6.377246424823072630e+03 1.120149062460829936e-04 6.793253119488748550e+09
6.383889389848929568e+03 1.117737339986686910e-04 6.778626993582950592e+09
6.390532354874787416e+03 1.115329616676211479e-04 6.764025120994832993e+09
6.397175319900644354e+03 1.112925891574059441e-04 6.749447495930616379e+09
6.403818284926502201e+03 1.110526163690049009e-04 6.734894112385247231e+09
6.410461249952359140e+03 1.108130431999424274e-04 6.720364964143993378e+09
6.417104214978216078e+03 1.105738695443051714e-04 6.705860044783637047e+09
6.423747180004073925e+03 1.103350952927671462e-04 6.691379347673996925e+09
6.430390145029931773e+03 1.100967203326128779e-04 6.676922865979332924e+09
6.437033110055788711e+03 1.098587445477594419e-04 6.662490592659683228e+09
6.443676075081646559e+03 1.096211678187793939e-04 6.648082520472254753e+09
6.450319040107503497e+03 1.093839900229231588e-04 6.633698641972778320e+09
6.456962005133360435e+03 1.091472110341429910e-04 6.619338949516967773e+09
6.463604970159218283e+03 1.089108307231131142e-04 6.605003435261734009e+09
6.470247935185075221e+03 1.086748489572538444e-04 6.590692091166652679e+09
6.476890900210933069e+03 1.084392656007533825e-04 6.576404908995285034e+09
6.483533865236790007e+03 1.082040805145890918e-04 6.562141880316469193e+09
6.490176830262647854e+03 1.079692935565507270e-04 6.547902996505724907e+09
6.496819795288504793e+03 1.077349045812611966e-04 6.533688248746517181e+09
6.503462760314362640e+03 1.075009134401991144e-04 6.519497628031621933e+09
6.510105725340218669e+03 1.072673199817198602e-04 6.505331125164402962e+09
6.516748690366077426e+03 1.070341240510781582e-04 6.491188730760183334e+09
6.523391655391935274e+03 1.068013254904476739e-04 6.477070435247429848e+09
6.530034620417791302e+03 1.065689241389447040e-04 6.462976228869194984e+09
6.536677585443650059e+03 1.063369198326469332e-04 6.448906101684248924e+09
6.543320550469506088e+03 1.061053124046166900e-04 6.434860043568495750e+09
6.549963515495363936e+03 1.058741016849208693e-04 6.420838044216174126e+09
6.556606480521220874e+03 1.056432875006521556e-04 6.406840093141153336e+09
6.563249445547078722e+03 1.054128696759499477e-04 6.392866179678195953e+09
6.569892410572935660e+03 1.051828480320202543e-04 6.378916292984165192e+09
6.576535375598793507e+03 1.049532223871575676e-04 6.364990422039354324e+09
6.583178340624651355e+03 1.047239925567643518e-04 6.351088555648665428e+09
6.589821305650508293e+03 1.044951583533724560e-04 6.337210682442910194e+09
6.596464270676366141e+03 1.042667195866621964e-04 6.323356790879965782e+09
6.603107235702222169e+03 1.040386760634837691e-04 6.309526869246073723e+09
6.609750200728080927e+03 1.038110275878757359e-04 6.295720905656962395e+09
6.616393165753936955e+03 1.035837739610878465e-04 6.281938888059228897e+09
6.623036130779794803e+03 1.033569149815975188e-04 6.268180804231340408e+09
6.629679095805652651e+03 1.031304504451320374e-04 6.254446641784978867e+09
6.636322060831509589e+03 1.029043801446874191e-04 6.240736388166185379e+09
